Episodio,Puntaje
1,[125.]
2,[476.]
3,[307.]
4,[536.]
5,[192.]
6,[270.]
7,[376.]
8,[325.]
9,[477.]
10,[167.]
11,[316.]
12,[258.]
13,[266.]
14,[501.]
15,[152.]
16,[504.]
17,[1002.]
18,[634.]
19,[857.]
20,[250.]
21,[358.]
22,[217.]
23,[216.]
24,[132.]
25,[729.]
26,[596.]
27,[165.]
28,[192.]
29,[273.]
30,[353.]
31,[335.]
32,[575.]
33,[561.]
34,[235.]
35,[155.]
36,[512.]
37,[249.]
38,[468.]
39,[259.]
40,[128.]
41,[367.]
42,[140.]
43,[470.]
44,[146.]
45,[181.]
46,[193.]
47,[853.]
48,[247.]
49,[810.]
50,[192.]
51,[570.]
52,[724.]
53,[196.]
54,[147.]
55,[891.]
56,[520.]
57,[119.]
58,[603.]
59,[1048.]
60,[202.]
61,[284.]
62,[154.]
63,[269.]
64,[590.]
65,[163.]
66,[227.]
67,[154.]
68,[235.]
69,[232.]
70,[527.]
71,[574.]
72,[226.]
73,[516.]
74,[547.]
75,[844.]
76,[199.]
77,[527.]
78,[454.]
79,[775.]
80,[132.]
81,[305.]
82,[267.]
83,[356.]
84,[351.]
85,[379.]
86,[237.]
87,[405.]
88,[416.]
89,[404.]
90,[427.]
91,[464.]
92,[650.]
93,[550.]
94,[148.]
95,[153.]
96,[333.]
97,[227.]
98,[167.]
99,[270.]
100,[276.]
101,[205.]
102,[275.]
103,[247.]
104,[144.]
105,[503.]
106,[334.]
107,[416.]
108,[354.]
109,[336.]
110,[266.]
111,[172.]
112,[286.]
113,[1064.]
114,[278.]
115,[271.]
116,[104.]
117,[315.]
118,[266.]
119,[125.]
120,[353.]
121,[238.]
122,[331.]
123,[483.]
124,[332.]
125,[737.]
126,[669.]
127,[243.]
128,[768.]
129,[422.]
130,[572.]
131,[499.]
132,[379.]
133,[239.]
134,[104.]
135,[207.]
136,[247.]
137,[333.]
138,[280.]
139,[256.]
140,[125.]
141,[314.]
142,[663.]
143,[331.]
144,[449.]
145,[235.]
146,[256.]
147,[149.]
148,[991.]
149,[399.]
150,[163.]
151,[793.]
152,[395.]
153,[482.]
154,[195.]
155,[299.]
156,[185.]
157,[622.]
158,[212.]
159,[403.]
160,[183.]
161,[553.]
162,[570.]
163,[173.]
164,[119.]
165,[191.]
166,[575.]
167,[647.]
168,[521.]
169,[422.]
170,[286.]
171,[229.]
172,[241.]
173,[136.]
174,[354.]
175,[668.]
176,[136.]
177,[616.]
178,[143.]
179,[604.]
180,[146.]
181,[763.]
182,[374.]
183,[418.]
184,[443.]
185,[150.]
186,[631.]
187,[533.]
188,[236.]
189,[446.]
190,[173.]
191,[588.]
192,[607.]
193,[518.]
194,[104.]
195,[511.]
196,[366.]
197,[643.]
198,[430.]
199,[228.]
200,[235.]
201,[431.]
202,[501.]
203,[126.]
204,[134.]
205,[347.]
206,[384.]
207,[514.]
208,[243.]
209,[1196.]
210,[278.]
211,[344.]
212,[326.]
213,[357.]
214,[441.]
215,[139.]
216,[1108.]
217,[499.]
218,[477.]
219,[438.]
220,[747.]
221,[104.]
222,[293.]
223,[240.]
224,[582.]
225,[571.]
226,[172.]
227,[271.]
228,[132.]
229,[521.]
230,[629.]
231,[292.]
232,[204.]
233,[130.]
234,[327.]
235,[464.]
236,[104.]
237,[198.]
238,[466.]
239,[326.]
240,[179.]
241,[656.]
242,[163.]
243,[707.]
244,[140.]
245,[182.]
246,[183.]
247,[495.]
248,[838.]
249,[307.]
250,[364.]
251,[394.]
252,[391.]
253,[217.]
254,[336.]
255,[184.]
256,[299.]
257,[127.]
258,[477.]
259,[471.]
260,[139.]
261,[280.]
262,[193.]
263,[232.]
264,[222.]
265,[203.]
266,[463.]
267,[293.]
268,[104.]
269,[944.]
270,[144.]
271,[705.]
272,[122.]
273,[421.]
274,[378.]
275,[595.]
276,[554.]
277,[227.]
278,[125.]
279,[178.]
280,[621.]
281,[130.]
282,[298.]
283,[547.]
284,[482.]
285,[186.]
286,[377.]
287,[276.]
288,[541.]
289,[350.]
290,[684.]
291,[436.]
292,[550.]
293,[340.]
294,[322.]
295,[424.]
296,[299.]
297,[204.]
298,[355.]
299,[259.]
300,[349.]
301,[384.]
302,[276.]
303,[329.]
304,[124.]
305,[645.]
306,[413.]
307,[137.]
308,[145.]
309,[307.]
310,[303.]
311,[472.]
312,[556.]
313,[167.]
314,[203.]
315,[152.]
316,[380.]
317,[398.]
318,[247.]
319,[140.]
320,[330.]
321,[424.]
322,[297.]
323,[310.]
324,[200.]
325,[257.]
326,[281.]
327,[702.]
328,[372.]
329,[636.]
330,[318.]
331,[146.]
332,[744.]
333,[177.]
334,[325.]
335,[216.]
336,[216.]
337,[275.]
338,[610.]
339,[148.]
340,[411.]
341,[101.]
342,[416.]
343,[732.]
344,[470.]
345,[169.]
346,[325.]
347,[229.]
348,[249.]
349,[491.]
350,[195.]
351,[471.]
352,[143.]
353,[161.]
354,[342.]
355,[318.]
356,[240.]
357,[655.]
358,[148.]
359,[455.]
360,[104.]
361,[304.]
362,[830.]
363,[266.]
364,[617.]
365,[256.]
366,[248.]
367,[236.]
368,[314.]
369,[122.]
370,[225.]
371,[819.]
372,[276.]
373,[492.]
374,[481.]
375,[424.]
376,[257.]
377,[552.]
378,[657.]
379,[490.]
380,[307.]
381,[598.]
382,[301.]
383,[323.]
384,[339.]
385,[151.]
386,[145.]
387,[285.]
388,[144.]
389,[279.]
390,[1083.]
391,[215.]
392,[451.]
393,[746.]
394,[127.]
395,[326.]
396,[299.]
397,[154.]
398,[345.]
399,[428.]
400,[674.]
401,[741.]
402,[171.]
403,[246.]
404,[488.]
405,[163.]
406,[267.]
407,[211.]
408,[168.]
409,[475.]
410,[143.]
411,[586.]
412,[321.]
413,[444.]
414,[466.]
415,[439.]
416,[142.]
417,[198.]
418,[283.]
419,[338.]
420,[656.]
421,[432.]
422,[356.]
423,[278.]
424,[314.]
425,[261.]
426,[389.]
427,[311.]
428,[327.]
429,[143.]
430,[626.]
431,[351.]
432,[891.]
433,[245.]
434,[395.]
435,[711.]
436,[323.]
437,[342.]
438,[417.]
439,[414.]
440,[496.]
441,[147.]
442,[553.]
443,[359.]
444,[367.]
445,[284.]
446,[384.]
447,[392.]
448,[230.]
449,[482.]
450,[242.]
451,[487.]
452,[356.]
453,[191.]
454,[232.]
455,[868.]
456,[271.]
457,[251.]
458,[290.]
459,[951.]
460,[685.]
461,[256.]
462,[666.]
463,[622.]
464,[174.]
465,[155.]
466,[195.]
467,[521.]
468,[195.]
469,[132.]
470,[127.]
471,[148.]
472,[373.]
473,[396.]
474,[275.]
475,[527.]
476,[182.]
477,[248.]
478,[125.]
479,[587.]
480,[119.]
481,[920.]
482,[438.]
483,[532.]
484,[378.]
485,[225.]
486,[154.]
487,[470.]
488,[464.]
489,[597.]
490,[484.]
491,[228.]
492,[133.]
493,[377.]
494,[439.]
495,[236.]
496,[509.]
497,[277.]
498,[220.]
499,[588.]
500,[125.]
501,[262.]
502,[127.]
503,[517.]
504,[136.]
505,[485.]
506,[235.]
507,[417.]
508,[393.]
509,[341.]
510,[231.]
511,[604.]
512,[700.]
513,[307.]
514,[369.]
515,[309.]
516,[396.]
517,[440.]
518,[223.]
519,[293.]
520,[148.]
521,[284.]
522,[433.]
523,[317.]
524,[573.]
525,[681.]
526,[155.]
527,[553.]
528,[292.]
529,[975.]
530,[232.]
531,[217.]
532,[189.]
533,[140.]
534,[809.]
535,[346.]
536,[262.]
537,[661.]
538,[104.]
539,[516.]
540,[217.]
541,[557.]
542,[145.]
543,[257.]
544,[413.]
545,[380.]
546,[545.]
547,[175.]
548,[393.]
549,[393.]
550,[381.]
551,[258.]
552,[404.]
553,[187.]
554,[309.]
555,[518.]
556,[288.]
557,[133.]
558,[441.]
559,[262.]
560,[355.]
561,[406.]
562,[414.]
563,[571.]
564,[370.]
565,[123.]
566,[541.]
567,[325.]
568,[433.]
569,[456.]
570,[294.]
571,[190.]
572,[349.]
573,[788.]
574,[842.]
575,[433.]
576,[159.]
577,[361.]
578,[157.]
579,[562.]
580,[169.]
581,[240.]
582,[265.]
583,[357.]
584,[847.]
585,[266.]
586,[217.]
587,[504.]
588,[212.]
589,[642.]
590,[569.]
591,[236.]
592,[755.]
593,[693.]
594,[218.]
595,[194.]
596,[401.]
597,[323.]
598,[408.]
599,[361.]
600,[130.]
601,[251.]
602,[225.]
603,[400.]
604,[971.]
605,[256.]
606,[127.]
607,[640.]
608,[223.]
609,[222.]
610,[458.]
611,[893.]
612,[630.]
613,[469.]
614,[516.]
615,[325.]
616,[297.]
617,[232.]
618,[127.]
619,[849.]
620,[890.]
621,[260.]
622,[151.]
623,[758.]
624,[177.]
625,[361.]
626,[152.]
627,[184.]
628,[439.]
629,[283.]
630,[239.]
631,[326.]
632,[206.]
633,[191.]
634,[460.]
635,[230.]
636,[104.]
637,[388.]
638,[210.]
639,[319.]
640,[869.]
641,[423.]
642,[372.]
643,[224.]
644,[143.]
645,[1087.]
646,[282.]
647,[227.]
648,[308.]
649,[514.]
650,[305.]
651,[167.]
652,[289.]
653,[392.]
654,[268.]
655,[219.]
656,[132.]
657,[370.]
658,[137.]
659,[549.]
660,[205.]
661,[371.]
662,[225.]
663,[370.]
664,[285.]
665,[252.]
666,[159.]
667,[1008.]
668,[594.]
669,[523.]
670,[435.]
671,[301.]
672,[181.]
673,[159.]
674,[402.]
675,[578.]
676,[163.]
677,[311.]
678,[307.]
679,[656.]
680,[476.]
681,[364.]
682,[121.]
683,[433.]
684,[302.]
685,[222.]
686,[330.]
687,[134.]
688,[241.]
689,[215.]
690,[243.]
691,[155.]
692,[401.]
693,[509.]
694,[145.]
695,[327.]
696,[477.]
697,[305.]
698,[394.]
699,[247.]
700,[358.]
701,[508.]
702,[708.]
703,[193.]
704,[186.]
705,[154.]
706,[338.]
707,[248.]
708,[369.]
709,[770.]
710,[398.]
711,[470.]
712,[226.]
713,[256.]
714,[355.]
715,[148.]
716,[229.]
717,[773.]
718,[192.]
719,[329.]
720,[500.]
721,[149.]
722,[123.]
723,[709.]
724,[254.]
725,[313.]
726,[159.]
727,[613.]
728,[209.]
729,[275.]
730,[348.]
731,[407.]
732,[506.]
733,[124.]
734,[325.]
735,[532.]
736,[399.]
737,[537.]
738,[268.]
739,[546.]
740,[297.]
741,[123.]
742,[398.]
743,[324.]
744,[276.]
745,[363.]
746,[467.]
747,[627.]
748,[219.]
749,[686.]
750,[222.]
751,[125.]
752,[675.]
753,[780.]
754,[353.]
755,[454.]
756,[242.]
757,[200.]
758,[439.]
759,[330.]
760,[130.]
761,[342.]
762,[231.]
763,[329.]
764,[150.]
765,[300.]
766,[162.]
767,[358.]
768,[311.]
769,[130.]
770,[337.]
771,[352.]
772,[374.]
773,[546.]
774,[174.]
775,[177.]
776,[263.]
777,[194.]
778,[225.]
779,[560.]
780,[441.]
781,[320.]
782,[168.]
783,[277.]
784,[251.]
785,[326.]
786,[213.]
787,[125.]
788,[475.]
789,[132.]
790,[615.]
791,[199.]
792,[515.]
793,[483.]
794,[405.]
795,[553.]
796,[588.]
797,[552.]
798,[131.]
799,[478.]
800,[921.]
801,[333.]
802,[731.]
803,[644.]
804,[512.]
805,[139.]
806,[490.]
807,[362.]
808,[403.]
809,[334.]
810,[234.]
811,[168.]
812,[220.]
813,[229.]
814,[194.]
815,[955.]
816,[830.]
817,[588.]
818,[201.]
819,[700.]
820,[139.]
821,[275.]
822,[206.]
823,[864.]
824,[453.]
825,[173.]
826,[395.]
827,[196.]
828,[230.]
829,[549.]
830,[360.]
831,[509.]
832,[595.]
833,[262.]
834,[352.]
835,[438.]
836,[481.]
837,[418.]
838,[457.]
839,[361.]
840,[769.]
841,[325.]
842,[236.]
843,[364.]
844,[104.]
845,[148.]
846,[322.]
847,[402.]
848,[370.]
849,[252.]
850,[375.]
851,[365.]
852,[318.]
853,[810.]
854,[831.]
855,[477.]
856,[357.]
857,[850.]
858,[372.]
859,[865.]
860,[356.]
861,[454.]
862,[443.]
863,[289.]
864,[694.]
865,[343.]
866,[617.]
867,[367.]
868,[317.]
869,[256.]
870,[186.]
871,[567.]
872,[292.]
873,[405.]
874,[281.]
875,[265.]
876,[371.]
877,[183.]
878,[280.]
879,[382.]
880,[144.]
881,[490.]
882,[813.]
883,[440.]
884,[255.]
885,[304.]
886,[506.]
887,[291.]
888,[456.]
889,[297.]
890,[293.]
891,[448.]
892,[423.]
893,[147.]
894,[552.]
895,[756.]
896,[128.]
897,[889.]
898,[880.]
899,[335.]
900,[190.]
901,[137.]
902,[469.]
903,[309.]
904,[392.]
905,[561.]
906,[233.]
907,[720.]
908,[141.]
909,[363.]
910,[196.]
911,[339.]
912,[338.]
913,[206.]
914,[144.]
915,[536.]
916,[368.]
917,[481.]
918,[856.]
919,[514.]
920,[353.]
921,[201.]
922,[339.]
923,[132.]
924,[268.]
925,[569.]
926,[533.]
927,[122.]
928,[260.]
929,[212.]
930,[645.]
931,[547.]
932,[142.]
933,[104.]
934,[477.]
935,[189.]
936,[850.]
937,[646.]
938,[390.]
939,[152.]
940,[350.]
941,[329.]
942,[367.]
943,[435.]
944,[185.]
945,[365.]
946,[705.]
947,[240.]
948,[228.]
949,[227.]
950,[324.]
951,[152.]
952,[219.]
953,[417.]
954,[1206.]
955,[298.]
956,[130.]
957,[167.]
958,[653.]
959,[506.]
960,[186.]
961,[696.]
962,[182.]
963,[637.]
964,[378.]
965,[273.]
966,[233.]
967,[234.]
968,[337.]
969,[643.]
970,[367.]
971,[350.]
972,[418.]
973,[286.]
974,[409.]
975,[312.]
976,[159.]
977,[499.]
978,[190.]
979,[541.]
980,[238.]
981,[222.]
982,[455.]
983,[748.]
984,[308.]
985,[399.]
986,[508.]
987,[520.]
988,[298.]
989,[128.]
990,[263.]
991,[233.]
992,[154.]
993,[332.]
994,[592.]
995,[716.]
996,[468.]
997,[171.]
998,[988.]
999,[651.]
1000,[172.]
1001,[165.]
1002,[143.]
1003,[499.]
1004,[867.]
1005,[293.]
1006,[168.]
1007,[227.]
1008,[141.]
1009,[1400.]
1010,[999.]
1011,[292.]
1012,[152.]
1013,[125.]
1014,[714.]
1015,[718.]
1016,[217.]
1017,[538.]
1018,[359.]
1019,[464.]
1020,[414.]
1021,[584.]
1022,[338.]
1023,[481.]
1024,[309.]
1025,[1007.]
1026,[447.]
1027,[444.]
1028,[326.]
1029,[364.]
1030,[230.]
1031,[335.]
1032,[242.]
1033,[131.]
1034,[400.]
1035,[891.]
1036,[587.]
1037,[168.]
1038,[158.]
1039,[842.]
1040,[482.]
1041,[241.]
1042,[525.]
1043,[461.]
1044,[363.]
1045,[847.]
1046,[521.]
1047,[140.]
1048,[250.]
1049,[278.]
1050,[652.]
1051,[185.]
1052,[403.]
1053,[506.]
1054,[148.]
1055,[563.]
1056,[271.]
1057,[684.]
1058,[644.]
1059,[352.]
1060,[318.]
1061,[133.]
1062,[394.]
1063,[216.]
1064,[266.]
1065,[633.]
1066,[144.]
1067,[134.]
1068,[153.]
1069,[104.]
1070,[464.]
1071,[123.]
1072,[214.]
1073,[274.]
1074,[622.]
1075,[104.]
1076,[591.]
1077,[726.]
1078,[788.]
1079,[275.]
1080,[454.]
1081,[125.]
1082,[234.]
1083,[347.]
1084,[144.]
1085,[336.]
1086,[402.]
1087,[626.]
1088,[136.]
1089,[154.]
1090,[593.]
1091,[185.]
1092,[370.]
1093,[154.]
1094,[648.]
1095,[325.]
1096,[407.]
1097,[861.]
1098,[483.]
1099,[134.]
1100,[140.]
1101,[388.]
1102,[170.]
1103,[560.]
1104,[488.]
1105,[223.]
1106,[212.]
1107,[568.]
1108,[285.]
1109,[452.]
1110,[403.]
1111,[962.]
1112,[502.]
1113,[237.]
1114,[476.]
1115,[154.]
1116,[385.]
1117,[725.]
1118,[320.]
1119,[425.]
1120,[741.]
1121,[381.]
1122,[526.]
1123,[380.]
1124,[149.]
1125,[366.]
1126,[423.]
1127,[136.]
1128,[352.]
1129,[304.]
1130,[990.]
1131,[362.]
1132,[269.]
1133,[369.]
1134,[678.]
1135,[245.]
1136,[239.]
1137,[515.]
1138,[255.]
1139,[1117.]
1140,[104.]
1141,[143.]
1142,[252.]
1143,[223.]
1144,[188.]
1145,[414.]
1146,[191.]
1147,[612.]
1148,[383.]
1149,[255.]
1150,[297.]
1151,[138.]
1152,[381.]
1153,[329.]
1154,[396.]
1155,[104.]
1156,[321.]
1157,[631.]
1158,[423.]
1159,[104.]
1160,[143.]
1161,[600.]
1162,[681.]
1163,[441.]
1164,[159.]
1165,[400.]
1166,[278.]
1167,[756.]
1168,[416.]
1169,[299.]
1170,[651.]
1171,[152.]
1172,[261.]
1173,[316.]
1174,[235.]
1175,[148.]
1176,[581.]
1177,[748.]
1178,[464.]
1179,[692.]
1180,[238.]
1181,[213.]
1182,[136.]
1183,[166.]
1184,[727.]
1185,[397.]
1186,[375.]
1187,[513.]
1188,[275.]
1189,[152.]
1190,[679.]
1191,[282.]
1192,[467.]
1193,[279.]
1194,[345.]
1195,[218.]
1196,[540.]
1197,[672.]
1198,[262.]
1199,[219.]
1200,[297.]
1201,[141.]
1202,[620.]
1203,[208.]
1204,[125.]
1205,[187.]
1206,[352.]
1207,[643.]
1208,[141.]
1209,[251.]
1210,[413.]
1211,[137.]
1212,[187.]
1213,[231.]
1214,[153.]
1215,[698.]
1216,[336.]
1217,[526.]
1218,[342.]
1219,[290.]
1220,[135.]
1221,[312.]
1222,[269.]
1223,[221.]
1224,[898.]
1225,[369.]
1226,[438.]
1227,[412.]
1228,[271.]
1229,[295.]
1230,[425.]
1231,[946.]
1232,[762.]
1233,[199.]
1234,[506.]
1235,[416.]
1236,[148.]
1237,[190.]
1238,[144.]
1239,[274.]
1240,[427.]
1241,[142.]
1242,[366.]
1243,[244.]
1244,[338.]
1245,[639.]
1246,[479.]
1247,[802.]
1248,[211.]
1249,[481.]
1250,[590.]
1251,[182.]
1252,[139.]
1253,[504.]
1254,[670.]
1255,[475.]
1256,[638.]
1257,[143.]
1258,[676.]
1259,[338.]
1260,[279.]
1261,[195.]
1262,[393.]
1263,[466.]
1264,[405.]
1265,[416.]
1266,[286.]
1267,[198.]
1268,[592.]
1269,[639.]
1270,[127.]
1271,[168.]
1272,[126.]
1273,[355.]
1274,[1184.]
1275,[316.]
1276,[193.]
1277,[781.]
1278,[902.]
1279,[195.]
1280,[909.]
1281,[394.]
1282,[508.]
1283,[236.]
1284,[1226.]
1285,[730.]
1286,[165.]
1287,[793.]
1288,[887.]
1289,[140.]
1290,[168.]
1291,[489.]
1292,[547.]
1293,[294.]
1294,[195.]
1295,[281.]
1296,[125.]
1297,[388.]
1298,[323.]
1299,[387.]
1300,[278.]
1301,[752.]
1302,[339.]
1303,[669.]
1304,[132.]
1305,[132.]
1306,[341.]
1307,[367.]
1308,[302.]
1309,[230.]
1310,[469.]
1311,[249.]
1312,[200.]
1313,[698.]
1314,[814.]
1315,[336.]
1316,[587.]
1317,[130.]
1318,[207.]
1319,[729.]
1320,[136.]
1321,[620.]
1322,[443.]
1323,[487.]
1324,[321.]
1325,[311.]
1326,[319.]
1327,[444.]
1328,[198.]
1329,[306.]
1330,[283.]
1331,[246.]
1332,[480.]
1333,[844.]
1334,[269.]
1335,[225.]
1336,[398.]
1337,[146.]
1338,[267.]
1339,[409.]
1340,[895.]
1341,[557.]
1342,[407.]
1343,[226.]
1344,[230.]
1345,[491.]
1346,[690.]
1347,[159.]
1348,[269.]
1349,[395.]
1350,[316.]
1351,[616.]
1352,[160.]
1353,[222.]
1354,[596.]
1355,[198.]
1356,[255.]
1357,[596.]
1358,[367.]
1359,[487.]
1360,[393.]
1361,[909.]
1362,[189.]
1363,[421.]
1364,[235.]
1365,[411.]
1366,[241.]
1367,[373.]
1368,[141.]
1369,[414.]
1370,[191.]
1371,[143.]
1372,[369.]
1373,[216.]
1374,[392.]
1375,[481.]
1376,[696.]
1377,[266.]
1378,[268.]
1379,[477.]
1380,[442.]
1381,[562.]
1382,[657.]
1383,[841.]
1384,[355.]
1385,[425.]
1386,[246.]
1387,[206.]
1388,[321.]
1389,[362.]
1390,[537.]
1391,[607.]
1392,[1124.]
1393,[547.]
1394,[419.]
1395,[329.]
1396,[402.]
1397,[592.]
1398,[1028.]
1399,[277.]
1400,[398.]
1401,[342.]
1402,[499.]
1403,[298.]
1404,[235.]
1405,[181.]
1406,[374.]
1407,[287.]
1408,[352.]
1409,[543.]
1410,[532.]
1411,[430.]
1412,[348.]
1413,[258.]
1414,[361.]
1415,[755.]
1416,[267.]
1417,[185.]
1418,[294.]
1419,[149.]
1420,[457.]
1421,[141.]
1422,[287.]
1423,[287.]
1424,[377.]
1425,[178.]
1426,[274.]
1427,[132.]
1428,[292.]
1429,[326.]
1430,[238.]
1431,[409.]
1432,[340.]
1433,[118.]
1434,[659.]
1435,[635.]
1436,[265.]
1437,[642.]
1438,[482.]
1439,[385.]
1440,[258.]
1441,[583.]
1442,[321.]
1443,[358.]
1444,[377.]
1445,[212.]
1446,[715.]
1447,[511.]
1448,[581.]
1449,[161.]
1450,[263.]
1451,[162.]
1452,[500.]
1453,[104.]
1454,[298.]
1455,[431.]
1456,[319.]
1457,[123.]
1458,[538.]
1459,[321.]
1460,[477.]
1461,[427.]
1462,[759.]
1463,[701.]
1464,[104.]
1465,[167.]
1466,[464.]
1467,[104.]
1468,[295.]
1469,[230.]
1470,[212.]
1471,[191.]
1472,[590.]
1473,[475.]
1474,[571.]
1475,[381.]
1476,[538.]
1477,[135.]
1478,[431.]
1479,[607.]
1480,[126.]
1481,[302.]
1482,[336.]
1483,[790.]
1484,[522.]
1485,[310.]
1486,[761.]
1487,[217.]
1488,[145.]
1489,[428.]
1490,[163.]
1491,[205.]
1492,[1236.]
1493,[478.]
1494,[464.]
1495,[221.]
1496,[666.]
1497,[242.]
1498,[137.]
1499,[184.]
1500,[461.]
1501,[505.]
1502,[483.]
1503,[303.]
1504,[305.]
1505,[337.]
1506,[573.]
1507,[140.]
1508,[364.]
1509,[710.]
1510,[226.]
1511,[632.]
1512,[428.]
1513,[509.]
1514,[104.]
1515,[361.]
1516,[295.]
1517,[317.]
1518,[239.]
1519,[386.]
1520,[335.]
1521,[215.]
1522,[359.]
1523,[465.]
1524,[307.]
1525,[757.]
1526,[634.]
1527,[438.]
1528,[363.]
1529,[280.]
1530,[416.]
1531,[557.]
1532,[148.]
1533,[549.]
1534,[141.]
1535,[545.]
1536,[289.]
1537,[197.]
1538,[249.]
1539,[278.]
1540,[151.]
1541,[149.]
1542,[312.]
1543,[478.]
1544,[424.]
1545,[362.]
1546,[288.]
1547,[399.]
1548,[136.]
1549,[498.]
1550,[159.]
1551,[726.]
1552,[231.]
1553,[174.]
1554,[574.]
1555,[140.]
1556,[377.]
1557,[147.]
1558,[676.]
1559,[133.]
1560,[1134.]
1561,[509.]
1562,[452.]
1563,[243.]
1564,[141.]
1565,[104.]
1566,[234.]
1567,[607.]
1568,[289.]
1569,[184.]
1570,[770.]
1571,[497.]
1572,[390.]
1573,[104.]
1574,[201.]
1575,[441.]
1576,[144.]
1577,[150.]
1578,[242.]
1579,[205.]
1580,[435.]
1581,[469.]
1582,[676.]
1583,[474.]
1584,[458.]
1585,[316.]
1586,[718.]
1587,[588.]
1588,[156.]
1589,[119.]
1590,[247.]
1591,[648.]
1592,[516.]
1593,[499.]
1594,[374.]
1595,[189.]
1596,[249.]
1597,[152.]
1598,[886.]
1599,[365.]
1600,[125.]
1601,[455.]
1602,[209.]
1603,[233.]
1604,[552.]
1605,[495.]
1606,[222.]
1607,[363.]
1608,[300.]
1609,[184.]
1610,[340.]
1611,[307.]
1612,[395.]
1613,[339.]
1614,[247.]
1615,[405.]
1616,[571.]
1617,[1273.]
1618,[379.]
1619,[239.]
1620,[280.]
1621,[348.]
1622,[170.]
1623,[763.]
1624,[424.]
1625,[124.]
1626,[162.]
1627,[418.]
1628,[185.]
1629,[499.]
1630,[296.]
1631,[123.]
1632,[745.]
1633,[553.]
1634,[132.]
1635,[273.]
1636,[331.]
1637,[306.]
1638,[285.]
1639,[773.]
1640,[299.]
1641,[130.]
1642,[245.]
1643,[288.]
1644,[260.]
1645,[333.]
1646,[312.]
1647,[248.]
1648,[194.]
1649,[154.]
1650,[141.]
1651,[627.]
1652,[189.]
1653,[895.]
1654,[331.]
1655,[144.]
1656,[550.]
1657,[597.]
1658,[460.]
1659,[438.]
1660,[301.]
1661,[599.]
1662,[1150.]
1663,[182.]
1664,[425.]
1665,[834.]
1666,[350.]
1667,[210.]
1668,[323.]
1669,[327.]
1670,[168.]
1671,[347.]
1672,[145.]
1673,[252.]
1674,[203.]
1675,[237.]
1676,[216.]
1677,[146.]
1678,[238.]
1679,[864.]
1680,[119.]
1681,[194.]
1682,[262.]
1683,[196.]
1684,[159.]
1685,[290.]
1686,[560.]
1687,[351.]
1688,[137.]
1689,[134.]
1690,[548.]
1691,[225.]
1692,[751.]
1693,[735.]
1694,[364.]
1695,[182.]
1696,[634.]
1697,[154.]
1698,[122.]
1699,[217.]
1700,[703.]
1701,[602.]
1702,[603.]
1703,[554.]
1704,[338.]
1705,[386.]
1706,[300.]
1707,[226.]
1708,[149.]
1709,[281.]
1710,[553.]
1711,[1002.]
1712,[434.]
1713,[600.]
1714,[429.]
1715,[421.]
1716,[256.]
1717,[630.]
1718,[411.]
1719,[470.]
1720,[131.]
1721,[204.]
1722,[272.]
1723,[134.]
1724,[171.]
1725,[540.]
1726,[269.]
1727,[633.]
1728,[250.]
1729,[493.]
1730,[159.]
1731,[602.]
1732,[139.]
1733,[246.]
1734,[248.]
1735,[646.]
1736,[239.]
1737,[296.]
1738,[663.]
1739,[323.]
1740,[356.]
1741,[366.]
1742,[456.]
1743,[370.]
1744,[214.]
1745,[265.]
1746,[348.]
1747,[239.]
1748,[344.]
1749,[214.]
1750,[210.]
1751,[175.]
1752,[724.]
1753,[145.]
1754,[265.]
1755,[1012.]
1756,[313.]
1757,[335.]
1758,[334.]
1759,[915.]
1760,[450.]
1761,[521.]
1762,[735.]
1763,[614.]
1764,[248.]
1765,[159.]
1766,[135.]
1767,[197.]
1768,[322.]
1769,[208.]
1770,[162.]
1771,[266.]
1772,[285.]
1773,[497.]
1774,[611.]
1775,[249.]
1776,[518.]
1777,[362.]
1778,[787.]
1779,[742.]
1780,[490.]
1781,[460.]
1782,[801.]
1783,[156.]
1784,[362.]
1785,[354.]
1786,[315.]
1787,[145.]
1788,[672.]
1789,[244.]
1790,[401.]
1791,[154.]
1792,[567.]
1793,[104.]
1794,[375.]
1795,[349.]
1796,[298.]
1797,[553.]
1798,[275.]
1799,[141.]
1800,[515.]
1801,[408.]
1802,[946.]
1803,[217.]
1804,[183.]
1805,[230.]
1806,[257.]
1807,[447.]
1808,[451.]
1809,[189.]
1810,[649.]
1811,[215.]
1812,[213.]
1813,[145.]
1814,[170.]
1815,[450.]
1816,[211.]
1817,[634.]
1818,[277.]
1819,[189.]
1820,[132.]
1821,[207.]
1822,[131.]
1823,[121.]
1824,[503.]
1825,[430.]
1826,[147.]
1827,[714.]
1828,[535.]
1829,[131.]
1830,[157.]
1831,[403.]
1832,[119.]
1833,[210.]
1834,[189.]
1835,[414.]
1836,[153.]
1837,[954.]
1838,[613.]
1839,[234.]
1840,[995.]
1841,[382.]
1842,[185.]
1843,[383.]
1844,[326.]
1845,[329.]
1846,[348.]
1847,[500.]
1848,[642.]
1849,[209.]
1850,[319.]
1851,[294.]
1852,[340.]
1853,[233.]
1854,[181.]
1855,[170.]
1856,[831.]
1857,[574.]
1858,[507.]
1859,[326.]
1860,[497.]
1861,[304.]
1862,[466.]
1863,[655.]
1864,[535.]
1865,[599.]
1866,[182.]
1867,[149.]
1868,[197.]
1869,[357.]
1870,[608.]
1871,[104.]
1872,[213.]
1873,[366.]
1874,[216.]
1875,[276.]
1876,[386.]
1877,[395.]
1878,[188.]
1879,[519.]
1880,[303.]
1881,[465.]
1882,[559.]
1883,[748.]
1884,[104.]
1885,[263.]
1886,[585.]
1887,[451.]
1888,[408.]
1889,[981.]
1890,[360.]
1891,[431.]
1892,[254.]
1893,[184.]
1894,[675.]
1895,[498.]
1896,[251.]
1897,[492.]
1898,[155.]
1899,[497.]
1900,[683.]
1901,[375.]
1902,[184.]
1903,[573.]
1904,[197.]
1905,[251.]
1906,[445.]
1907,[185.]
1908,[264.]
1909,[144.]
1910,[135.]
1911,[462.]
1912,[224.]
1913,[464.]
1914,[321.]
1915,[132.]
1916,[201.]
1917,[238.]
1918,[612.]
1919,[263.]
1920,[621.]
1921,[198.]
1922,[482.]
1923,[165.]
1924,[440.]
1925,[441.]
1926,[656.]
1927,[492.]
1928,[208.]
1929,[402.]
1930,[292.]
1931,[437.]
1932,[125.]
1933,[182.]
1934,[515.]
1935,[361.]
1936,[136.]
1937,[453.]
1938,[458.]
1939,[309.]
1940,[176.]
1941,[599.]
1942,[195.]
1943,[334.]
1944,[137.]
1945,[130.]
1946,[514.]
1947,[673.]
1948,[410.]
1949,[295.]
1950,[330.]
1951,[481.]
1952,[139.]
1953,[450.]
1954,[271.]
1955,[620.]
1956,[384.]
1957,[350.]
1958,[217.]
1959,[422.]
1960,[1351.]
1961,[150.]
1962,[503.]
1963,[127.]
1964,[132.]
1965,[196.]
1966,[331.]
1967,[152.]
1968,[145.]
1969,[251.]
1970,[217.]
1971,[149.]
1972,[256.]
1973,[256.]
1974,[356.]
1975,[438.]
1976,[166.]
1977,[258.]
1978,[284.]
1979,[127.]
1980,[356.]
1981,[369.]
1982,[331.]
1983,[385.]
1984,[177.]
1985,[266.]
1986,[753.]
1987,[658.]
1988,[358.]
1989,[385.]
1990,[317.]
1991,[1256.]
1992,[774.]
1993,[292.]
1994,[200.]
1995,[589.]
1996,[130.]
1997,[510.]
1998,[285.]
1999,[233.]
2000,[324.]
2001,[517.]
2002,[183.]
2003,[212.]
2004,[499.]
2005,[199.]
2006,[345.]
2007,[338.]
2008,[616.]
2009,[241.]
2010,[541.]
2011,[157.]
2012,[264.]
2013,[418.]
2014,[125.]
2015,[310.]
2016,[411.]
2017,[244.]
2018,[127.]
2019,[402.]
2020,[274.]
2021,[1013.]
2022,[130.]
2023,[413.]
2024,[242.]
2025,[451.]
2026,[256.]
2027,[385.]
2028,[503.]
2029,[354.]
2030,[261.]
2031,[330.]
2032,[342.]
2033,[152.]
2034,[294.]
2035,[133.]
2036,[582.]
2037,[469.]
2038,[500.]
2039,[734.]
2040,[404.]
2041,[537.]
2042,[322.]
2043,[976.]
2044,[437.]
2045,[154.]
2046,[345.]
2047,[143.]
2048,[561.]
2049,[142.]
2050,[381.]
2051,[726.]
2052,[358.]
2053,[203.]
2054,[188.]
2055,[275.]
2056,[243.]
2057,[139.]
2058,[299.]
2059,[315.]
2060,[232.]
2061,[289.]
2062,[631.]
2063,[596.]
2064,[798.]
2065,[422.]
2066,[653.]
2067,[267.]
2068,[169.]
2069,[499.]
2070,[735.]
2071,[529.]
2072,[494.]
2073,[488.]
2074,[243.]
2075,[249.]
2076,[558.]
2077,[469.]
2078,[334.]
2079,[289.]
2080,[172.]
2081,[345.]
2082,[184.]
2083,[466.]
2084,[680.]
2085,[413.]
2086,[471.]
2087,[320.]
2088,[149.]
2089,[663.]
2090,[350.]
2091,[489.]
2092,[471.]
2093,[214.]
2094,[142.]
2095,[173.]
2096,[347.]
2097,[232.]
2098,[292.]
2099,[294.]
2100,[738.]
2101,[360.]
2102,[769.]
2103,[209.]
2104,[146.]
2105,[215.]
2106,[249.]
2107,[231.]
2108,[228.]
2109,[253.]
2110,[260.]
2111,[291.]
2112,[578.]
2113,[555.]
2114,[1144.]
2115,[465.]
2116,[152.]
2117,[1061.]
2118,[125.]
2119,[208.]
2120,[494.]
2121,[442.]
2122,[531.]
2123,[383.]
2124,[530.]
2125,[122.]
2126,[327.]
2127,[296.]
2128,[143.]
2129,[448.]
2130,[597.]
2131,[127.]
2132,[104.]
2133,[349.]
2134,[419.]
2135,[391.]
2136,[331.]
2137,[314.]
2138,[248.]
2139,[423.]
2140,[377.]
2141,[349.]
2142,[445.]
2143,[481.]
2144,[639.]
2145,[252.]
2146,[188.]
2147,[589.]
2148,[362.]
2149,[263.]
2150,[189.]
2151,[177.]
2152,[130.]
2153,[438.]
2154,[634.]
2155,[150.]
2156,[737.]
2157,[645.]
2158,[663.]
2159,[296.]
2160,[556.]
2161,[519.]
2162,[654.]
2163,[382.]
2164,[234.]
2165,[547.]
2166,[297.]
2167,[155.]
2168,[588.]
2169,[118.]
2170,[613.]
2171,[402.]
2172,[459.]
2173,[960.]
2174,[361.]
2175,[155.]
2176,[311.]
2177,[325.]
2178,[625.]
2179,[516.]
2180,[252.]
2181,[125.]
2182,[374.]
2183,[730.]
2184,[515.]
2185,[289.]
2186,[374.]
2187,[555.]
2188,[318.]
2189,[473.]
2190,[596.]
2191,[510.]
2192,[839.]
2193,[524.]
2194,[547.]
2195,[639.]
2196,[908.]
2197,[737.]
2198,[238.]
2199,[188.]
2200,[104.]
2201,[346.]
2202,[805.]
2203,[225.]
2204,[542.]
2205,[895.]
2206,[689.]
2207,[659.]
2208,[382.]
2209,[127.]
2210,[195.]
2211,[241.]
2212,[224.]
2213,[444.]
2214,[376.]
2215,[384.]
2216,[490.]
2217,[714.]
2218,[593.]
2219,[727.]
2220,[312.]
2221,[611.]
2222,[141.]
2223,[204.]
2224,[192.]
2225,[144.]
2226,[162.]
2227,[198.]
2228,[407.]
2229,[926.]
2230,[195.]
2231,[129.]
2232,[334.]
2233,[226.]
2234,[554.]
2235,[349.]
2236,[402.]
2237,[713.]
2238,[554.]
2239,[281.]
2240,[440.]
2241,[231.]
2242,[447.]
2243,[207.]
2244,[479.]
2245,[487.]
2246,[549.]
2247,[250.]
2248,[450.]
2249,[296.]
2250,[965.]
2251,[348.]
2252,[172.]
2253,[395.]
2254,[530.]
2255,[798.]
2256,[275.]
2257,[638.]
2258,[912.]
2259,[709.]
2260,[391.]
2261,[273.]
2262,[333.]
2263,[321.]
2264,[502.]
2265,[424.]
2266,[626.]
2267,[139.]
2268,[257.]
2269,[303.]
2270,[643.]
2271,[104.]
2272,[190.]
2273,[699.]
2274,[382.]
2275,[293.]
2276,[623.]
2277,[339.]
2278,[514.]
2279,[232.]
2280,[786.]
2281,[282.]
2282,[428.]
2283,[127.]
2284,[296.]
2285,[624.]
2286,[224.]
2287,[470.]
2288,[379.]
2289,[574.]
2290,[578.]
2291,[322.]
2292,[283.]
2293,[339.]
2294,[418.]
2295,[202.]
2296,[736.]
2297,[390.]
2298,[321.]
2299,[594.]
2300,[592.]
2301,[174.]
2302,[240.]
2303,[208.]
2304,[344.]
2305,[164.]
2306,[503.]
2307,[703.]
2308,[206.]
2309,[913.]
2310,[149.]
2311,[717.]
2312,[135.]
2313,[282.]
2314,[186.]
2315,[493.]
2316,[136.]
2317,[453.]
2318,[262.]
2319,[338.]
2320,[456.]
2321,[661.]
2322,[156.]
2323,[496.]
2324,[282.]
2325,[555.]
2326,[577.]
2327,[582.]
2328,[300.]
2329,[249.]
2330,[259.]
2331,[684.]
2332,[734.]
2333,[202.]
2334,[1167.]
2335,[336.]
2336,[525.]
2337,[345.]
2338,[816.]
2339,[447.]
2340,[354.]
2341,[421.]
2342,[271.]
2343,[592.]
2344,[252.]
2345,[219.]
2346,[819.]
2347,[350.]
2348,[149.]
2349,[342.]
2350,[515.]
2351,[316.]
2352,[222.]
2353,[914.]
2354,[751.]
2355,[342.]
2356,[132.]
2357,[453.]
2358,[529.]
2359,[280.]
2360,[272.]
2361,[829.]
2362,[481.]
2363,[464.]
2364,[697.]
2365,[302.]
2366,[543.]
2367,[136.]
2368,[626.]
2369,[675.]
2370,[551.]
2371,[175.]
2372,[203.]
2373,[808.]
2374,[156.]
2375,[408.]
2376,[808.]
2377,[195.]
2378,[575.]
2379,[306.]
2380,[396.]
2381,[447.]
2382,[292.]
2383,[308.]
2384,[346.]
2385,[348.]
2386,[221.]
2387,[123.]
2388,[163.]
2389,[259.]
2390,[408.]
2391,[762.]
2392,[245.]
2393,[250.]
2394,[202.]
2395,[430.]
2396,[685.]
2397,[611.]
2398,[350.]
2399,[216.]
2400,[215.]
2401,[745.]
2402,[325.]
2403,[598.]
2404,[400.]
2405,[278.]
2406,[228.]
2407,[347.]
2408,[180.]
2409,[482.]
2410,[465.]
2411,[253.]
2412,[228.]
2413,[268.]
2414,[289.]
2415,[123.]
2416,[142.]
2417,[680.]
2418,[322.]
2419,[450.]
2420,[328.]
2421,[163.]
2422,[365.]
2423,[128.]
2424,[257.]
2425,[173.]
2426,[527.]
2427,[119.]
2428,[523.]
2429,[523.]
2430,[223.]
2431,[371.]
2432,[325.]
2433,[155.]
2434,[361.]
2435,[956.]
2436,[323.]
2437,[497.]
2438,[194.]
2439,[249.]
2440,[132.]
2441,[418.]
2442,[128.]
2443,[132.]
2444,[393.]
2445,[551.]
2446,[162.]
2447,[300.]
2448,[261.]
2449,[145.]
2450,[412.]
2451,[264.]
2452,[432.]
2453,[373.]
2454,[423.]
2455,[684.]
2456,[143.]
2457,[521.]
2458,[255.]
2459,[613.]
2460,[528.]
2461,[222.]
2462,[443.]
2463,[662.]
2464,[303.]
2465,[579.]
2466,[722.]
2467,[440.]
2468,[581.]
2469,[141.]
2470,[237.]
2471,[335.]
2472,[471.]
2473,[223.]
2474,[679.]
2475,[276.]
2476,[728.]
2477,[131.]
2478,[162.]
2479,[386.]
2480,[310.]
2481,[631.]
2482,[163.]
2483,[516.]
2484,[819.]
2485,[172.]
2486,[908.]
2487,[259.]
2488,[579.]
2489,[476.]
2490,[369.]
2491,[144.]
2492,[557.]
2493,[589.]
2494,[331.]
2495,[348.]
2496,[837.]
2497,[467.]
2498,[356.]
2499,[383.]
2500,[334.]
2501,[204.]
2502,[284.]
2503,[261.]
2504,[229.]
2505,[259.]
2506,[542.]
2507,[573.]
2508,[252.]
2509,[146.]
2510,[151.]
2511,[128.]
2512,[274.]
2513,[147.]
2514,[140.]
2515,[850.]
2516,[288.]
2517,[255.]
2518,[128.]
2519,[231.]
2520,[123.]
2521,[474.]
2522,[329.]
2523,[402.]
2524,[271.]
2525,[200.]
2526,[130.]
2527,[628.]
2528,[124.]
2529,[361.]
2530,[451.]
2531,[236.]
2532,[354.]
2533,[144.]
2534,[498.]
2535,[543.]
2536,[455.]
2537,[292.]
2538,[359.]
2539,[221.]
2540,[229.]
2541,[213.]
2542,[834.]
2543,[502.]
2544,[227.]
2545,[153.]
2546,[409.]
2547,[773.]
2548,[354.]
2549,[164.]
2550,[750.]
2551,[239.]
2552,[493.]
2553,[526.]
2554,[149.]
2555,[329.]
2556,[570.]
2557,[104.]
2558,[365.]
2559,[268.]
2560,[156.]
2561,[999.]
2562,[864.]
2563,[610.]
2564,[422.]
2565,[615.]
2566,[252.]
2567,[192.]
2568,[626.]
2569,[1068.]
2570,[269.]
2571,[231.]
2572,[286.]
2573,[104.]
2574,[639.]
2575,[424.]
2576,[667.]
2577,[317.]
2578,[265.]
2579,[591.]
2580,[704.]
2581,[123.]
2582,[141.]
2583,[294.]
2584,[655.]
2585,[104.]
2586,[1716.]
2587,[385.]
2588,[852.]
2589,[406.]
2590,[719.]
2591,[842.]
2592,[438.]
2593,[356.]
2594,[693.]
2595,[461.]
2596,[392.]
2597,[628.]
2598,[231.]
2599,[674.]
2600,[245.]
2601,[448.]
2602,[360.]
2603,[539.]
2604,[497.]
2605,[435.]
2606,[127.]
2607,[368.]
2608,[420.]
2609,[181.]
2610,[771.]
2611,[210.]
2612,[202.]
2613,[462.]
2614,[240.]
2615,[441.]
2616,[612.]
2617,[409.]
2618,[321.]
2619,[130.]
2620,[172.]
2621,[648.]
2622,[651.]
2623,[876.]
2624,[163.]
2625,[549.]
2626,[767.]
2627,[828.]
2628,[263.]
2629,[279.]
2630,[682.]
2631,[851.]
2632,[208.]
2633,[159.]
2634,[618.]
2635,[146.]
2636,[478.]
2637,[379.]
2638,[600.]
2639,[262.]
2640,[130.]
2641,[673.]
2642,[561.]
2643,[165.]
2644,[695.]
2645,[271.]
2646,[475.]
2647,[438.]
2648,[511.]
2649,[240.]
2650,[159.]
2651,[161.]
2652,[637.]
2653,[347.]
2654,[361.]
2655,[137.]
2656,[236.]
2657,[235.]
2658,[247.]
2659,[460.]
2660,[503.]
2661,[285.]
2662,[612.]
2663,[101.]
2664,[481.]
2665,[195.]
2666,[228.]
2667,[245.]
2668,[429.]
2669,[747.]
2670,[144.]
2671,[281.]
2672,[228.]
2673,[267.]
2674,[413.]
2675,[369.]
2676,[257.]
2677,[325.]
2678,[399.]
2679,[195.]
2680,[325.]
2681,[154.]
2682,[300.]
2683,[266.]
2684,[203.]
2685,[220.]
2686,[334.]
2687,[486.]
2688,[150.]
2689,[891.]
2690,[358.]
2691,[438.]
2692,[297.]
2693,[230.]
2694,[288.]
2695,[312.]
2696,[384.]
2697,[540.]
2698,[644.]
2699,[542.]
2700,[154.]
2701,[381.]
2702,[440.]
2703,[392.]
2704,[206.]
2705,[269.]
2706,[158.]
2707,[621.]
2708,[607.]
2709,[258.]
2710,[456.]
2711,[743.]
2712,[459.]
2713,[490.]
2714,[813.]
2715,[272.]
2716,[386.]
2717,[414.]
2718,[414.]
2719,[677.]
2720,[559.]
2721,[347.]
2722,[461.]
2723,[280.]
2724,[125.]
2725,[298.]
2726,[140.]
2727,[234.]
2728,[605.]
2729,[375.]
2730,[227.]
2731,[455.]
2732,[258.]
2733,[543.]
2734,[316.]
2735,[638.]
2736,[1110.]
2737,[525.]
2738,[197.]
2739,[280.]
2740,[970.]
2741,[330.]
2742,[429.]
2743,[145.]
2744,[268.]
2745,[772.]
2746,[168.]
2747,[203.]
2748,[349.]
2749,[140.]
2750,[548.]
2751,[201.]
2752,[208.]
2753,[539.]
2754,[850.]
2755,[305.]
2756,[254.]
2757,[220.]
2758,[206.]
2759,[240.]
2760,[271.]
2761,[590.]
2762,[402.]
2763,[497.]
2764,[178.]
2765,[261.]
2766,[341.]
2767,[265.]
2768,[208.]
2769,[320.]
2770,[334.]
2771,[542.]
2772,[336.]
2773,[213.]
2774,[490.]
2775,[261.]
2776,[288.]
2777,[188.]
2778,[375.]
2779,[506.]
2780,[226.]
2781,[167.]
2782,[177.]
2783,[398.]
2784,[606.]
2785,[278.]
2786,[524.]
2787,[173.]
2788,[432.]
2789,[373.]
2790,[125.]
2791,[405.]
2792,[596.]
2793,[596.]
2794,[271.]
2795,[704.]
2796,[326.]
2797,[607.]
2798,[308.]
2799,[151.]
2800,[127.]
2801,[546.]
2802,[585.]
2803,[139.]
2804,[357.]
2805,[488.]
2806,[254.]
2807,[538.]
2808,[272.]
2809,[393.]
2810,[205.]
2811,[604.]
2812,[375.]
2813,[363.]
2814,[280.]
2815,[575.]
2816,[599.]
2817,[405.]
2818,[665.]
2819,[417.]
2820,[218.]
2821,[680.]
2822,[371.]
2823,[526.]
2824,[257.]
2825,[880.]
2826,[440.]
2827,[931.]
2828,[234.]
2829,[145.]
2830,[390.]
2831,[131.]
2832,[362.]
2833,[214.]
2834,[604.]
2835,[373.]
2836,[104.]
2837,[251.]
2838,[883.]
2839,[526.]
2840,[883.]
2841,[532.]
2842,[207.]
2843,[795.]
2844,[144.]
2845,[175.]
2846,[360.]
2847,[152.]
2848,[450.]
2849,[471.]
2850,[432.]
2851,[654.]
2852,[267.]
2853,[125.]
2854,[163.]
2855,[193.]
2856,[263.]
2857,[543.]
2858,[244.]
2859,[415.]
2860,[200.]
2861,[575.]
2862,[412.]
2863,[620.]
2864,[711.]
2865,[455.]
2866,[336.]
2867,[588.]
2868,[208.]
2869,[446.]
2870,[173.]
2871,[614.]
2872,[140.]
2873,[505.]
2874,[524.]
2875,[405.]
2876,[148.]
2877,[382.]
2878,[276.]
2879,[159.]
2880,[256.]
2881,[519.]
2882,[974.]
2883,[584.]
2884,[443.]
2885,[135.]
2886,[348.]
2887,[414.]
2888,[403.]
2889,[377.]
2890,[229.]
2891,[487.]
2892,[118.]
2893,[335.]
2894,[871.]
2895,[322.]
2896,[172.]
2897,[178.]
2898,[488.]
2899,[297.]
2900,[576.]
2901,[144.]
2902,[174.]
2903,[138.]
2904,[398.]
2905,[458.]
2906,[732.]
2907,[290.]
2908,[462.]
2909,[341.]
2910,[631.]
2911,[413.]
2912,[127.]
2913,[385.]
2914,[362.]
2915,[198.]
2916,[675.]
2917,[489.]
2918,[381.]
2919,[125.]
2920,[160.]
2921,[211.]
2922,[363.]
2923,[281.]
2924,[484.]
2925,[254.]
2926,[206.]
2927,[513.]
2928,[457.]
2929,[323.]
2930,[572.]
2931,[845.]
2932,[211.]
2933,[280.]
2934,[213.]
2935,[705.]
2936,[162.]
2937,[446.]
2938,[143.]
2939,[412.]
2940,[134.]
2941,[136.]
2942,[654.]
2943,[626.]
2944,[221.]
2945,[189.]
2946,[521.]
2947,[339.]
2948,[387.]
2949,[576.]
2950,[147.]
2951,[667.]
2952,[250.]
2953,[519.]
2954,[533.]
2955,[136.]
2956,[646.]
2957,[450.]
2958,[204.]
2959,[729.]
2960,[648.]
2961,[286.]
2962,[345.]
2963,[367.]
2964,[432.]
2965,[172.]
2966,[593.]
2967,[368.]
2968,[345.]
2969,[231.]
2970,[367.]
2971,[539.]
2972,[144.]
2973,[143.]
2974,[508.]
2975,[497.]
2976,[294.]
2977,[347.]
2978,[633.]
2979,[247.]
2980,[542.]
2981,[240.]
2982,[252.]
2983,[151.]
2984,[884.]
2985,[128.]
2986,[300.]
2987,[242.]
2988,[172.]
2989,[253.]
2990,[828.]
2991,[548.]
2992,[234.]
2993,[295.]
2994,[401.]
2995,[331.]
2996,[287.]
2997,[398.]
2998,[561.]
2999,[167.]
3000,[1059.]
3001,[363.]
3002,[544.]
3003,[133.]
3004,[204.]
3005,[221.]
3006,[389.]
3007,[361.]
3008,[340.]
3009,[274.]
3010,[332.]
3011,[441.]
3012,[413.]
3013,[481.]
3014,[235.]
3015,[146.]
3016,[129.]
3017,[325.]
3018,[444.]
3019,[357.]
3020,[229.]
3021,[414.]
3022,[237.]
3023,[479.]
3024,[242.]
3025,[283.]
3026,[881.]
3027,[226.]
3028,[158.]
3029,[294.]
3030,[509.]
3031,[235.]
3032,[303.]
3033,[125.]
3034,[244.]
3035,[493.]
3036,[565.]
3037,[223.]
3038,[337.]
3039,[332.]
3040,[344.]
3041,[458.]
3042,[826.]
3043,[348.]
3044,[135.]
3045,[296.]
3046,[556.]
3047,[280.]
3048,[222.]
3049,[104.]
3050,[936.]
3051,[601.]
3052,[332.]
3053,[394.]
3054,[393.]
3055,[144.]
3056,[310.]
3057,[309.]
3058,[291.]
3059,[609.]
3060,[167.]
3061,[469.]
3062,[303.]
3063,[816.]
3064,[913.]
3065,[594.]
3066,[667.]
3067,[329.]
3068,[338.]
3069,[244.]
3070,[247.]
3071,[241.]
3072,[126.]
3073,[454.]
3074,[215.]
3075,[165.]
3076,[205.]
3077,[176.]
3078,[203.]
3079,[351.]
3080,[457.]
3081,[152.]
3082,[169.]
3083,[668.]
3084,[215.]
3085,[801.]
3086,[162.]
3087,[954.]
3088,[224.]
3089,[397.]
3090,[435.]
3091,[686.]
3092,[197.]
3093,[341.]
3094,[363.]
3095,[311.]
3096,[149.]
3097,[140.]
3098,[220.]
3099,[894.]
3100,[462.]
3101,[710.]
3102,[379.]
3103,[230.]
3104,[416.]
3105,[330.]
3106,[361.]
3107,[164.]
3108,[213.]
3109,[276.]
3110,[187.]
3111,[480.]
3112,[339.]
3113,[121.]
3114,[334.]
3115,[373.]
3116,[247.]
3117,[632.]
3118,[448.]
3119,[1048.]
3120,[778.]
3121,[260.]
3122,[480.]
3123,[474.]
3124,[418.]
3125,[226.]
3126,[728.]
3127,[348.]
3128,[174.]
3129,[439.]
3130,[354.]
3131,[237.]
3132,[652.]
3133,[321.]
3134,[306.]
3135,[243.]
3136,[382.]
3137,[184.]
3138,[503.]
3139,[353.]
3140,[370.]
3141,[259.]
3142,[335.]
3143,[125.]
3144,[140.]
3145,[130.]
3146,[459.]
3147,[682.]
3148,[217.]
3149,[369.]
3150,[252.]
3151,[226.]
3152,[143.]
3153,[373.]
3154,[384.]
3155,[426.]
3156,[196.]
3157,[291.]
3158,[717.]
3159,[327.]
3160,[234.]
3161,[321.]
3162,[257.]
3163,[197.]
3164,[531.]
3165,[403.]
3166,[191.]
3167,[551.]
3168,[301.]
3169,[269.]
3170,[143.]
3171,[231.]
3172,[155.]
3173,[123.]
3174,[175.]
3175,[480.]
3176,[262.]
3177,[309.]
3178,[449.]
3179,[329.]
3180,[354.]
3181,[235.]
3182,[230.]
3183,[295.]
3184,[285.]
3185,[460.]
3186,[180.]
3187,[305.]
3188,[391.]
3189,[537.]
3190,[424.]
3191,[260.]
3192,[548.]
3193,[175.]
3194,[287.]
3195,[334.]
3196,[234.]
3197,[735.]
3198,[424.]
3199,[641.]
3200,[321.]
3201,[271.]
3202,[189.]
3203,[776.]
3204,[137.]
3205,[284.]
3206,[130.]
3207,[742.]
3208,[262.]
3209,[337.]
3210,[756.]
3211,[274.]
3212,[413.]
3213,[610.]
3214,[571.]
3215,[198.]
3216,[252.]
3217,[561.]
3218,[210.]
3219,[1085.]
3220,[285.]
3221,[136.]
3222,[626.]
3223,[600.]
3224,[480.]
3225,[511.]
3226,[567.]
3227,[326.]
3228,[566.]
3229,[118.]
3230,[392.]
3231,[698.]
3232,[186.]
3233,[1141.]
3234,[350.]
3235,[365.]
3236,[357.]
3237,[417.]
3238,[417.]
3239,[133.]
3240,[367.]
3241,[547.]
3242,[625.]
3243,[502.]
3244,[391.]
3245,[136.]
3246,[1072.]
3247,[755.]
3248,[212.]
3249,[400.]
3250,[394.]
3251,[118.]
3252,[772.]
3253,[302.]
3254,[323.]
3255,[404.]
3256,[755.]
3257,[167.]
3258,[314.]
3259,[139.]
3260,[145.]
3261,[125.]
3262,[282.]
3263,[104.]
3264,[296.]
3265,[795.]
3266,[611.]
3267,[293.]
3268,[175.]
3269,[146.]
3270,[208.]
3271,[757.]
3272,[337.]
3273,[299.]
3274,[829.]
3275,[211.]
3276,[510.]
3277,[409.]
3278,[851.]
3279,[256.]
3280,[480.]
3281,[380.]
3282,[145.]
3283,[327.]
3284,[350.]
3285,[259.]
3286,[593.]
3287,[524.]
3288,[585.]
3289,[430.]
3290,[507.]
3291,[232.]
3292,[523.]
3293,[244.]
3294,[172.]
3295,[304.]
3296,[279.]
3297,[351.]
3298,[429.]
3299,[593.]
3300,[140.]
3301,[433.]
3302,[275.]
3303,[422.]
3304,[191.]
3305,[144.]
3306,[314.]
3307,[492.]
3308,[192.]
3309,[453.]
3310,[340.]
3311,[410.]
3312,[418.]
3313,[246.]
3314,[351.]
3315,[339.]
3316,[637.]
3317,[921.]
3318,[579.]
3319,[237.]
3320,[539.]
3321,[331.]
3322,[559.]
3323,[170.]
3324,[424.]
3325,[453.]
3326,[403.]
3327,[379.]
3328,[146.]
3329,[315.]
3330,[153.]
3331,[190.]
3332,[297.]
3333,[132.]
3334,[218.]
3335,[346.]
3336,[361.]
3337,[806.]
3338,[670.]
3339,[155.]
3340,[310.]
3341,[370.]
3342,[960.]
3343,[626.]
3344,[132.]
3345,[333.]
3346,[242.]
3347,[324.]
3348,[144.]
3349,[411.]
3350,[698.]
3351,[137.]
3352,[224.]
3353,[494.]
3354,[305.]
3355,[326.]
3356,[443.]
3357,[132.]
3358,[682.]
3359,[197.]
3360,[449.]
3361,[279.]
3362,[357.]
3363,[264.]
3364,[151.]
3365,[131.]
3366,[255.]
3367,[201.]
3368,[313.]
3369,[130.]
3370,[261.]
3371,[545.]
3372,[591.]
3373,[486.]
3374,[899.]
3375,[263.]
3376,[349.]
3377,[516.]
3378,[183.]
3379,[250.]
3380,[329.]
3381,[156.]
3382,[258.]
3383,[143.]
3384,[529.]
3385,[277.]
3386,[233.]
3387,[524.]
3388,[303.]
3389,[409.]
3390,[341.]
3391,[759.]
3392,[447.]
3393,[915.]
3394,[429.]
3395,[404.]
3396,[282.]
3397,[140.]
3398,[614.]
3399,[364.]
3400,[127.]
3401,[609.]
3402,[292.]
3403,[324.]
3404,[439.]
3405,[576.]
3406,[144.]
3407,[151.]
3408,[755.]
3409,[135.]
3410,[494.]
3411,[339.]
3412,[439.]
3413,[395.]
3414,[132.]
3415,[276.]
3416,[265.]
3417,[282.]
3418,[452.]
3419,[266.]
3420,[253.]
3421,[527.]
3422,[394.]
3423,[456.]
3424,[152.]
3425,[960.]
3426,[501.]
3427,[170.]
3428,[337.]
3429,[199.]
3430,[624.]
3431,[979.]
3432,[351.]
3433,[829.]
3434,[118.]
3435,[320.]
3436,[231.]
3437,[709.]
3438,[144.]
3439,[399.]
3440,[229.]
3441,[494.]
3442,[123.]
3443,[141.]
3444,[412.]
3445,[538.]
3446,[539.]
3447,[455.]
3448,[239.]
3449,[140.]
3450,[120.]
3451,[299.]
3452,[205.]
3453,[378.]
3454,[666.]
3455,[225.]
3456,[842.]
3457,[391.]
3458,[401.]
3459,[266.]
3460,[153.]
3461,[207.]
3462,[152.]
3463,[174.]
3464,[551.]
3465,[471.]
3466,[237.]
3467,[141.]
3468,[276.]
3469,[189.]
3470,[305.]
3471,[762.]
3472,[128.]
3473,[152.]
3474,[922.]
3475,[240.]
3476,[456.]
3477,[247.]
3478,[566.]
3479,[793.]
3480,[618.]
3481,[133.]
3482,[274.]
3483,[561.]
3484,[556.]
3485,[703.]
3486,[273.]
3487,[805.]
3488,[220.]
3489,[263.]
3490,[359.]
3491,[574.]
3492,[1464.]
3493,[488.]
3494,[458.]
3495,[185.]
3496,[476.]
3497,[306.]
3498,[408.]
3499,[474.]
3500,[579.]
3501,[222.]
3502,[368.]
3503,[175.]
3504,[278.]
3505,[268.]
3506,[119.]
3507,[413.]
3508,[474.]
3509,[429.]
3510,[125.]
3511,[135.]
3512,[206.]
3513,[641.]
3514,[270.]
3515,[237.]
3516,[404.]
3517,[263.]
3518,[702.]
3519,[244.]
3520,[177.]
3521,[453.]
3522,[205.]
3523,[314.]
3524,[119.]
3525,[525.]
3526,[215.]
3527,[296.]
3528,[274.]
3529,[385.]
3530,[553.]
3531,[521.]
3532,[274.]
3533,[150.]
3534,[142.]
3535,[169.]
3536,[449.]
3537,[127.]
3538,[177.]
3539,[392.]
3540,[397.]
3541,[376.]
3542,[666.]
3543,[574.]
3544,[313.]
3545,[167.]
3546,[422.]
3547,[200.]
3548,[442.]
3549,[513.]
3550,[143.]
3551,[270.]
3552,[127.]
3553,[447.]
3554,[472.]
3555,[580.]
3556,[637.]
3557,[306.]
3558,[666.]
3559,[126.]
3560,[231.]
3561,[663.]
3562,[374.]
3563,[104.]
3564,[253.]
3565,[520.]
3566,[497.]
3567,[592.]
3568,[221.]
3569,[478.]
3570,[214.]
3571,[581.]
3572,[350.]
3573,[145.]
3574,[798.]
3575,[126.]
3576,[426.]
3577,[252.]
3578,[317.]
3579,[487.]
3580,[1086.]
3581,[458.]
3582,[383.]
3583,[408.]
3584,[1152.]
3585,[492.]
3586,[568.]
3587,[759.]
3588,[613.]
3589,[716.]
3590,[672.]
3591,[163.]
3592,[437.]
3593,[354.]
3594,[139.]
3595,[226.]
3596,[370.]
3597,[329.]
3598,[345.]
3599,[468.]
3600,[218.]
3601,[492.]
3602,[356.]
3603,[594.]
3604,[581.]
3605,[1116.]
3606,[104.]
3607,[256.]
3608,[150.]
3609,[270.]
3610,[325.]
3611,[183.]
3612,[197.]
3613,[202.]
3614,[164.]
3615,[514.]
3616,[137.]
3617,[160.]
3618,[369.]
3619,[636.]
3620,[584.]
3621,[314.]
3622,[364.]
3623,[362.]
3624,[739.]
3625,[255.]
3626,[327.]
3627,[195.]
3628,[472.]
3629,[220.]
3630,[223.]
3631,[693.]
3632,[781.]
3633,[435.]
3634,[459.]
3635,[264.]
3636,[129.]
3637,[737.]
3638,[779.]
3639,[416.]
3640,[294.]
3641,[143.]
3642,[815.]
3643,[1004.]
3644,[216.]
3645,[1086.]
3646,[315.]
3647,[154.]
3648,[434.]
3649,[520.]
3650,[211.]
3651,[202.]
3652,[495.]
3653,[448.]
3654,[135.]
3655,[142.]
3656,[381.]
3657,[422.]
3658,[125.]
3659,[552.]
3660,[622.]
3661,[363.]
3662,[388.]
3663,[506.]
3664,[832.]
3665,[202.]
3666,[486.]
3667,[218.]
3668,[314.]
3669,[547.]
3670,[643.]
3671,[119.]
3672,[226.]
3673,[104.]
3674,[304.]
3675,[196.]
3676,[253.]
3677,[775.]
3678,[959.]
3679,[433.]
3680,[373.]
3681,[473.]
3682,[321.]
3683,[310.]
3684,[197.]
3685,[295.]
3686,[297.]
3687,[172.]
3688,[175.]
3689,[308.]
3690,[341.]
3691,[404.]
3692,[659.]
3693,[1093.]
3694,[1181.]
3695,[377.]
3696,[162.]
3697,[666.]
3698,[280.]
3699,[335.]
3700,[104.]
3701,[552.]
3702,[366.]
3703,[333.]
3704,[212.]
3705,[256.]
3706,[825.]
3707,[571.]
3708,[242.]
3709,[192.]
3710,[688.]
3711,[429.]
3712,[376.]
3713,[402.]
3714,[233.]
3715,[136.]
3716,[263.]
3717,[557.]
3718,[132.]
3719,[296.]
3720,[774.]
3721,[303.]
3722,[216.]
3723,[264.]
3724,[387.]
3725,[306.]
3726,[298.]
3727,[835.]
3728,[138.]
3729,[264.]
3730,[429.]
3731,[354.]
3732,[133.]
3733,[296.]
3734,[189.]
3735,[128.]
3736,[399.]
3737,[473.]
3738,[189.]
3739,[214.]
3740,[881.]
3741,[262.]
3742,[372.]
3743,[208.]
3744,[198.]
3745,[173.]
3746,[346.]
3747,[773.]
3748,[145.]
3749,[495.]
3750,[454.]
3751,[125.]
3752,[501.]
3753,[475.]
3754,[307.]
3755,[447.]
3756,[366.]
3757,[1202.]
3758,[421.]
3759,[475.]
3760,[476.]
3761,[423.]
3762,[552.]
3763,[537.]
3764,[948.]
3765,[427.]
3766,[290.]
3767,[138.]
3768,[128.]
3769,[234.]
3770,[517.]
3771,[136.]
3772,[487.]
3773,[224.]
3774,[125.]
3775,[281.]
3776,[250.]
3777,[167.]
3778,[426.]
3779,[580.]
3780,[636.]
3781,[310.]
3782,[218.]
3783,[361.]
3784,[550.]
3785,[422.]
3786,[424.]
3787,[544.]
3788,[362.]
3789,[302.]
3790,[235.]
3791,[207.]
3792,[127.]
3793,[185.]
3794,[263.]
3795,[393.]
3796,[582.]
3797,[718.]
3798,[227.]
3799,[246.]
3800,[1214.]
3801,[427.]
3802,[221.]
3803,[300.]
3804,[225.]
3805,[480.]
3806,[545.]
3807,[490.]
3808,[147.]
3809,[629.]
3810,[264.]
3811,[127.]
3812,[668.]
3813,[169.]
3814,[561.]
3815,[234.]
3816,[201.]
3817,[104.]
3818,[549.]
3819,[238.]
3820,[554.]
3821,[225.]
3822,[411.]
3823,[127.]
3824,[226.]
3825,[143.]
3826,[392.]
3827,[228.]
3828,[342.]
3829,[507.]
3830,[430.]
3831,[434.]
3832,[223.]
3833,[308.]
3834,[178.]
3835,[399.]
3836,[905.]
3837,[227.]
3838,[141.]
3839,[307.]
3840,[448.]
3841,[437.]
3842,[182.]
3843,[336.]
3844,[345.]
3845,[447.]
3846,[363.]
3847,[718.]
3848,[419.]
3849,[123.]
3850,[758.]
3851,[274.]
3852,[385.]
3853,[724.]
3854,[836.]
3855,[550.]
3856,[412.]
3857,[442.]
3858,[244.]
3859,[603.]
3860,[427.]
3861,[262.]
3862,[166.]
3863,[325.]
3864,[343.]
3865,[467.]
3866,[281.]
3867,[217.]
3868,[141.]
3869,[548.]
3870,[299.]
3871,[201.]
3872,[827.]
3873,[193.]
3874,[496.]
3875,[399.]
3876,[445.]
3877,[330.]
3878,[298.]
3879,[263.]
3880,[543.]
3881,[562.]
3882,[528.]
3883,[752.]
3884,[430.]
3885,[635.]
3886,[329.]
3887,[316.]
3888,[615.]
3889,[250.]
3890,[384.]
3891,[236.]
3892,[625.]
3893,[175.]
3894,[228.]
3895,[455.]
3896,[237.]
3897,[176.]
3898,[512.]
3899,[233.]
3900,[587.]
3901,[413.]
3902,[601.]
3903,[205.]
3904,[309.]
3905,[248.]
3906,[638.]
3907,[412.]
3908,[176.]
3909,[349.]
3910,[147.]
3911,[906.]
3912,[256.]
3913,[132.]
3914,[448.]
3915,[327.]
3916,[262.]
3917,[357.]
3918,[326.]
3919,[326.]
3920,[434.]
3921,[356.]
3922,[180.]
3923,[125.]
3924,[344.]
3925,[134.]
3926,[331.]
3927,[209.]
3928,[139.]
3929,[441.]
3930,[144.]
3931,[330.]
3932,[459.]
3933,[792.]
3934,[435.]
3935,[383.]
3936,[104.]
3937,[202.]
3938,[374.]
3939,[126.]
3940,[568.]
3941,[222.]
3942,[695.]
3943,[393.]
3944,[196.]
3945,[405.]
3946,[371.]
3947,[172.]
3948,[275.]
3949,[333.]
3950,[419.]
3951,[389.]
3952,[198.]
3953,[365.]
3954,[365.]
3955,[121.]
3956,[337.]
3957,[278.]
3958,[148.]
3959,[671.]
3960,[324.]
3961,[707.]
3962,[547.]
3963,[390.]
3964,[701.]
3965,[261.]
3966,[354.]
3967,[286.]
3968,[1091.]
3969,[187.]
3970,[275.]
3971,[205.]
3972,[125.]
3973,[367.]
3974,[182.]
3975,[216.]
3976,[394.]
3977,[277.]
3978,[234.]
3979,[272.]
3980,[451.]
3981,[201.]
3982,[435.]
3983,[569.]
3984,[240.]
3985,[615.]
3986,[823.]
3987,[209.]
3988,[202.]
3989,[280.]
3990,[126.]
3991,[314.]
3992,[408.]
3993,[219.]
3994,[144.]
3995,[282.]
3996,[153.]
3997,[505.]
3998,[215.]
3999,[394.]
4000,[361.]
4001,[793.]
4002,[219.]
4003,[563.]
4004,[209.]
4005,[518.]
4006,[143.]
4007,[276.]
4008,[104.]
4009,[419.]
4010,[152.]
4011,[892.]
4012,[851.]
4013,[890.]
4014,[458.]
4015,[274.]
4016,[325.]
4017,[703.]
4018,[411.]
4019,[396.]
4020,[269.]
4021,[365.]
4022,[191.]
4023,[255.]
4024,[146.]
4025,[293.]
4026,[230.]
4027,[648.]
4028,[429.]
4029,[343.]
4030,[578.]
4031,[349.]
4032,[384.]
4033,[385.]
4034,[235.]
4035,[370.]
4036,[132.]
4037,[424.]
4038,[306.]
4039,[428.]
4040,[295.]
4041,[481.]
4042,[241.]
4043,[250.]
4044,[339.]
4045,[170.]
4046,[436.]
4047,[528.]
4048,[422.]
4049,[573.]
4050,[137.]
4051,[497.]
4052,[671.]
4053,[477.]
4054,[251.]
4055,[572.]
4056,[406.]
4057,[132.]
4058,[402.]
4059,[232.]
4060,[347.]
4061,[528.]
4062,[343.]
4063,[135.]
4064,[413.]
4065,[282.]
4066,[149.]
4067,[204.]
4068,[321.]
4069,[447.]
4070,[347.]
4071,[346.]
4072,[135.]
4073,[377.]
4074,[439.]
4075,[388.]
4076,[162.]
4077,[292.]
4078,[693.]
4079,[188.]
4080,[123.]
4081,[732.]
4082,[289.]
4083,[927.]
4084,[136.]
4085,[183.]
4086,[284.]
4087,[240.]
4088,[340.]
4089,[230.]
4090,[738.]
4091,[349.]
4092,[174.]
4093,[1018.]
4094,[266.]
4095,[515.]
4096,[734.]
4097,[574.]
4098,[220.]
4099,[132.]
4100,[531.]
4101,[309.]
4102,[809.]
4103,[347.]
4104,[324.]
4105,[341.]
4106,[262.]
4107,[391.]
4108,[160.]
4109,[334.]
4110,[410.]
4111,[596.]
4112,[245.]
4113,[156.]
4114,[233.]
4115,[745.]
4116,[335.]
4117,[527.]
4118,[199.]
4119,[534.]
4120,[286.]
4121,[188.]
4122,[211.]
4123,[132.]
4124,[646.]
4125,[878.]
4126,[535.]
4127,[200.]
4128,[373.]
4129,[149.]
4130,[320.]
4131,[572.]
4132,[140.]
4133,[377.]
4134,[192.]
4135,[355.]
4136,[229.]
4137,[975.]
4138,[340.]
4139,[303.]
4140,[181.]
4141,[397.]
4142,[415.]
4143,[528.]
4144,[512.]
4145,[402.]
4146,[492.]
4147,[577.]
4148,[372.]
4149,[195.]
4150,[322.]
4151,[555.]
4152,[286.]
4153,[229.]
4154,[134.]
4155,[174.]
4156,[350.]
4157,[314.]
4158,[104.]
4159,[141.]
4160,[309.]
4161,[143.]
4162,[530.]
4163,[189.]
4164,[146.]
4165,[469.]
4166,[220.]
4167,[231.]
4168,[357.]
4169,[182.]
4170,[453.]
4171,[436.]
4172,[482.]
4173,[330.]
4174,[431.]
4175,[544.]
4176,[290.]
4177,[285.]
4178,[543.]
4179,[237.]
4180,[306.]
4181,[743.]
4182,[495.]
4183,[186.]
4184,[733.]
4185,[843.]
4186,[422.]
4187,[273.]
4188,[391.]
4189,[221.]
4190,[255.]
4191,[198.]
4192,[258.]
4193,[221.]
4194,[136.]
4195,[147.]
4196,[1021.]
4197,[577.]
4198,[284.]
4199,[137.]
4200,[452.]
4201,[199.]
4202,[540.]
4203,[330.]
4204,[338.]
4205,[779.]
4206,[163.]
4207,[236.]
4208,[952.]
4209,[640.]
4210,[185.]
4211,[477.]
4212,[351.]
4213,[480.]
4214,[512.]
4215,[142.]
4216,[469.]
4217,[465.]
4218,[666.]
4219,[174.]
4220,[148.]
4221,[154.]
4222,[509.]
4223,[263.]
4224,[801.]
4225,[565.]
4226,[672.]
4227,[456.]
4228,[128.]
4229,[368.]
4230,[593.]
4231,[415.]
4232,[229.]
4233,[482.]
4234,[402.]
4235,[287.]
4236,[196.]
4237,[499.]
4238,[142.]
4239,[471.]
4240,[521.]
4241,[327.]
4242,[246.]
4243,[592.]
4244,[381.]
4245,[347.]
4246,[460.]
4247,[671.]
4248,[545.]
4249,[244.]
4250,[425.]
4251,[524.]
4252,[121.]
4253,[375.]
4254,[517.]
4255,[173.]
4256,[521.]
4257,[208.]
4258,[272.]
4259,[149.]
4260,[437.]
4261,[465.]
4262,[345.]
4263,[373.]
4264,[297.]
4265,[311.]
4266,[133.]
4267,[604.]
4268,[550.]
4269,[128.]
4270,[775.]
4271,[355.]
4272,[805.]
4273,[292.]
4274,[351.]
4275,[649.]
4276,[310.]
4277,[611.]
4278,[482.]
4279,[233.]
4280,[464.]
4281,[598.]
4282,[326.]
4283,[123.]
4284,[245.]
4285,[824.]
4286,[517.]
4287,[945.]
4288,[427.]
4289,[656.]
4290,[316.]
4291,[369.]
4292,[823.]
4293,[448.]
4294,[607.]
4295,[191.]
4296,[549.]
4297,[1097.]
4298,[136.]
4299,[326.]
4300,[329.]
4301,[599.]
4302,[127.]
4303,[187.]
4304,[158.]
4305,[607.]
4306,[276.]
4307,[275.]
4308,[301.]
4309,[583.]
4310,[132.]
4311,[1145.]
4312,[243.]
4313,[232.]
4314,[149.]
4315,[318.]
4316,[385.]
4317,[257.]
4318,[299.]
4319,[861.]
4320,[194.]
4321,[162.]
4322,[777.]
4323,[180.]
4324,[693.]
4325,[342.]
4326,[285.]
4327,[712.]
4328,[399.]
4329,[168.]
4330,[449.]
4331,[256.]
4332,[365.]
4333,[390.]
4334,[354.]
4335,[262.]
4336,[567.]
4337,[333.]
4338,[191.]
4339,[199.]
4340,[407.]
4341,[148.]
4342,[369.]
4343,[266.]
4344,[364.]
4345,[156.]
4346,[759.]
4347,[668.]
4348,[291.]
4349,[356.]
4350,[131.]
4351,[720.]
4352,[186.]
4353,[545.]
4354,[295.]
4355,[430.]
4356,[166.]
4357,[366.]
4358,[752.]
4359,[335.]
4360,[502.]
4361,[588.]
4362,[222.]
4363,[193.]
4364,[654.]
4365,[350.]
4366,[512.]
4367,[447.]
4368,[181.]
4369,[145.]
4370,[655.]
4371,[197.]
4372,[330.]
4373,[291.]
4374,[614.]
4375,[698.]
4376,[326.]
4377,[688.]
4378,[145.]
4379,[139.]
4380,[288.]
4381,[224.]
4382,[196.]
4383,[194.]
4384,[104.]
4385,[323.]
4386,[182.]
4387,[497.]
4388,[126.]
4389,[163.]
4390,[247.]
4391,[495.]
4392,[369.]
4393,[255.]
4394,[311.]
4395,[145.]
4396,[299.]
4397,[284.]
4398,[488.]
4399,[707.]
4400,[276.]
4401,[142.]
4402,[132.]
4403,[225.]
4404,[136.]
4405,[245.]
4406,[243.]
4407,[353.]
4408,[150.]
4409,[415.]
4410,[133.]
4411,[400.]
4412,[361.]
4413,[283.]
4414,[599.]
4415,[144.]
4416,[353.]
4417,[791.]
4418,[147.]
4419,[452.]
4420,[299.]
4421,[144.]
4422,[317.]
4423,[175.]
4424,[328.]
4425,[541.]
4426,[279.]
4427,[448.]
4428,[267.]
4429,[297.]
4430,[104.]
4431,[390.]
4432,[444.]
4433,[149.]
4434,[266.]
4435,[704.]
4436,[815.]
4437,[255.]
4438,[500.]
4439,[238.]
4440,[213.]
4441,[143.]
4442,[682.]
4443,[254.]
4444,[632.]
4445,[500.]
4446,[179.]
4447,[306.]
4448,[384.]
4449,[402.]
4450,[257.]
4451,[598.]
4452,[295.]
4453,[143.]
4454,[145.]
4455,[140.]
4456,[284.]
4457,[641.]
4458,[704.]
4459,[305.]
4460,[128.]
4461,[768.]
4462,[185.]
4463,[388.]
4464,[290.]
4465,[140.]
4466,[361.]
4467,[219.]
4468,[857.]
4469,[453.]
4470,[598.]
4471,[300.]
4472,[478.]
4473,[510.]
4474,[452.]
4475,[354.]
4476,[412.]
4477,[159.]
4478,[141.]
4479,[596.]
4480,[585.]
4481,[696.]
4482,[607.]
4483,[133.]
4484,[250.]
4485,[180.]
4486,[318.]
4487,[292.]
4488,[127.]
4489,[294.]
4490,[502.]
4491,[195.]
4492,[455.]
4493,[987.]
4494,[637.]
4495,[306.]
4496,[639.]
4497,[254.]
4498,[475.]
4499,[125.]
4500,[501.]
4501,[186.]
4502,[289.]
4503,[217.]
4504,[190.]
4505,[245.]
4506,[194.]
4507,[159.]
4508,[372.]
4509,[208.]
4510,[173.]
4511,[292.]
4512,[314.]
4513,[489.]
4514,[554.]
4515,[382.]
4516,[663.]
4517,[284.]
4518,[277.]
4519,[145.]
4520,[271.]
4521,[500.]
4522,[419.]
4523,[467.]
4524,[251.]
4525,[360.]
4526,[301.]
4527,[493.]
4528,[233.]
4529,[435.]
4530,[536.]
4531,[503.]
4532,[194.]
4533,[568.]
4534,[317.]
4535,[1020.]
4536,[512.]
4537,[865.]
4538,[445.]
4539,[121.]
4540,[576.]
4541,[104.]
4542,[595.]
4543,[411.]
4544,[276.]
4545,[572.]
4546,[144.]
4547,[199.]
4548,[340.]
4549,[496.]
4550,[487.]
4551,[330.]
4552,[237.]
4553,[193.]
4554,[210.]
4555,[765.]
4556,[217.]
4557,[148.]
4558,[133.]
4559,[458.]
4560,[205.]
4561,[250.]
4562,[542.]
4563,[882.]
4564,[231.]
4565,[1075.]
4566,[140.]
4567,[132.]
4568,[810.]
4569,[146.]
4570,[141.]
4571,[219.]
4572,[233.]
4573,[346.]
4574,[155.]
4575,[662.]
4576,[234.]
4577,[135.]
4578,[135.]
4579,[1438.]
4580,[235.]
4581,[526.]
4582,[299.]
4583,[125.]
4584,[143.]
4585,[186.]
4586,[311.]
4587,[439.]
4588,[289.]
4589,[572.]
4590,[456.]
4591,[223.]
4592,[223.]
4593,[219.]
4594,[653.]
4595,[232.]
4596,[315.]
4597,[203.]
4598,[306.]
4599,[325.]
4600,[877.]
4601,[154.]
4602,[479.]
4603,[305.]
4604,[163.]
4605,[129.]
4606,[402.]
4607,[157.]
4608,[383.]
4609,[656.]
4610,[379.]
4611,[405.]
4612,[264.]
4613,[233.]
4614,[673.]
4615,[477.]
4616,[397.]
4617,[307.]
4618,[158.]
4619,[317.]
4620,[178.]
4621,[435.]
4622,[537.]
4623,[647.]
4624,[269.]
4625,[295.]
4626,[149.]
4627,[170.]
4628,[502.]
4629,[740.]
4630,[792.]
4631,[496.]
4632,[425.]
4633,[333.]
4634,[128.]
4635,[204.]
4636,[271.]
4637,[389.]
4638,[104.]
4639,[156.]
4640,[596.]
4641,[328.]
4642,[214.]
4643,[223.]
4644,[295.]
4645,[434.]
4646,[657.]
4647,[592.]
4648,[341.]
4649,[278.]
4650,[338.]
4651,[452.]
4652,[414.]
4653,[273.]
4654,[860.]
4655,[172.]
4656,[197.]
4657,[370.]
4658,[358.]
4659,[625.]
4660,[730.]
4661,[123.]
4662,[507.]
4663,[640.]
4664,[851.]
4665,[415.]
4666,[465.]
4667,[132.]
4668,[240.]
4669,[322.]
4670,[144.]
4671,[412.]
4672,[701.]
4673,[247.]
4674,[255.]
4675,[332.]
4676,[640.]
4677,[297.]
4678,[283.]
4679,[590.]
4680,[146.]
4681,[101.]
4682,[518.]
4683,[367.]
4684,[178.]
4685,[502.]
4686,[440.]
4687,[520.]
4688,[240.]
4689,[241.]
4690,[337.]
4691,[213.]
4692,[470.]
4693,[761.]
4694,[382.]
4695,[472.]
4696,[281.]
4697,[463.]
4698,[514.]
4699,[325.]
4700,[818.]
4701,[253.]
4702,[605.]
4703,[387.]
4704,[289.]
4705,[261.]
4706,[444.]
4707,[128.]
4708,[133.]
4709,[825.]
4710,[272.]
4711,[132.]
4712,[283.]
4713,[281.]
4714,[184.]
4715,[791.]
4716,[723.]
4717,[104.]
4718,[894.]
4719,[776.]
4720,[307.]
4721,[354.]
4722,[551.]
4723,[137.]
4724,[274.]
4725,[451.]
4726,[374.]
4727,[236.]
4728,[373.]
4729,[245.]
4730,[253.]
4731,[594.]
4732,[367.]
4733,[408.]
4734,[531.]
4735,[353.]
4736,[299.]
4737,[395.]
4738,[171.]
4739,[580.]
4740,[279.]
4741,[347.]
4742,[435.]
4743,[674.]
4744,[486.]
4745,[424.]
4746,[594.]
4747,[135.]
4748,[189.]
4749,[454.]
4750,[907.]
4751,[469.]
4752,[409.]
4753,[493.]
4754,[615.]
4755,[125.]
4756,[362.]
4757,[154.]
4758,[583.]
4759,[104.]
4760,[495.]
4761,[204.]
4762,[431.]
4763,[368.]
4764,[122.]
4765,[277.]
4766,[286.]
4767,[635.]
4768,[500.]
4769,[246.]
4770,[1096.]
4771,[400.]
4772,[365.]
4773,[334.]
4774,[835.]
4775,[433.]
4776,[408.]
4777,[152.]
4778,[132.]
4779,[538.]
4780,[340.]
4781,[214.]
4782,[468.]
4783,[202.]
4784,[122.]
4785,[288.]
4786,[184.]
4787,[246.]
4788,[282.]
4789,[555.]
4790,[301.]
4791,[674.]
4792,[406.]
4793,[241.]
4794,[284.]
4795,[502.]
4796,[806.]
4797,[336.]
4798,[471.]
4799,[298.]
4800,[104.]
4801,[325.]
4802,[820.]
4803,[526.]
4804,[140.]
4805,[862.]
4806,[481.]
4807,[487.]
4808,[547.]
4809,[492.]
4810,[500.]
4811,[247.]
4812,[272.]
4813,[530.]
4814,[453.]
4815,[257.]
4816,[746.]
4817,[506.]
4818,[305.]
4819,[347.]
4820,[127.]
4821,[222.]
4822,[207.]
4823,[609.]
4824,[241.]
4825,[537.]
4826,[666.]
4827,[472.]
4828,[348.]
4829,[295.]
4830,[145.]
4831,[252.]
4832,[540.]
4833,[226.]
4834,[122.]
4835,[416.]
4836,[314.]
4837,[463.]
4838,[239.]
4839,[243.]
4840,[561.]
4841,[204.]
4842,[605.]
4843,[143.]
4844,[314.]
4845,[365.]
4846,[830.]
4847,[178.]
4848,[299.]
4849,[176.]
4850,[434.]
4851,[272.]
4852,[433.]
4853,[292.]
4854,[193.]
4855,[152.]
4856,[324.]
4857,[590.]
4858,[380.]
4859,[133.]
4860,[133.]
4861,[443.]
4862,[482.]
4863,[778.]
4864,[227.]
4865,[482.]
4866,[333.]
4867,[129.]
4868,[170.]
4869,[221.]
4870,[679.]
4871,[480.]
4872,[153.]
4873,[461.]
4874,[242.]
4875,[370.]
4876,[430.]
4877,[148.]
4878,[183.]
4879,[715.]
4880,[940.]
4881,[485.]
4882,[158.]
4883,[576.]
4884,[155.]
4885,[151.]
4886,[258.]
4887,[311.]
4888,[629.]
4889,[509.]
4890,[232.]
4891,[509.]
4892,[563.]
4893,[519.]
4894,[427.]
4895,[401.]
4896,[512.]
4897,[227.]
4898,[760.]
4899,[340.]
4900,[331.]
4901,[104.]
4902,[304.]
4903,[143.]
4904,[564.]
4905,[184.]
4906,[577.]
4907,[529.]
4908,[683.]
4909,[479.]
4910,[244.]
4911,[134.]
4912,[484.]
4913,[543.]
4914,[292.]
4915,[373.]
4916,[640.]
4917,[538.]
4918,[281.]
4919,[312.]
4920,[540.]
4921,[325.]
4922,[193.]
4923,[726.]
4924,[1086.]
4925,[469.]
4926,[389.]
4927,[744.]
4928,[238.]
4929,[646.]
4930,[235.]
4931,[101.]
4932,[269.]
4933,[387.]
4934,[104.]
4935,[380.]
4936,[457.]
4937,[510.]
4938,[450.]
4939,[237.]
4940,[607.]
4941,[454.]
4942,[152.]
4943,[319.]
4944,[246.]
4945,[456.]
4946,[119.]
4947,[144.]
4948,[547.]
4949,[695.]
4950,[254.]
4951,[408.]
4952,[148.]
4953,[623.]
4954,[339.]
4955,[104.]
4956,[463.]
4957,[379.]
4958,[122.]
4959,[449.]
4960,[253.]
4961,[166.]
4962,[652.]
4963,[280.]
4964,[196.]
4965,[930.]
4966,[287.]
4967,[175.]
4968,[212.]
4969,[819.]
4970,[298.]
4971,[285.]
4972,[819.]
4973,[180.]
4974,[567.]
4975,[1326.]
4976,[918.]
4977,[568.]
4978,[646.]
4979,[443.]
4980,[304.]
4981,[389.]
4982,[401.]
4983,[338.]
4984,[152.]
4985,[247.]
4986,[289.]
4987,[232.]
4988,[187.]
4989,[909.]
4990,[522.]
4991,[197.]
4992,[456.]
4993,[489.]
4994,[147.]
4995,[665.]
4996,[125.]
4997,[369.]
4998,[526.]
4999,[660.]
5000,[364.]
