Episodio,Puntaje
1,[-0.06300001]
2,[-0.059]
3,[0.91]
4,[-0.071]
5,[-0.075]
6,[-0.06300001]
7,[-0.067]
8,[-0.079]
9,[-0.059]
10,[-0.067]
11,[-0.09500001]
12,[-0.071]
13,[-0.067]
14,[-0.06300001]
15,[-0.059]
16,[-0.059]
17,[-0.079]
18,[-0.10700001]
19,[-0.071]
20,[-0.067]
21,[-0.06300001]
22,[-0.079]
23,[-0.079]
24,[-0.075]
25,[-0.079]
26,[-0.06300001]
27,[0.962]
28,[0.956]
29,[-0.11100001]
30,[-0.059]
31,[-0.087]
32,[-0.079]
33,[-0.059]
34,[-0.067]
35,[-0.067]
36,[-0.067]
37,[-0.09100001]
38,[-0.06300001]
39,[-0.075]
40,[-0.067]
41,[-0.083]
42,[-0.059]
43,[-0.083]
44,[-0.10700001]
45,[-0.067]
46,[-0.059]
47,[-0.059]
48,[-0.059]
49,[-0.06300001]
50,[-0.06300001]
51,[-0.067]
52,[-0.067]
53,[-0.087]
54,[-0.09100001]
55,[-0.059]
56,[-0.067]
57,[-0.067]
58,[-0.075]
59,[-0.067]
60,[-0.06300001]
61,[-0.067]
62,[-0.071]
63,[-0.087]
64,[-0.067]
65,[-0.071]
66,[-0.075]
67,[-0.087]
68,[-0.067]
69,[-0.059]
70,[-0.083]
71,[-0.059]
72,[0.945]
73,[-0.087]
74,[-0.059]
75,[-0.067]
76,[-0.059]
77,[-0.059]
78,[-0.083]
79,[-0.059]
80,[-0.075]
81,[0.951]
82,[-0.083]
83,[-0.079]
84,[-0.083]
85,[0.894]
86,[-0.10700001]
87,[-0.075]
88,[-0.071]
89,[-0.11900001]
90,[-0.071]
91,[-0.11100001]
92,[-0.067]
93,[-0.10300001]
94,[-0.087]
95,[-0.071]
96,[-0.06300001]
97,[-0.087]
98,[0.94200003]
99,[-0.083]
100,[-0.059]
101,[-0.079]
102,[-0.06300001]
103,[-0.06300001]
104,[-0.071]
105,[-0.075]
106,[-0.067]
107,[-0.06300001]
108,[-0.067]
109,[-0.087]
110,[-0.11100001]
111,[-0.075]
112,[-0.06300001]
113,[-0.087]
114,[-0.059]
115,[-0.059]
116,[-0.06300001]
117,[-0.059]
118,[-0.059]
119,[-0.11100001]
120,[-0.067]
121,[-0.10700001]
122,[-0.059]
123,[-0.071]
124,[-0.059]
125,[-0.075]
126,[-0.067]
127,[0.926]
128,[-0.06300001]
129,[-0.06300001]
130,[-0.06300001]
131,[-0.071]
132,[-0.071]
133,[-0.071]
134,[-0.083]
135,[-0.071]
136,[-0.10300001]
137,[-0.079]
138,[-0.071]
139,[-0.06300001]
140,[-0.059]
141,[0.951]
142,[-0.071]
143,[-0.067]
144,[-0.079]
145,[-0.071]
146,[-0.059]
147,[0.951]
148,[-0.079]
149,[-0.06300001]
150,[-0.059]
151,[-0.059]
152,[-0.075]
153,[-0.06300001]
154,[-0.11100001]
155,[-0.067]
156,[-0.06300001]
157,[-0.083]
158,[0.93299997]
159,[0.96099997]
160,[-0.06300001]
161,[-0.067]
162,[-0.059]
163,[-0.067]
164,[-0.079]
165,[-0.06300001]
166,[-0.06300001]
167,[-0.075]
168,[-0.059]
169,[-0.071]
170,[-0.059]
171,[-0.071]
172,[-0.083]
173,[-0.067]
174,[-0.067]
175,[-0.067]
176,[-0.06300001]
177,[-0.10300001]
178,[-0.09100001]
179,[-0.075]
180,[-0.06300001]
181,[-0.06300001]
182,[-0.071]
183,[-0.059]
184,[-0.059]
185,[-0.067]
186,[-0.059]
187,[-0.075]
188,[0.928]
189,[-0.06300001]
190,[-0.10300001]
191,[-0.06300001]
192,[-0.059]
193,[-0.087]
194,[-0.059]
195,[0.95699996]
196,[-0.079]
197,[-0.059]
198,[-0.059]
199,[-0.059]
200,[-0.059]
201,[-0.06300001]
202,[0.91400003]
203,[-0.071]
204,[-0.09100001]
205,[-0.09900001]
206,[-0.059]
207,[-0.067]
208,[-0.071]
209,[-0.11900001]
210,[-0.079]
211,[-0.083]
212,[-0.075]
213,[-0.09500001]
214,[-0.06300001]
215,[-0.083]
216,[0.939]
217,[0.956]
218,[-0.075]
219,[-0.087]
220,[-0.071]
221,[-0.087]
222,[-0.079]
223,[-0.067]
224,[-0.079]
225,[-0.06300001]
226,[-0.067]
227,[-0.075]
228,[0.939]
229,[-0.059]
230,[-0.067]
231,[-0.079]
232,[-0.06300001]
233,[-0.071]
234,[-0.06300001]
235,[-0.067]
236,[-0.071]
237,[-0.059]
238,[-0.087]
239,[-0.075]
240,[0.95199996]
241,[-0.06300001]
242,[-0.059]
243,[-0.083]
244,[-0.079]
245,[-0.079]
246,[-0.071]
247,[0.935]
248,[-0.06300001]
249,[-0.059]
250,[-0.067]
251,[-0.059]
252,[-0.075]
253,[-0.067]
254,[-0.071]
255,[-0.067]
256,[-0.071]
257,[0.94600004]
258,[-0.071]
259,[-0.071]
260,[-0.059]
261,[-0.11500001]
262,[0.96]
263,[-0.06300001]
264,[-0.06300001]
265,[-0.067]
266,[-0.071]
267,[-0.067]
268,[-0.06300001]
269,[-0.067]
270,[-0.059]
271,[-0.083]
272,[-0.09500001]
273,[-0.06300001]
274,[-0.075]
275,[-0.06300001]
276,[-0.075]
277,[-0.09100001]
278,[-0.067]
279,[-0.09100001]
280,[-0.067]
281,[-0.09100001]
282,[-0.067]
283,[-0.067]
284,[-0.06300001]
285,[-0.09900001]
286,[-0.079]
287,[-0.071]
288,[-0.075]
289,[-0.067]
290,[-0.083]
291,[-0.067]
292,[-0.079]
293,[-0.067]
294,[0.95699996]
295,[-0.075]
296,[-0.059]
297,[-0.087]
298,[-0.075]
299,[-0.075]
300,[-0.075]
301,[-0.071]
302,[-0.09900001]
303,[-0.059]
304,[0.95699996]
305,[-0.071]
306,[-0.067]
307,[-0.06300001]
308,[-0.059]
309,[-0.06300001]
310,[-0.06300001]
311,[-0.071]
312,[-0.079]
313,[-0.083]
314,[-0.059]
315,[-0.087]
316,[-0.06300001]
317,[0.959]
318,[-0.059]
319,[-0.059]
320,[-0.11100001]
321,[-0.059]
322,[-0.079]
323,[-0.06300001]
324,[-0.059]
325,[-0.059]
326,[-0.079]
327,[-0.075]
328,[-0.071]
329,[-0.079]
330,[0.921]
331,[-0.059]
332,[-0.06300001]
333,[-0.075]
334,[0.907]
335,[-0.075]
336,[-0.067]
337,[-0.067]
338,[-0.075]
339,[-0.083]
340,[-0.059]
341,[-0.059]
342,[-0.075]
343,[-0.06300001]
344,[-0.09900001]
345,[-0.067]
346,[0.92899996]
347,[-0.059]
348,[-0.059]
349,[0.954]
350,[-0.059]
351,[-0.075]
352,[-0.059]
353,[-0.059]
354,[-0.067]
355,[-0.067]
356,[-0.079]
357,[-0.079]
358,[-0.075]
359,[-0.071]
360,[-0.059]
361,[-0.075]
362,[-0.06300001]
363,[-0.083]
364,[-0.059]
365,[-0.06300001]
366,[-0.083]
367,[-0.067]
368,[0.95699996]
369,[-0.059]
370,[-0.059]
371,[0.936]
372,[0.923]
373,[-0.06300001]
374,[-0.075]
375,[-0.10700001]
376,[-0.059]
377,[-0.06300001]
378,[-0.06300001]
379,[-0.09900001]
380,[-0.09100001]
381,[-0.075]
382,[-0.083]
383,[-0.06300001]
384,[-0.067]
385,[-0.09900001]
386,[-0.079]
387,[-0.09500001]
388,[-0.059]
389,[-0.079]
390,[0.945]
391,[-0.06300001]
392,[-0.083]
393,[-0.071]
394,[-0.087]
395,[-0.09900001]
396,[-0.06300001]
397,[-0.06300001]
398,[-0.059]
399,[-0.079]
400,[0.95000005]
401,[-0.075]
402,[0.95000005]
403,[-0.10300001]
404,[0.96099997]
405,[-0.071]
406,[-0.075]
407,[-0.11100001]
408,[-0.06300001]
409,[-0.059]
410,[-0.087]
411,[-0.059]
412,[-0.087]
413,[-0.075]
414,[-0.071]
415,[-0.10700001]
416,[-0.071]
417,[-0.071]
418,[-0.06300001]
419,[-0.075]
420,[-0.071]
421,[-0.06300001]
422,[-0.083]
423,[-0.06300001]
424,[-0.059]
425,[-0.079]
426,[-0.083]
427,[-0.06300001]
428,[0.941]
429,[-0.059]
430,[-0.059]
431,[-0.087]
432,[-0.06300001]
433,[-0.059]
434,[-0.059]
435,[-0.09500001]
436,[-0.079]
437,[0.944]
438,[-0.06300001]
439,[-0.06300001]
440,[-0.06300001]
441,[-0.083]
442,[-0.06300001]
443,[-0.071]
444,[-0.06300001]
445,[0.94200003]
446,[-0.079]
447,[-0.09100001]
448,[-0.059]
449,[-0.09900001]
450,[-0.071]
451,[-0.067]
452,[0.95000005]
453,[-0.079]
454,[0.95000005]
455,[-0.059]
456,[-0.06300001]
457,[-0.083]
458,[-0.09500001]
459,[-0.071]
460,[-0.067]
461,[-0.079]
462,[-0.075]
463,[-0.087]
464,[-0.071]
465,[0.936]
466,[-0.087]
467,[-0.059]
468,[-0.09100001]
469,[-0.075]
470,[-0.059]
471,[-0.06300001]
472,[-0.10300001]
473,[-0.06300001]
474,[-0.071]
475,[-0.059]
476,[0.94600004]
477,[-0.06300001]
478,[-0.10300001]
479,[-0.071]
480,[-0.059]
481,[-0.075]
482,[-0.059]
483,[-0.075]
484,[-0.071]
485,[-0.079]
486,[-0.06300001]
487,[-0.071]
488,[-0.09100001]
489,[-0.06300001]
490,[-0.06300001]
491,[-0.059]
492,[-0.067]
493,[-0.071]
494,[-0.09100001]
495,[-0.06300001]
496,[-0.09500001]
497,[-0.079]
498,[0.941]
499,[-0.079]
500,[0.93]
501,[-0.067]
502,[-0.071]
503,[-0.075]
504,[-0.075]
505,[-0.09900001]
506,[-0.06300001]
507,[-0.071]
508,[-0.071]
509,[0.96]
510,[-0.075]
511,[-0.075]
512,[-0.071]
513,[-0.075]
514,[-0.087]
515,[-0.059]
516,[-0.059]
517,[-0.083]
518,[-0.087]
519,[-0.079]
520,[-0.079]
521,[-0.059]
522,[0.944]
523,[-0.067]
524,[-0.075]
525,[-0.067]
526,[-0.067]
527,[-0.059]
528,[-0.09100001]
529,[-0.06300001]
530,[-0.067]
531,[-0.075]
532,[-0.075]
533,[-0.06300001]
534,[-0.06300001]
535,[-0.067]
536,[-0.083]
537,[-0.071]
538,[-0.059]
539,[-0.059]
540,[-0.075]
541,[-0.059]
542,[-0.067]
543,[-0.06300001]
544,[-0.067]
545,[-0.09100001]
546,[-0.06300001]
547,[-0.067]
548,[-0.059]
549,[-0.079]
550,[-0.06300001]
551,[-0.067]
552,[0.947]
553,[-0.079]
554,[-0.06300001]
555,[-0.06300001]
556,[-0.059]
557,[-0.067]
558,[-0.06300001]
559,[-0.059]
560,[-0.059]
561,[-0.075]
562,[-0.071]
563,[-0.087]
564,[-0.087]
565,[-0.067]
566,[-0.06300001]
567,[-0.083]
568,[-0.087]
569,[-0.071]
570,[-0.067]
571,[-0.087]
572,[-0.059]
573,[-0.071]
574,[-0.087]
575,[-0.09100001]
576,[-0.067]
577,[-0.059]
578,[-0.059]
579,[-0.071]
580,[-0.071]
581,[-0.11500001]
582,[-0.079]
583,[-0.059]
584,[0.959]
585,[-0.067]
586,[-0.09500001]
587,[-0.06300001]
588,[-0.059]
589,[-0.06300001]
590,[-0.059]
591,[-0.06300001]
592,[-0.067]
593,[-0.06300001]
594,[-0.079]
595,[-0.067]
596,[-0.09500001]
597,[-0.059]
598,[-0.067]
599,[-0.06300001]
600,[-0.09100001]
601,[-0.059]
602,[-0.06300001]
603,[-0.075]
604,[-0.09500001]
605,[0.938]
606,[-0.067]
607,[-0.09100001]
608,[-0.067]
609,[-0.06300001]
610,[-0.067]
611,[0.939]
612,[-0.059]
613,[-0.071]
614,[-0.06300001]
615,[-0.09100001]
616,[-0.059]
617,[-0.06300001]
618,[-0.071]
619,[-0.075]
620,[-0.059]
621,[-0.067]
622,[-0.06300001]
623,[-0.067]
624,[0.95699996]
625,[-0.06300001]
626,[-0.067]
627,[-0.059]
628,[0.947]
629,[-0.059]
630,[0.951]
631,[-0.06300001]
632,[-0.067]
633,[-0.067]
634,[-0.071]
635,[-0.06300001]
636,[-0.059]
637,[-0.06300001]
638,[-0.09900001]
639,[-0.135]
640,[-0.079]
641,[-0.06300001]
642,[-0.059]
643,[-0.06300001]
644,[-0.067]
645,[-0.059]
646,[-0.071]
647,[-0.083]
648,[-0.06300001]
649,[-0.071]
650,[-0.087]
651,[-0.083]
652,[-0.06300001]
653,[-0.079]
654,[-0.079]
655,[-0.059]
656,[-0.071]
657,[-0.067]
658,[-0.079]
659,[-0.075]
660,[-0.059]
661,[-0.059]
662,[-0.059]
663,[-0.10700001]
664,[-0.059]
665,[-0.079]
666,[-0.09900001]
667,[0.941]
668,[-0.071]
669,[-0.059]
670,[-0.087]
671,[-0.06300001]
672,[-0.067]
673,[-0.071]
674,[-0.06300001]
675,[-0.09900001]
676,[0.911]
677,[-0.087]
678,[-0.071]
679,[0.931]
680,[-0.10300001]
681,[-0.059]
682,[-0.059]
683,[-0.139]
684,[-0.083]
685,[0.948]
686,[-0.071]
687,[-0.087]
688,[-0.06300001]
689,[0.95699996]
690,[-0.06300001]
691,[-0.06300001]
692,[-0.09100001]
693,[0.945]
694,[-0.09500001]
695,[-0.083]
696,[0.931]
697,[-0.075]
698,[-0.059]
699,[-0.06300001]
700,[-0.067]
701,[-0.075]
702,[-0.075]
703,[-0.075]
704,[-0.059]
705,[-0.075]
706,[-0.059]
707,[-0.067]
708,[-0.06300001]
709,[-0.10700001]
710,[-0.059]
711,[-0.059]
712,[-0.067]
713,[0.95699996]
714,[-0.06300001]
715,[-0.059]
716,[-0.059]
717,[-0.06300001]
718,[-0.06300001]
719,[-0.075]
720,[-0.135]
721,[-0.067]
722,[-0.075]
723,[0.95199996]
724,[-0.059]
725,[-0.075]
726,[-0.11500001]
727,[-0.11500001]
728,[-0.059]
729,[-0.06300001]
730,[0.948]
731,[-0.09100001]
732,[-0.067]
733,[-0.071]
734,[-0.059]
735,[-0.059]
736,[-0.059]
737,[-0.087]
738,[-0.075]
739,[-0.067]
740,[-0.075]
741,[-0.071]
742,[-0.083]
743,[-0.075]
744,[-0.06300001]
745,[-0.067]
746,[-0.06300001]
747,[-0.059]
748,[-0.067]
749,[-0.067]
750,[-0.09500001]
751,[-0.13100001]
752,[-0.09100001]
753,[-0.059]
754,[-0.06300001]
755,[-0.06300001]
756,[-0.06300001]
757,[-0.059]
758,[-0.071]
759,[-0.087]
760,[-0.059]
761,[-0.10300001]
762,[-0.075]
763,[-0.083]
764,[-0.06300001]
765,[-0.06300001]
766,[0.921]
767,[-0.06300001]
768,[-0.06300001]
769,[-0.06300001]
770,[-0.075]
771,[-0.067]
772,[-0.059]
773,[-0.079]
774,[-0.10700001]
775,[-0.059]
776,[-0.059]
777,[-0.059]
778,[-0.071]
779,[-0.059]
780,[-0.059]
781,[-0.059]
782,[-0.06300001]
783,[-0.075]
784,[-0.071]
785,[-0.06300001]
786,[-0.079]
787,[-0.067]
788,[-0.071]
789,[-0.09500001]
790,[0.96]
791,[-0.059]
792,[-0.09500001]
793,[-0.059]
794,[-0.071]
795,[-0.075]
796,[0.934]
797,[-0.075]
798,[-0.071]
799,[-0.10700001]
800,[-0.059]
801,[-0.067]
802,[-0.071]
803,[-0.059]
804,[-0.075]
805,[-0.09500001]
806,[-0.067]
807,[-0.079]
808,[-0.067]
809,[-0.09500001]
810,[-0.071]
811,[-0.075]
812,[-0.079]
813,[-0.059]
814,[-0.067]
815,[0.92499995]
816,[-0.06300001]
817,[-0.06300001]
818,[-0.067]
819,[0.954]
820,[-0.059]
821,[-0.09100001]
822,[-0.079]
823,[-0.059]
824,[-0.067]
825,[-0.06300001]
826,[-0.067]
827,[-0.079]
828,[-0.11100001]
829,[-0.075]
830,[-0.059]
831,[-0.067]
832,[-0.087]
833,[-0.059]
834,[-0.071]
835,[-0.067]
836,[-0.059]
837,[-0.059]
838,[-0.083]
839,[-0.067]
840,[-0.075]
841,[-0.059]
842,[-0.071]
843,[-0.06300001]
844,[-0.06300001]
845,[-0.067]
846,[-0.075]
847,[-0.10700001]
848,[-0.09900001]
849,[-0.071]
850,[-0.083]
851,[0.949]
852,[-0.059]
853,[-0.087]
854,[-0.075]
855,[-0.067]
856,[-0.075]
857,[-0.075]
858,[-0.067]
859,[-0.059]
860,[-0.06300001]
861,[0.91800004]
862,[-0.075]
863,[-0.059]
864,[-0.079]
865,[-0.059]
866,[-0.079]
867,[-0.059]
868,[-0.079]
869,[-0.067]
870,[-0.06300001]
871,[0.956]
872,[-0.10700001]
873,[-0.06300001]
874,[0.95000005]
875,[-0.06300001]
876,[-0.075]
877,[-0.079]
878,[-0.10300001]
879,[-0.06300001]
880,[-0.059]
881,[-0.059]
882,[-0.059]
883,[-0.059]
884,[-0.06300001]
885,[-0.067]
886,[-0.067]
887,[-0.14299999]
888,[-0.10300001]
889,[-0.075]
890,[-0.067]
891,[-0.059]
892,[-0.059]
893,[-0.071]
894,[-0.09100001]
895,[-0.075]
896,[0.943]
897,[-0.059]
898,[-0.059]
899,[-0.087]
900,[-0.09100001]
901,[-0.075]
902,[0.95699996]
903,[-0.06300001]
904,[0.949]
905,[-0.059]
906,[-0.059]
907,[-0.071]
908,[-0.083]
909,[-0.075]
910,[-0.075]
911,[-0.06300001]
912,[-0.06300001]
913,[-0.075]
914,[-0.06300001]
915,[-0.079]
916,[-0.083]
917,[-0.075]
918,[-0.075]
919,[-0.071]
920,[-0.071]
921,[-0.06300001]
922,[-0.059]
923,[-0.079]
924,[-0.087]
925,[-0.087]
926,[-0.071]
927,[-0.067]
928,[-0.06300001]
929,[-0.059]
930,[-0.067]
931,[-0.087]
932,[-0.059]
933,[-0.075]
934,[-0.059]
935,[-0.059]
936,[-0.059]
937,[0.948]
938,[-0.071]
939,[-0.075]
940,[-0.06300001]
941,[-0.06300001]
942,[-0.059]
943,[-0.06300001]
944,[-0.06300001]
945,[-0.09100001]
946,[-0.071]
947,[-0.075]
948,[-0.083]
949,[-0.067]
950,[-0.06300001]
951,[-0.06300001]
952,[-0.06300001]
953,[-0.071]
954,[-0.06300001]
955,[-0.06300001]
956,[-0.067]
957,[-0.083]
958,[-0.067]
959,[-0.10700001]
960,[-0.075]
961,[-0.079]
962,[0.951]
963,[-0.067]
964,[-0.083]
965,[-0.09500001]
966,[-0.09900001]
967,[-0.06300001]
968,[-0.067]
969,[-0.06300001]
970,[-0.071]
971,[-0.11900001]
972,[-0.075]
973,[-0.075]
974,[-0.059]
975,[-0.11100001]
976,[-0.11500001]
977,[-0.06300001]
978,[-0.067]
979,[-0.067]
980,[-0.059]
981,[-0.083]
982,[-0.06300001]
983,[-0.079]
984,[-0.071]
985,[-0.075]
986,[-0.067]
987,[-0.067]
988,[-0.071]
989,[-0.079]
990,[-0.067]
991,[-0.067]
992,[-0.06300001]
993,[-0.06300001]
994,[-0.059]
995,[-0.10300001]
996,[0.958]
997,[-0.067]
998,[0.904]
999,[-0.071]
1000,[-0.071]
1001,[-0.083]
1002,[-0.059]
1003,[-0.075]
1004,[-0.067]
1005,[-0.083]
1006,[-0.06300001]
1007,[-0.059]
1008,[-0.079]
1009,[-0.059]
1010,[-0.083]
1011,[-0.09900001]
1012,[-0.083]
1013,[-0.06300001]
1014,[-0.09500001]
1015,[-0.075]
1016,[-0.06300001]
1017,[-0.14299999]
1018,[-0.059]
1019,[-0.075]
1020,[-0.067]
1021,[-0.071]
1022,[-0.09100001]
1023,[-0.059]
1024,[-0.059]
1025,[-0.071]
1026,[-0.09500001]
1027,[-0.087]
1028,[-0.09500001]
1029,[-0.06300001]
1030,[-0.071]
1031,[-0.067]
1032,[-0.06300001]
1033,[-0.059]
1034,[-0.067]
1035,[0.949]
1036,[-0.17499994]
1037,[-0.071]
1038,[-0.067]
1039,[0.956]
1040,[-0.071]
1041,[-0.071]
1042,[-0.083]
1043,[-0.06300001]
1044,[-0.059]
1045,[-0.075]
1046,[-0.067]
1047,[-0.059]
1048,[-0.06300001]
1049,[-0.087]
1050,[-0.09900001]
1051,[0.907]
1052,[-0.071]
1053,[-0.11100001]
1054,[-0.083]
1055,[-0.083]
1056,[-0.059]
1057,[-0.067]
1058,[-0.059]
1059,[-0.087]
1060,[-0.067]
1061,[0.94200003]
1062,[-0.075]
1063,[-0.075]
1064,[-0.075]
1065,[-0.059]
1066,[-0.067]
1067,[-0.06300001]
1068,[-0.067]
1069,[-0.06300001]
1070,[-0.06300001]
1071,[-0.071]
1072,[-0.075]
1073,[-0.06300001]
1074,[-0.06300001]
1075,[-0.09500001]
1076,[-0.09900001]
1077,[-0.075]
1078,[-0.083]
1079,[-0.06300001]
1080,[-0.067]
1081,[-0.067]
1082,[0.954]
1083,[-0.071]
1084,[-0.083]
1085,[-0.067]
1086,[-0.067]
1087,[-0.06300001]
1088,[-0.087]
1089,[-0.067]
1090,[-0.083]
1091,[-0.059]
1092,[-0.059]
1093,[-0.071]
1094,[-0.079]
1095,[0.93299997]
1096,[-0.067]
1097,[-0.087]
1098,[-0.09100001]
1099,[-0.059]
1100,[-0.079]
1101,[-0.06300001]
1102,[-0.059]
1103,[-0.059]
1104,[-0.059]
1105,[-0.06300001]
1106,[-0.071]
1107,[-0.075]
1108,[-0.06300001]
1109,[-0.071]
1110,[-0.067]
1111,[-0.06300001]
1112,[-0.075]
1113,[-0.075]
1114,[-0.087]
1115,[-0.06300001]
1116,[-0.067]
1117,[0.928]
1118,[-0.10300001]
1119,[-0.075]
1120,[0.95199996]
1121,[-0.075]
1122,[-0.12700002]
1123,[-0.09100001]
1124,[-0.071]
1125,[-0.087]
1126,[-0.06300001]
1127,[0.948]
1128,[-0.087]
1129,[0.944]
1130,[-0.059]
1131,[-0.083]
1132,[-0.059]
1133,[-0.071]
1134,[-0.071]
1135,[-0.059]
1136,[-0.079]
1137,[-0.067]
1138,[-0.067]
1139,[-0.06300001]
1140,[-0.06300001]
1141,[-0.10300001]
1142,[-0.067]
1143,[-0.09500001]
1144,[-0.10300001]
1145,[-0.087]
1146,[-0.067]
1147,[-0.079]
1148,[-0.059]
1149,[-0.06300001]
1150,[-0.09100001]
1151,[-0.059]
1152,[-0.075]
1153,[0.95699996]
1154,[-0.059]
1155,[-0.075]
1156,[-0.06300001]
1157,[-0.071]
1158,[-0.075]
1159,[-0.071]
1160,[0.951]
1161,[-0.059]
1162,[-0.075]
1163,[-0.059]
1164,[0.938]
1165,[-0.067]
1166,[-0.059]
1167,[-0.079]
1168,[-0.09100001]
1169,[-0.067]
1170,[-0.06300001]
1171,[-0.10700001]
1172,[0.913]
1173,[-0.067]
1174,[0.944]
1175,[-0.13100001]
1176,[-0.079]
1177,[-0.067]
1178,[-0.067]
1179,[-0.075]
1180,[-0.06300001]
1181,[-0.079]
1182,[-0.10300001]
1183,[-0.059]
1184,[-0.11100001]
1185,[-0.10300001]
1186,[-0.059]
1187,[-0.071]
1188,[-0.10700001]
1189,[-0.06300001]
1190,[-0.075]
1191,[-0.059]
1192,[-0.079]
1193,[-0.06300001]
1194,[-0.075]
1195,[-0.083]
1196,[-0.075]
1197,[-0.06300001]
1198,[0.95000005]
1199,[-0.06300001]
1200,[-0.06300001]
1201,[0.96]
1202,[-0.079]
1203,[0.926]
1204,[-0.06300001]
1205,[-0.09500001]
1206,[-0.075]
1207,[-0.06300001]
1208,[-0.06300001]
1209,[-0.059]
1210,[-0.06300001]
1211,[-0.075]
1212,[-0.06300001]
1213,[-0.09500001]
1214,[-0.059]
1215,[-0.06300001]
1216,[-0.083]
1217,[-0.075]
1218,[-0.06300001]
1219,[-0.059]
1220,[-0.059]
1221,[-0.087]
1222,[-0.059]
1223,[-0.059]
1224,[-0.067]
1225,[-0.06300001]
1226,[-0.067]
1227,[-0.06300001]
1228,[-0.067]
1229,[-0.075]
1230,[-0.10700001]
1231,[-0.071]
1232,[-0.059]
1233,[-0.071]
1234,[-0.071]
1235,[0.941]
1236,[-0.06300001]
1237,[-0.075]
1238,[-0.059]
1239,[-0.059]
1240,[-0.059]
1241,[-0.06300001]
1242,[-0.079]
1243,[-0.09500001]
1244,[-0.09900001]
1245,[0.95199996]
1246,[0.931]
1247,[-0.067]
1248,[-0.075]
1249,[-0.059]
1250,[-0.059]
1251,[-0.06300001]
1252,[-0.06300001]
1253,[-0.079]
1254,[-0.09500001]
1255,[-0.059]
1256,[-0.071]
1257,[-0.06300001]
1258,[-0.075]
1259,[-0.075]
1260,[-0.083]
1261,[-0.067]
1262,[-0.075]
1263,[-0.09500001]
1264,[-0.09900001]
1265,[-0.075]
1266,[-0.067]
1267,[-0.079]
1268,[0.88899994]
1269,[-0.059]
1270,[-0.075]
1271,[-0.059]
1272,[-0.059]
1273,[-0.059]
1274,[0.94200003]
1275,[-0.071]
1276,[-0.059]
1277,[-0.079]
1278,[-0.06300001]
1279,[0.95699996]
1280,[-0.067]
1281,[-0.06300001]
1282,[-0.06300001]
1283,[-0.079]
1284,[-0.067]
1285,[-0.067]
1286,[0.936]
1287,[-0.06300001]
1288,[-0.083]
1289,[-0.06300001]
1290,[-0.06300001]
1291,[-0.059]
1292,[-0.067]
1293,[-0.083]
1294,[-0.06300001]
1295,[-0.09500001]
1296,[-0.075]
1297,[-0.06300001]
1298,[0.949]
1299,[-0.09500001]
1300,[-0.06300001]
1301,[-0.067]
1302,[-0.075]
1303,[-0.071]
1304,[-0.079]
1305,[-0.067]
1306,[-0.09500001]
1307,[-0.071]
1308,[-0.06300001]
1309,[-0.10700001]
1310,[-0.059]
1311,[-0.071]
1312,[-0.087]
1313,[-0.079]
1314,[-0.071]
1315,[-0.075]
1316,[-0.06300001]
1317,[-0.06300001]
1318,[-0.09500001]
1319,[-0.071]
1320,[-0.083]
1321,[-0.06300001]
1322,[-0.083]
1323,[-0.071]
1324,[-0.071]
1325,[0.938]
1326,[-0.071]
1327,[-0.079]
1328,[-0.075]
1329,[0.91]
1330,[-0.06300001]
1331,[-0.059]
1332,[-0.06300001]
1333,[-0.09900001]
1334,[-0.067]
1335,[-0.067]
1336,[-0.059]
1337,[-0.075]
1338,[0.95000005]
1339,[-0.09900001]
1340,[-0.059]
1341,[-0.059]
1342,[-0.071]
1343,[0.945]
1344,[-0.059]
1345,[-0.071]
1346,[-0.09500001]
1347,[-0.075]
1348,[-0.079]
1349,[-0.06300001]
1350,[-0.071]
1351,[-0.083]
1352,[-0.09500001]
1353,[-0.059]
1354,[-0.06300001]
1355,[-0.06300001]
1356,[-0.067]
1357,[-0.071]
1358,[0.945]
1359,[-0.083]
1360,[0.956]
1361,[-0.09900001]
1362,[-0.083]
1363,[-0.059]
1364,[-0.071]
1365,[-0.06300001]
1366,[-0.071]
1367,[-0.071]
1368,[-0.06300001]
1369,[-0.071]
1370,[-0.075]
1371,[-0.06300001]
1372,[-0.079]
1373,[-0.067]
1374,[-0.083]
1375,[-0.079]
1376,[-0.075]
1377,[-0.071]
1378,[-0.075]
1379,[-0.075]
1380,[0.954]
1381,[-0.067]
1382,[-0.059]
1383,[-0.06300001]
1384,[-0.06300001]
1385,[-0.09100001]
1386,[-0.071]
1387,[-0.059]
1388,[-0.06300001]
1389,[-0.06300001]
1390,[-0.059]
1391,[-0.075]
1392,[-0.075]
1393,[-0.071]
1394,[-0.059]
1395,[-0.06300001]
1396,[-0.083]
1397,[-0.06300001]
1398,[-0.059]
1399,[-0.059]
1400,[-0.083]
1401,[-0.067]
1402,[-0.075]
1403,[-0.067]
1404,[0.954]
1405,[-0.075]
1406,[-0.059]
1407,[-0.079]
1408,[-0.06300001]
1409,[-0.059]
1410,[-0.11900001]
1411,[0.93]
1412,[-0.059]
1413,[-0.087]
1414,[-0.059]
1415,[-0.067]
1416,[-0.067]
1417,[-0.11500001]
1418,[-0.067]
1419,[-0.079]
1420,[-0.071]
1421,[-0.06300001]
1422,[-0.059]
1423,[-0.06300001]
1424,[-0.067]
1425,[-0.071]
1426,[-0.075]
1427,[-0.075]
1428,[0.92499995]
1429,[-0.067]
1430,[-0.083]
1431,[-0.083]
1432,[-0.059]
1433,[-0.075]
1434,[-0.067]
1435,[0.93299997]
1436,[-0.087]
1437,[-0.059]
1438,[-0.06300001]
1439,[-0.059]
1440,[-0.067]
1441,[-0.083]
1442,[-0.075]
1443,[-0.09900001]
1444,[-0.09900001]
1445,[-0.059]
1446,[-0.06300001]
1447,[-0.067]
1448,[-0.075]
1449,[-0.071]
1450,[-0.075]
1451,[-0.067]
1452,[-0.075]
1453,[-0.067]
1454,[-0.075]
1455,[-0.06300001]
1456,[-0.06300001]
1457,[-0.06300001]
1458,[-0.059]
1459,[-0.071]
1460,[-0.06300001]
1461,[0.95299995]
1462,[-0.06300001]
1463,[-0.06300001]
1464,[-0.071]
1465,[-0.087]
1466,[-0.06300001]
1467,[-0.075]
1468,[-0.083]
1469,[-0.12300001]
1470,[-0.09900001]
1471,[-0.067]
1472,[-0.059]
1473,[-0.067]
1474,[-0.067]
1475,[0.931]
1476,[-0.059]
1477,[-0.09100001]
1478,[-0.06300001]
1479,[-0.059]
1480,[-0.087]
1481,[-0.071]
1482,[-0.087]
1483,[-0.059]
1484,[-0.071]
1485,[-0.059]
1486,[-0.06300001]
1487,[-0.059]
1488,[-0.079]
1489,[-0.087]
1490,[-0.10300001]
1491,[-0.059]
1492,[-0.075]
1493,[-0.059]
1494,[-0.071]
1495,[-0.067]
1496,[-0.067]
1497,[-0.10700001]
1498,[-0.059]
1499,[-0.06300001]
1500,[-0.10700001]
1501,[-0.071]
1502,[-0.059]
1503,[-0.059]
1504,[-0.06300001]
1505,[-0.06300001]
1506,[-0.067]
1507,[0.951]
1508,[-0.059]
1509,[-0.071]
1510,[-0.075]
1511,[-0.067]
1512,[-0.071]
1513,[-0.059]
1514,[-0.067]
1515,[-0.06300001]
1516,[-0.059]
1517,[-0.059]
1518,[0.954]
1519,[-0.09100001]
1520,[-0.059]
1521,[-0.071]
1522,[-0.06300001]
1523,[-0.067]
1524,[-0.059]
1525,[-0.067]
1526,[-0.059]
1527,[-0.13100001]
1528,[-0.06300001]
1529,[-0.087]
1530,[-0.059]
1531,[-0.059]
1532,[-0.10300001]
1533,[-0.083]
1534,[-0.083]
1535,[-0.059]
1536,[-0.09100001]
1537,[-0.067]
1538,[0.95299995]
1539,[-0.083]
1540,[-0.09900001]
1541,[-0.06300001]
1542,[-0.075]
1543,[-0.075]
1544,[-0.067]
1545,[-0.067]
1546,[-0.06300001]
1547,[-0.071]
1548,[0.955]
1549,[-0.071]
1550,[-0.079]
1551,[-0.067]
1552,[-0.079]
1553,[-0.079]
1554,[-0.079]
1555,[-0.079]
1556,[-0.09900001]
1557,[-0.067]
1558,[-0.071]
1559,[-0.083]
1560,[-0.06300001]
1561,[-0.071]
1562,[-0.06300001]
1563,[-0.067]
1564,[-0.06300001]
1565,[-0.059]
1566,[-0.067]
1567,[-0.079]
1568,[-0.09500001]
1569,[-0.067]
1570,[-0.059]
1571,[-0.067]
1572,[-0.067]
1573,[-0.06300001]
1574,[-0.087]
1575,[-0.071]
1576,[-0.079]
1577,[-0.075]
1578,[-0.079]
1579,[-0.075]
1580,[-0.06300001]
1581,[-0.06300001]
1582,[-0.059]
1583,[-0.071]
1584,[-0.059]
1585,[-0.06300001]
1586,[-0.06300001]
1587,[-0.09500001]
1588,[-0.059]
1589,[-0.067]
1590,[-0.059]
1591,[-0.067]
1592,[-0.059]
1593,[-0.09900001]
1594,[-0.071]
1595,[-0.059]
1596,[-0.09500001]
1597,[-0.087]
1598,[-0.059]
1599,[-0.059]
1600,[-0.059]
1601,[-0.06300001]
1602,[-0.06300001]
1603,[-0.079]
1604,[-0.06300001]
1605,[-0.06300001]
1606,[-0.09500001]
1607,[0.95299995]
1608,[0.96099997]
1609,[-0.06300001]
1610,[-0.059]
1611,[-0.079]
1612,[-0.071]
1613,[-0.075]
1614,[-0.075]
1615,[-0.067]
1616,[-0.06300001]
1617,[0.948]
1618,[-0.075]
1619,[-0.09900001]
1620,[-0.071]
1621,[-0.067]
1622,[-0.09900001]
1623,[0.917]
1624,[-0.067]
1625,[-0.059]
1626,[-0.071]
1627,[0.948]
1628,[-0.079]
1629,[-0.10700001]
1630,[-0.087]
1631,[-0.083]
1632,[-0.067]
1633,[-0.06300001]
1634,[-0.09100001]
1635,[-0.06300001]
1636,[-0.075]
1637,[-0.071]
1638,[-0.06300001]
1639,[-0.075]
1640,[-0.06300001]
1641,[-0.059]
1642,[-0.067]
1643,[-0.10300001]
1644,[-0.087]
1645,[-0.071]
1646,[-0.11900001]
1647,[-0.071]
1648,[0.944]
1649,[-0.06300001]
1650,[-0.06300001]
1651,[-0.067]
1652,[-0.071]
1653,[-0.09100001]
1654,[-0.059]
1655,[-0.071]
1656,[-0.079]
1657,[-0.067]
1658,[-0.06300001]
1659,[-0.067]
1660,[-0.075]
1661,[-0.067]
1662,[-0.06300001]
1663,[-0.087]
1664,[-0.067]
1665,[-0.10300001]
1666,[-0.083]
1667,[0.91899997]
1668,[-0.059]
1669,[-0.083]
1670,[0.944]
1671,[0.951]
1672,[-0.071]
1673,[-0.067]
1674,[-0.075]
1675,[-0.06300001]
1676,[-0.075]
1677,[-0.059]
1678,[-0.067]
1679,[-0.09500001]
1680,[-0.09500001]
1681,[-0.067]
1682,[-0.06300001]
1683,[-0.06300001]
1684,[-0.075]
1685,[-0.059]
1686,[-0.067]
1687,[-0.06300001]
1688,[-0.067]
1689,[-0.075]
1690,[-0.06300001]
1691,[-0.079]
1692,[-0.075]
1693,[-0.09500001]
1694,[-0.06300001]
1695,[-0.06300001]
1696,[-0.071]
1697,[-0.059]
1698,[-0.059]
1699,[-0.083]
1700,[-0.067]
1701,[-0.059]
1702,[-0.06300001]
1703,[-0.067]
1704,[0.937]
1705,[-0.10700001]
1706,[-0.067]
1707,[-0.06300001]
1708,[-0.079]
1709,[-0.079]
1710,[-0.10300001]
1711,[-0.059]
1712,[-0.075]
1713,[-0.079]
1714,[-0.067]
1715,[-0.09100001]
1716,[-0.06300001]
1717,[-0.083]
1718,[-0.09100001]
1719,[-0.11100001]
1720,[-0.059]
1721,[-0.06300001]
1722,[-0.06300001]
1723,[-0.09100001]
1724,[-0.079]
1725,[-0.059]
1726,[-0.06300001]
1727,[-0.071]
1728,[-0.06300001]
1729,[-0.09900001]
1730,[-0.067]
1731,[-0.059]
1732,[-0.067]
1733,[-0.079]
1734,[-0.06300001]
1735,[-0.087]
1736,[-0.067]
1737,[-0.079]
1738,[-0.079]
1739,[0.95699996]
1740,[-0.059]
1741,[-0.071]
1742,[-0.059]
1743,[-0.067]
1744,[-0.09100001]
1745,[-0.059]
1746,[-0.067]
1747,[-0.06300001]
1748,[-0.059]
1749,[-0.075]
1750,[-0.071]
1751,[-0.071]
1752,[-0.10700001]
1753,[-0.059]
1754,[-0.06300001]
1755,[-0.067]
1756,[-0.079]
1757,[-0.075]
1758,[-0.075]
1759,[-0.059]
1760,[-0.14299999]
1761,[-0.12300001]
1762,[-0.079]
1763,[-0.06300001]
1764,[-0.087]
1765,[-0.067]
1766,[-0.067]
1767,[-0.067]
1768,[-0.11100001]
1769,[-0.071]
1770,[-0.059]
1771,[-0.10300001]
1772,[0.928]
1773,[0.949]
1774,[-0.059]
1775,[-0.13100001]
1776,[-0.075]
1777,[-0.135]
1778,[0.956]
1779,[-0.079]
1780,[-0.06300001]
1781,[-0.06300001]
1782,[-0.079]
1783,[-0.087]
1784,[-0.059]
1785,[-0.067]
1786,[-0.067]
1787,[-0.06300001]
1788,[-0.135]
1789,[-0.067]
1790,[-0.087]
1791,[-0.067]
1792,[0.954]
1793,[-0.071]
1794,[-0.071]
1795,[-0.06300001]
1796,[-0.067]
1797,[-0.071]
1798,[-0.059]
1799,[-0.075]
1800,[-0.071]
1801,[-0.06300001]
1802,[-0.079]
1803,[-0.059]
1804,[0.91899997]
1805,[-0.075]
1806,[-0.10700001]
1807,[-0.079]
1808,[-0.071]
1809,[-0.071]
1810,[0.951]
1811,[-0.09900001]
1812,[-0.067]
1813,[-0.06300001]
1814,[-0.075]
1815,[-0.059]
1816,[-0.075]
1817,[-0.083]
1818,[-0.06300001]
1819,[-0.071]
1820,[-0.06300001]
1821,[-0.09900001]
1822,[-0.087]
1823,[-0.059]
1824,[-0.079]
1825,[-0.071]
1826,[-0.067]
1827,[-0.067]
1828,[-0.12300001]
1829,[-0.059]
1830,[-0.14699998]
1831,[-0.09500001]
1832,[-0.06300001]
1833,[-0.059]
1834,[-0.071]
1835,[-0.06300001]
1836,[0.959]
1837,[-0.083]
1838,[-0.059]
1839,[-0.067]
1840,[-0.059]
1841,[-0.06300001]
1842,[-0.06300001]
1843,[-0.06300001]
1844,[0.951]
1845,[0.95699996]
1846,[-0.059]
1847,[-0.059]
1848,[-0.059]
1849,[-0.09100001]
1850,[-0.059]
1851,[-0.059]
1852,[0.95000005]
1853,[-0.067]
1854,[-0.06300001]
1855,[-0.059]
1856,[-0.079]
1857,[0.94200003]
1858,[-0.067]
1859,[0.92499995]
1860,[-0.11100001]
1861,[-0.06300001]
1862,[-0.071]
1863,[0.95000005]
1864,[-0.06300001]
1865,[-0.12300001]
1866,[-0.059]
1867,[-0.06300001]
1868,[-0.059]
1869,[-0.10700001]
1870,[-0.059]
1871,[-0.071]
1872,[-0.059]
1873,[-0.059]
1874,[-0.067]
1875,[-0.059]
1876,[-0.075]
1877,[-0.079]
1878,[-0.059]
1879,[-0.075]
1880,[-0.067]
1881,[-0.09900001]
1882,[-0.06300001]
1883,[-0.071]
1884,[-0.059]
1885,[0.95699996]
1886,[-0.087]
1887,[-0.10300001]
1888,[-0.067]
1889,[0.951]
1890,[-0.067]
1891,[0.96]
1892,[-0.06300001]
1893,[-0.067]
1894,[-0.06300001]
1895,[-0.083]
1896,[-0.059]
1897,[-0.071]
1898,[-0.067]
1899,[-0.059]
1900,[-0.087]
1901,[-0.06300001]
1902,[-0.059]
1903,[-0.06300001]
1904,[-0.059]
1905,[-0.059]
1906,[-0.06300001]
1907,[-0.075]
1908,[-0.071]
1909,[-0.083]
1910,[-0.075]
1911,[-0.12700002]
1912,[-0.059]
1913,[0.95299995]
1914,[-0.067]
1915,[-0.059]
1916,[-0.09500001]
1917,[-0.059]
1918,[-0.075]
1919,[-0.075]
1920,[-0.14699998]
1921,[-0.09900001]
1922,[-0.067]
1923,[-0.067]
1924,[-0.079]
1925,[-0.067]
1926,[-0.09500001]
1927,[0.95699996]
1928,[-0.087]
1929,[-0.059]
1930,[-0.075]
1931,[-0.059]
1932,[-0.071]
1933,[-0.06300001]
1934,[-0.06300001]
1935,[-0.06300001]
1936,[-0.06300001]
1937,[-0.06300001]
1938,[-0.09900001]
1939,[-0.067]
1940,[-0.067]
1941,[0.91899997]
1942,[-0.071]
1943,[-0.087]
1944,[-0.067]
1945,[-0.06300001]
1946,[-0.087]
1947,[-0.071]
1948,[-0.06300001]
1949,[-0.067]
1950,[-0.087]
1951,[-0.06300001]
1952,[-0.079]
1953,[-0.059]
1954,[-0.09100001]
1955,[-0.09100001]
1956,[-0.067]
1957,[-0.067]
1958,[-0.06300001]
1959,[-0.079]
1960,[-0.06300001]
1961,[-0.059]
1962,[-0.071]
1963,[-0.06300001]
1964,[-0.06300001]
1965,[-0.067]
1966,[-0.071]
1967,[-0.10300001]
1968,[-0.059]
1969,[-0.087]
1970,[-0.083]
1971,[-0.071]
1972,[-0.079]
1973,[-0.071]
1974,[-0.071]
1975,[-0.06300001]
1976,[-0.083]
1977,[-0.059]
1978,[0.945]
1979,[0.955]
1980,[-0.067]
1981,[-0.059]
1982,[-0.06300001]
1983,[-0.09100001]
1984,[-0.059]
1985,[-0.06300001]
1986,[-0.06300001]
1987,[0.954]
1988,[-0.12300001]
1989,[-0.071]
1990,[-0.075]
1991,[-0.071]
1992,[0.94]
1993,[-0.12700002]
1994,[-0.071]
1995,[-0.071]
1996,[-0.06300001]
1997,[-0.06300001]
1998,[-0.071]
1999,[-0.059]
2000,[-0.059]
