Episodio,Puntaje
1,[0.95199996]
2,[0.8130001]
3,[0.958]
4,[-0.06300001]
5,[-0.2999999]
6,[0.928]
7,[0.89199996]
8,[0.906]
9,[0.936]
10,[0.83100003]
11,[0.949]
12,[-0.087]
13,[0.943]
14,[-0.071]
15,[0.96]
16,[0.941]
17,[0.8220001]
18,[0.943]
19,[-0.18699992]
20,[0.95699996]
21,[0.938]
22,[0.879]
23,[0.86399996]
24,[0.8150001]
25,[0.79800016]
26,[-0.06300001]
27,[0.845]
28,[0.82800007]
29,[0.8100001]
30,[0.92499995]
31,[0.95000005]
32,[-0.22299986]
33,[0.913]
34,[0.82900006]
35,[0.943]
36,[-0.06300001]
37,[0.937]
38,[0.845]
39,[0.92399997]
40,[0.8160001]
41,[-0.139]
42,[0.944]
43,[-0.139]
44,[0.84200007]
45,[0.928]
46,[0.948]
47,[0.948]
48,[0.89699996]
49,[0.93]
50,[-0.2999999]
51,[-0.2999999]
52,[-0.087]
53,[-0.071]
54,[0.931]
55,[0.958]
56,[-0.12300001]
57,[0.79000014]
58,[-0.079]
59,[0.956]
60,[-0.13100001]
61,[0.93]
62,[-0.06300001]
63,[0.8010001]
64,[0.949]
65,[-0.06300001]
66,[0.8180001]
67,[0.92399997]
68,[0.95199996]
69,[0.7700002]
70,[0.841]
71,[0.951]
72,[-0.071]
73,[-0.19099991]
74,[0.82000005]
75,[-0.12700002]
76,[0.944]
77,[0.94200003]
78,[0.936]
79,[-0.1949999]
80,[0.894]
81,[0.92399997]
82,[0.916]
83,[0.8140001]
84,[-0.059]
85,[0.923]
86,[0.832]
87,[0.78600013]
88,[-0.059]
89,[0.8110001]
90,[0.91800004]
91,[0.956]
92,[-0.059]
93,[0.81700003]
94,[-0.06300001]
95,[-0.067]
96,[0.915]
97,[0.77900016]
98,[0.86399996]
99,[0.932]
100,[0.956]
101,[0.95299995]
102,[0.931]
103,[-0.06300001]
104,[0.895]
105,[0.93299997]
106,[0.94200003]
107,[0.8130001]
108,[0.875]
109,[0.94]
110,[-0.059]
111,[0.95199996]
112,[0.859]
113,[0.954]
114,[0.949]
115,[0.7890001]
116,[0.91899997]
117,[0.956]
118,[0.89299995]
119,[-0.087]
120,[0.941]
121,[-0.2999999]
122,[0.8040001]
123,[-0.10700001]
124,[-0.071]
125,[-0.075]
126,[0.849]
127,[0.937]
128,[0.923]
129,[-0.059]
130,[0.83100003]
131,[-0.14699998]
132,[0.92899996]
133,[0.95199996]
134,[0.91999996]
135,[-0.2999999]
136,[-0.2999999]
137,[0.92399997]
138,[-0.059]
139,[0.82000005]
140,[0.936]
141,[0.8150001]
142,[0.79000014]
143,[0.906]
144,[0.949]
145,[0.89299995]
146,[0.86200005]
147,[-0.23099984]
148,[0.941]
149,[-0.067]
150,[0.959]
151,[0.7920001]
152,[0.923]
153,[0.86]
154,[0.92899996]
155,[-0.059]
156,[0.891]
157,[0.93299997]
158,[0.877]
159,[0.9]
160,[0.96]
161,[-0.17899993]
162,[0.8070001]
163,[-0.11500001]
164,[-0.17099994]
165,[-0.09900001]
166,[-0.12700002]
167,[0.81900007]
168,[0.7960001]
169,[0.956]
170,[0.962]
171,[0.80200016]
172,[-0.06300001]
173,[0.96]
174,[0.95199996]
175,[0.8220001]
176,[-0.1949999]
177,[0.937]
178,[0.959]
179,[-0.2999999]
180,[0.7700002]
181,[-0.059]
182,[0.95000005]
183,[0.913]
184,[-0.06300001]
185,[-0.15499997]
186,[0.851]
187,[-0.087]
188,[0.7960001]
189,[0.96]
190,[0.859]
191,[0.95299995]
192,[0.837]
193,[0.78400016]
194,[0.956]
195,[0.85800004]
196,[0.9]
197,[0.8130001]
198,[-0.18699992]
199,[-0.15899996]
200,[0.948]
201,[0.94200003]
202,[0.928]
203,[0.8180001]
204,[0.94200003]
205,[0.95699996]
206,[0.96]
207,[0.939]
208,[-0.09500001]
209,[-0.15499997]
210,[0.928]
211,[0.84000003]
212,[0.92899996]
213,[0.921]
214,[-0.2999999]
215,[0.958]
216,[0.912]
217,[0.86899996]
218,[0.932]
219,[0.855]
220,[-0.18299992]
221,[0.943]
222,[0.936]
223,[0.92399997]
224,[0.91899997]
225,[0.863]
226,[-0.15099998]
227,[0.85400003]
228,[0.84700006]
229,[-0.059]
230,[-0.087]
231,[0.8220001]
232,[0.935]
233,[-0.059]
234,[-0.075]
235,[-0.059]
236,[-0.059]
237,[0.895]
238,[-0.059]
239,[-0.2999999]
240,[0.94]
241,[0.79800016]
242,[0.938]
243,[0.944]
244,[-0.11900001]
245,[0.86200005]
246,[0.8460001]
247,[0.95199996]
248,[0.877]
249,[0.95000005]
250,[0.8230001]
251,[0.95299995]
252,[0.841]
253,[0.95699996]
254,[-0.087]
255,[-0.087]
256,[0.934]
257,[-0.087]
258,[-0.067]
259,[-0.12700002]
260,[-0.059]
261,[0.95199996]
262,[-0.15899996]
263,[0.956]
264,[-0.2999999]
265,[0.95699996]
266,[0.932]
267,[-0.079]
268,[0.938]
269,[0.83100003]
270,[-0.059]
271,[0.83300006]
272,[-0.17899993]
273,[-0.16699995]
274,[0.92200005]
275,[0.94600004]
276,[0.8270001]
277,[0.934]
278,[0.935]
279,[-0.067]
280,[-0.075]
281,[0.895]
282,[0.934]
283,[0.94200003]
284,[-0.2999999]
285,[-0.2999999]
286,[-0.087]
287,[0.852]
288,[0.82400006]
289,[-0.087]
290,[-0.12300001]
291,[0.91899997]
292,[0.7780002]
293,[0.943]
294,[-0.1949999]
295,[0.84200007]
296,[0.936]
297,[-0.27899984]
298,[0.94]
299,[-0.059]
300,[0.81900007]
301,[0.941]
302,[-0.21899986]
303,[-0.18299992]
304,[-0.15899996]
305,[-0.13100001]
306,[0.84200007]
307,[0.96]
308,[0.867]
309,[-0.059]
310,[0.936]
311,[0.91]
312,[0.92399997]
313,[0.7350002]
314,[-0.1989999]
315,[-0.12300001]
316,[-0.075]
317,[0.8060001]
318,[-0.2999999]
319,[0.945]
320,[-0.22299986]
321,[0.91400003]
322,[0.91]
323,[0.865]
324,[0.80500007]
325,[0.95299995]
326,[0.926]
327,[0.949]
328,[0.89599997]
329,[0.92399997]
330,[-0.067]
331,[0.926]
332,[-0.17099994]
333,[0.947]
334,[-0.09900001]
335,[0.954]
336,[0.939]
337,[0.945]
338,[0.8100001]
339,[0.958]
340,[0.94]
341,[0.7350002]
342,[-0.059]
343,[0.932]
344,[0.82500005]
345,[0.945]
346,[0.82500005]
347,[0.94600004]
348,[0.938]
349,[0.83800006]
350,[-0.11900001]
351,[0.941]
352,[0.8260001]
353,[-0.16699995]
354,[0.906]
355,[0.93]
356,[0.92200005]
357,[0.89199996]
358,[0.94600004]
359,[0.79500014]
360,[0.941]
361,[0.90099996]
362,[-0.059]
363,[0.898]
364,[-0.059]
365,[0.91]
366,[-0.14699998]
367,[0.92499995]
368,[0.949]
369,[0.934]
370,[-0.2999999]
371,[-0.059]
372,[0.84400004]
373,[0.959]
374,[0.84800005]
375,[-0.059]
376,[-0.14299999]
377,[0.96]
378,[0.9]
379,[0.921]
380,[0.944]
381,[0.89599997]
382,[-0.2999999]
383,[0.923]
384,[-0.06300001]
385,[0.944]
386,[0.959]
387,[0.83800006]
388,[0.96099997]
389,[0.948]
390,[-0.21899986]
391,[0.8150001]
392,[-0.059]
393,[0.852]
394,[-0.09100001]
395,[0.7920001]
396,[0.836]
397,[0.935]
398,[-0.2999999]
399,[-0.071]
400,[-0.2999999]
401,[0.8080001]
402,[0.956]
403,[-0.06300001]
404,[0.867]
405,[-0.2999999]
406,[-0.06300001]
407,[0.8110001]
408,[0.937]
409,[0.956]
410,[0.94]
411,[0.937]
412,[-0.059]
413,[-0.075]
414,[0.8070001]
415,[0.95299995]
416,[0.92499995]
417,[0.861]
418,[0.93]
419,[0.928]
420,[0.903]
421,[0.85]
422,[0.87]
423,[0.94600004]
424,[0.95699996]
425,[-0.071]
426,[0.931]
427,[-0.059]
428,[0.92899996]
429,[-0.2999999]
430,[0.92200005]
431,[-0.21499987]
432,[0.89699996]
433,[0.82900006]
434,[0.8340001]
435,[0.83300006]
436,[-0.059]
437,[0.95299995]
438,[0.956]
439,[0.92200005]
440,[0.7920001]
441,[0.79800016]
442,[-0.09100001]
443,[0.951]
444,[0.94200003]
445,[0.837]
446,[0.958]
447,[-0.059]
448,[0.932]
449,[0.923]
450,[0.895]
451,[0.96099997]
452,[-0.11500001]
453,[-0.059]
454,[0.905]
455,[-0.087]
456,[-0.059]
457,[-0.16699995]
458,[-0.139]
459,[0.8220001]
460,[0.92399997]
461,[0.948]
462,[0.87]
463,[-0.059]
464,[0.84000003]
465,[0.951]
466,[0.95199996]
467,[-0.087]
468,[0.96099997]
469,[0.868]
470,[0.855]
471,[-0.087]
472,[-0.059]
473,[-0.059]
474,[0.934]
475,[0.95699996]
476,[0.84300005]
477,[0.85400003]
478,[0.894]
479,[-0.15099998]
480,[0.917]
481,[0.832]
482,[0.895]
483,[0.949]
484,[-0.059]
485,[-0.079]
486,[0.8270001]
487,[-0.2999999]
488,[-0.071]
489,[0.78000015]
490,[-0.059]
491,[0.91899997]
492,[0.8460001]
493,[0.81900007]
494,[0.82800007]
495,[-0.071]
496,[0.909]
497,[0.932]
498,[0.934]
499,[0.945]
500,[0.94]
501,[0.85400003]
502,[0.7960001]
503,[-0.2999999]
504,[0.84400004]
505,[0.894]
506,[0.962]
507,[0.92200005]
508,[-0.17099994]
509,[0.94600004]
510,[0.80500007]
511,[0.94]
512,[0.94600004]
513,[0.941]
514,[-0.09900001]
515,[0.913]
516,[-0.083]
517,[0.90099996]
518,[-0.2999999]
519,[0.8160001]
520,[0.852]
521,[-0.2999999]
522,[0.84000003]
523,[0.86]
524,[0.944]
525,[0.8120001]
526,[0.89599997]
527,[-0.15899996]
528,[-0.079]
529,[0.7890001]
530,[-0.2999999]
531,[0.8040001]
532,[0.8160001]
533,[0.938]
534,[0.949]
535,[0.7780002]
536,[0.94600004]
537,[0.91999996]
538,[-0.06300001]
539,[0.8040001]
540,[0.94600004]
541,[0.941]
542,[-0.2999999]
543,[0.947]
544,[0.79000014]
545,[-0.059]
546,[0.956]
547,[0.84700006]
548,[-0.059]
549,[0.7870001]
550,[0.832]
551,[0.902]
552,[-0.059]
553,[0.949]
554,[-0.2999999]
555,[0.845]
556,[0.96099997]
557,[0.916]
558,[-0.059]
559,[0.882]
560,[-0.16699995]
561,[0.95699996]
562,[0.888]
563,[0.944]
564,[0.7770001]
565,[0.94]
566,[0.958]
567,[0.947]
568,[0.7770001]
569,[0.95199996]
570,[0.95699996]
571,[0.7920001]
572,[0.904]
573,[0.90099996]
574,[0.943]
575,[0.8070001]
576,[0.77500015]
577,[0.948]
578,[0.87299997]
579,[-0.067]
580,[-0.087]
581,[-0.059]
582,[0.91899997]
583,[0.908]
584,[0.8090001]
585,[0.7890001]
586,[-0.19099991]
587,[0.955]
588,[-0.059]
589,[0.94600004]
590,[0.935]
591,[0.8340001]
592,[0.915]
593,[0.948]
594,[0.915]
595,[0.956]
596,[-0.18699992]
597,[0.911]
598,[-0.059]
599,[0.916]
600,[-0.17899993]
601,[0.955]
602,[0.852]
603,[0.95199996]
604,[0.79800016]
605,[0.943]
606,[-0.06300001]
607,[-0.087]
608,[0.91800004]
609,[0.898]
610,[0.89299995]
611,[0.916]
612,[0.945]
613,[0.82500005]
614,[0.8220001]
615,[-0.059]
616,[-0.2999999]
617,[-0.059]
618,[-0.059]
619,[0.8270001]
620,[0.94600004]
621,[-0.059]
622,[0.951]
623,[-0.087]
624,[0.856]
625,[0.921]
626,[-0.059]
627,[0.947]
628,[0.85400003]
629,[0.7990001]
630,[-0.06300001]
631,[0.84300005]
632,[-0.087]
633,[-0.059]
634,[-0.059]
635,[0.95199996]
636,[-0.071]
637,[0.931]
638,[0.912]
639,[0.949]
640,[0.84000003]
641,[-0.21099988]
642,[-0.2999999]
643,[-0.071]
644,[0.85400003]
645,[0.932]
646,[0.95199996]
647,[-0.17899993]
648,[-0.2549998]
649,[0.77600014]
650,[0.91899997]
651,[0.954]
652,[-0.059]
653,[0.948]
654,[-0.059]
655,[0.91899997]
656,[0.935]
657,[0.9]
658,[0.947]
659,[-0.059]
660,[0.91400003]
661,[-0.083]
662,[0.83900005]
663,[0.96]
664,[-0.2999999]
665,[0.82000005]
666,[0.954]
667,[0.94]
668,[0.906]
669,[0.861]
670,[-0.071]
671,[0.94200003]
672,[-0.079]
673,[0.8260001]
674,[0.941]
675,[-0.17099994]
676,[0.895]
677,[0.958]
678,[0.947]
679,[0.909]
680,[0.898]
681,[-0.079]
682,[-0.087]
683,[0.954]
684,[0.937]
685,[0.83100003]
686,[-0.2999999]
687,[0.926]
688,[0.904]
689,[0.955]
690,[0.954]
691,[0.948]
692,[0.7920001]
693,[-0.079]
694,[0.904]
695,[-0.18299992]
696,[-0.087]
697,[-0.059]
698,[0.934]
699,[-0.087]
700,[0.93]
701,[0.845]
702,[0.923]
703,[0.94200003]
704,[0.94600004]
705,[-0.06300001]
706,[0.82500005]
707,[0.86899996]
708,[0.956]
709,[0.921]
710,[0.958]
711,[-0.20299989]
712,[0.94]
713,[0.948]
714,[0.91999996]
715,[-0.18699992]
716,[0.836]
717,[0.96099997]
718,[0.86899996]
719,[0.958]
720,[0.94600004]
721,[-0.06300001]
722,[-0.06300001]
723,[0.96]
724,[0.94600004]
725,[0.959]
726,[-0.087]
727,[0.84400004]
728,[0.937]
729,[0.932]
730,[0.8120001]
731,[-0.059]
732,[0.84000003]
733,[0.958]
734,[-0.135]
735,[0.92399997]
736,[-0.23899983]
737,[-0.059]
738,[0.958]
739,[-0.16699995]
740,[0.872]
741,[0.78400016]
742,[0.93299997]
743,[0.936]
744,[0.92200005]
745,[0.955]
746,[0.955]
747,[0.916]
748,[-0.2549998]
749,[0.89199996]
750,[0.92899996]
751,[0.894]
752,[0.92399997]
753,[-0.06300001]
754,[-0.059]
755,[-0.2999999]
756,[0.945]
757,[0.912]
758,[0.82000005]
759,[0.82800007]
760,[0.7630002]
761,[0.91899997]
762,[0.91899997]
763,[0.912]
764,[0.82800007]
765,[0.945]
766,[0.949]
767,[-0.06300001]
768,[0.935]
769,[0.845]
770,[-0.059]
771,[0.923]
772,[-0.083]
773,[-0.2999999]
774,[0.8460001]
775,[0.947]
776,[-0.2629998]
777,[-0.09500001]
778,[0.958]
779,[-0.15899996]
780,[0.936]
781,[0.7590002]
782,[0.92399997]
783,[0.86399996]
784,[-0.071]
785,[-0.19099991]
786,[0.89599997]
787,[0.8000001]
788,[-0.059]
789,[0.95199996]
790,[-0.2999999]
791,[0.927]
792,[0.895]
793,[0.7690002]
794,[0.943]
795,[0.882]
796,[0.872]
797,[0.92499995]
798,[-0.1949999]
799,[0.939]
800,[0.93299997]
801,[-0.2999999]
802,[0.937]
803,[0.911]
804,[0.959]
805,[0.867]
806,[-0.067]
807,[-0.059]
808,[-0.20299989]
809,[0.855]
810,[0.91899997]
811,[0.91]
812,[-0.067]
813,[0.876]
814,[-0.18699992]
815,[0.83300006]
816,[0.916]
817,[-0.075]
818,[0.955]
819,[0.8040001]
820,[0.948]
821,[0.944]
822,[0.83100003]
823,[0.949]
824,[0.82500005]
825,[0.8040001]
826,[-0.059]
827,[0.951]
828,[0.8130001]
829,[-0.14299999]
830,[-0.059]
831,[0.95199996]
832,[0.8460001]
833,[0.907]
834,[-0.059]
835,[0.861]
836,[0.82900006]
837,[0.95299995]
838,[0.89699996]
839,[0.93]
840,[0.867]
841,[0.91400003]
842,[0.96099997]
843,[0.904]
844,[0.94200003]
845,[-0.059]
846,[-0.067]
847,[0.845]
848,[0.82400006]
849,[0.91]
850,[0.856]
851,[-0.071]
852,[0.80500007]
853,[0.899]
854,[-0.083]
855,[0.944]
856,[0.955]
857,[0.95199996]
858,[0.8150001]
859,[0.954]
860,[0.91999996]
861,[-0.059]
862,[0.90099996]
863,[-0.087]
864,[0.928]
865,[0.96099997]
866,[-0.087]
867,[-0.09500001]
868,[0.82500005]
869,[0.8100001]
870,[0.8300001]
871,[0.92399997]
872,[0.923]
873,[-0.059]
874,[0.76100016]
875,[0.908]
876,[0.951]
877,[0.956]
878,[0.8080001]
879,[0.91899997]
880,[0.904]
881,[0.91]
882,[0.92499995]
883,[0.91400003]
884,[0.95299995]
885,[0.938]
886,[0.949]
887,[0.94200003]
888,[0.832]
889,[-0.2999999]
890,[0.87]
891,[0.8270001]
892,[0.95199996]
893,[0.8120001]
894,[0.868]
895,[-0.18299992]
896,[0.945]
897,[-0.06300001]
898,[0.939]
899,[-0.067]
900,[0.884]
901,[0.936]
902,[0.93]
903,[0.92899996]
904,[0.7890001]
905,[0.941]
906,[-0.059]
907,[0.917]
908,[0.948]
909,[0.908]
910,[0.92899996]
911,[-0.19099991]
912,[0.8040001]
913,[0.7880001]
914,[-0.071]
915,[0.88600004]
916,[-0.11900001]
917,[0.836]
918,[0.861]
919,[0.7830002]
920,[0.95000005]
921,[0.84800005]
922,[-0.059]
923,[0.78400016]
924,[-0.059]
925,[0.852]
926,[0.927]
927,[-0.14299999]
928,[0.956]
929,[0.89699996]
930,[-0.087]
931,[-0.087]
932,[-0.14299999]
933,[0.947]
934,[-0.059]
935,[-0.059]
936,[-0.087]
937,[0.867]
938,[-0.087]
939,[0.92899996]
940,[0.92499995]
941,[-0.087]
942,[-0.059]
943,[0.954]
944,[0.948]
945,[0.863]
946,[0.91899997]
947,[0.82000005]
948,[0.949]
949,[0.932]
950,[0.8140001]
951,[-0.059]
952,[0.948]
953,[0.958]
954,[-0.071]
955,[0.89199996]
956,[0.944]
957,[0.937]
958,[0.956]
959,[0.94]
960,[0.849]
961,[-0.09100001]
962,[0.938]
963,[-0.22699985]
964,[0.93]
965,[0.921]
966,[-0.059]
967,[0.931]
968,[0.908]
969,[0.951]
970,[0.867]
971,[0.8140001]
972,[-0.20699988]
973,[0.875]
974,[0.96]
975,[0.91999996]
976,[0.944]
977,[0.876]
978,[0.945]
979,[-0.17499994]
980,[-0.22299986]
981,[-0.059]
982,[-0.059]
983,[0.83100003]
984,[0.89699996]
985,[0.8230001]
986,[0.96]
987,[0.874]
988,[0.8180001]
989,[-0.06300001]
990,[0.87299997]
991,[-0.059]
992,[0.84300005]
993,[0.899]
994,[0.84300005]
995,[0.91999996]
996,[-0.067]
997,[-0.067]
998,[-0.17899993]
999,[0.911]
1000,[0.845]
1001,[0.908]
1002,[0.83100003]
1003,[-0.2999999]
1004,[-0.12700002]
1005,[0.876]
1006,[0.82500005]
1007,[0.8140001]
1008,[0.91899997]
1009,[0.7990001]
1010,[0.943]
1011,[0.94600004]
1012,[0.947]
1013,[0.921]
1014,[0.949]
1015,[-0.075]
1016,[0.8080001]
1017,[0.898]
1018,[0.935]
1019,[0.8070001]
1020,[0.941]
1021,[0.894]
1022,[-0.11500001]
1023,[0.945]
1024,[0.86399996]
1025,[-0.067]
1026,[0.7930001]
1027,[-0.09100001]
1028,[-0.059]
1029,[0.7890001]
1030,[0.941]
1031,[0.92399997]
1032,[0.955]
1033,[0.91800004]
1034,[0.909]
1035,[0.941]
1036,[0.8460001]
1037,[0.81900007]
1038,[0.96]
1039,[0.8230001]
1040,[0.94]
1041,[0.84000003]
1042,[-0.067]
1043,[0.88]
1044,[0.94]
1045,[0.868]
1046,[0.945]
1047,[0.8130001]
1048,[0.913]
1049,[0.93]
1050,[0.8070001]
1051,[0.89299995]
1052,[0.86899996]
1053,[0.7770001]
1054,[0.89199996]
1055,[0.83800006]
1056,[0.849]
1057,[0.95199996]
1058,[0.91999996]
1059,[0.95199996]
1060,[0.94]
1061,[0.947]
1062,[0.916]
1063,[0.91899997]
1064,[-0.059]
1065,[0.928]
1066,[0.951]
1067,[0.8100001]
1068,[0.77600014]
1069,[0.861]
1070,[-0.16699995]
1071,[0.852]
1072,[0.95199996]
1073,[0.923]
1074,[0.8060001]
1075,[0.92200005]
1076,[-0.059]
1077,[0.955]
1078,[0.8070001]
1079,[-0.11100001]
1080,[-0.087]
1081,[-0.087]
1082,[-0.059]
1083,[0.863]
1084,[-0.19099991]
1085,[0.85800004]
1086,[0.894]
1087,[0.949]
1088,[0.95000005]
1089,[0.928]
1090,[0.89599997]
1091,[-0.09500001]
1092,[0.8030001]
1093,[0.7910001]
1094,[-0.09100001]
1095,[0.89199996]
1096,[0.84000003]
1097,[0.94200003]
1098,[0.944]
1099,[0.935]
1100,[0.78400016]
1101,[-0.059]
1102,[-0.071]
1103,[0.951]
1104,[-0.071]
1105,[-0.17899993]
1106,[0.955]
1107,[0.935]
1108,[0.8340001]
1109,[0.84300005]
1110,[0.941]
1111,[0.95699996]
1112,[0.82800007]
1113,[0.943]
1114,[0.91899997]
1115,[0.92399997]
1116,[-0.087]
1117,[0.95299995]
1118,[0.85400003]
1119,[0.84300005]
1120,[-0.083]
1121,[0.913]
1122,[0.943]
1123,[0.926]
1124,[0.8100001]
1125,[0.86]
1126,[-0.079]
1127,[-0.059]
1128,[0.82100004]
1129,[-0.135]
1130,[-0.15899996]
1131,[0.87]
1132,[0.888]
1133,[0.948]
1134,[0.955]
1135,[0.832]
1136,[-0.059]
1137,[0.7730001]
1138,[-0.15099998]
1139,[0.935]
1140,[-0.059]
1141,[0.906]
1142,[0.7730001]
1143,[-0.17499994]
1144,[-0.087]
1145,[0.917]
1146,[0.944]
1147,[0.948]
1148,[0.947]
1149,[0.79500014]
1150,[0.943]
1151,[0.95699996]
1152,[-0.16699995]
1153,[-0.06300001]
1154,[0.82500005]
1155,[0.91]
1156,[-0.059]
1157,[0.94200003]
1158,[0.8460001]
1159,[0.91899997]
1160,[0.951]
1161,[0.83300006]
1162,[0.81900007]
1163,[0.77100015]
1164,[-0.06300001]
1165,[-0.087]
1166,[0.856]
1167,[-0.059]
1168,[0.955]
1169,[0.8230001]
1170,[0.7930001]
1171,[0.944]
1172,[0.7850001]
1173,[0.80200016]
1174,[0.91800004]
1175,[0.96099997]
1176,[0.943]
1177,[0.84700006]
1178,[-0.071]
1179,[-0.16699995]
1180,[0.82500005]
1181,[0.8080001]
1182,[0.94200003]
1183,[-0.06300001]
1184,[0.949]
1185,[0.956]
1186,[0.92399997]
1187,[0.853]
1188,[0.899]
1189,[0.932]
1190,[0.94]
1191,[-0.059]
1192,[0.905]
1193,[0.935]
1194,[-0.16299996]
1195,[0.94600004]
1196,[-0.06300001]
1197,[0.90099996]
1198,[-0.15899996]
1199,[0.938]
1200,[-0.2999999]
1201,[0.934]
1202,[0.941]
1203,[0.95199996]
1204,[0.8030001]
1205,[-0.087]
1206,[0.926]
1207,[0.89599997]
1208,[0.8300001]
1209,[0.904]
1210,[0.934]
1211,[0.932]
1212,[-0.14299999]
1213,[0.7920001]
1214,[0.95699996]
1215,[-0.17499994]
1216,[0.895]
1217,[0.8260001]
1218,[0.898]
1219,[-0.067]
1220,[0.7920001]
1221,[0.958]
1222,[0.898]
1223,[0.91800004]
1224,[-0.075]
1225,[-0.2549998]
1226,[0.83800006]
1227,[0.83100003]
1228,[0.855]
1229,[0.913]
1230,[0.941]
1231,[-0.21499987]
1232,[-0.2999999]
1233,[0.948]
1234,[0.8460001]
1235,[-0.059]
1236,[0.949]
1237,[0.93299997]
1238,[0.943]
1239,[0.93299997]
1240,[-0.20699988]
1241,[0.874]
1242,[0.95199996]
1243,[0.906]
1244,[0.932]
1245,[0.958]
1246,[0.92499995]
1247,[0.8220001]
1248,[0.91999996]
1249,[-0.075]
1250,[-0.16699995]
1251,[-0.059]
1252,[0.82000005]
1253,[-0.17899993]
1254,[0.7920001]
1255,[0.8000001]
1256,[-0.2999999]
1257,[-0.071]
1258,[0.92399997]
1259,[-0.059]
1260,[0.8220001]
1261,[0.92899996]
1262,[0.904]
1263,[-0.2999999]
1264,[-0.06300001]
1265,[0.954]
1266,[-0.14299999]
1267,[0.845]
1268,[0.959]
1269,[0.955]
1270,[-0.2999999]
1271,[0.82800007]
1272,[0.955]
1273,[0.851]
1274,[0.904]
1275,[0.948]
1276,[0.7990001]
1277,[0.96099997]
1278,[0.95299995]
1279,[0.867]
1280,[0.95000005]
1281,[0.7890001]
1282,[0.837]
1283,[0.92899996]
1284,[-0.2999999]
1285,[0.947]
1286,[0.868]
1287,[0.95199996]
1288,[0.94]
1289,[-0.059]
1290,[0.882]
1291,[-0.17499994]
1292,[0.93]
1293,[0.937]
1294,[0.909]
1295,[-0.067]
1296,[0.87]
1297,[-0.19099991]
1298,[0.912]
1299,[0.934]
1300,[0.938]
1301,[-0.18299992]
1302,[0.8160001]
1303,[0.95299995]
1304,[0.947]
1305,[-0.06300001]
1306,[0.915]
1307,[0.943]
1308,[0.849]
1309,[-0.083]
1310,[0.841]
1311,[0.95199996]
1312,[0.944]
1313,[-0.075]
1314,[-0.14299999]
1315,[0.92899996]
1316,[-0.059]
1317,[0.954]
1318,[-0.087]
1319,[0.911]
1320,[-0.06300001]
1321,[0.905]
1322,[0.91]
1323,[0.927]
1324,[0.82100004]
1325,[-0.059]
1326,[0.81900007]
1327,[-0.2999999]
1328,[0.96]
1329,[-0.18699992]
1330,[-0.10300001]
1331,[0.8100001]
1332,[0.871]
1333,[0.87]
1334,[0.83900005]
1335,[-0.09100001]
1336,[0.899]
1337,[0.8090001]
1338,[0.7960001]
1339,[0.86]
1340,[-0.059]
1341,[-0.15499997]
1342,[-0.075]
1343,[0.956]
1344,[0.943]
1345,[0.956]
1346,[0.907]
1347,[-0.067]
1348,[0.7910001]
1349,[0.899]
1350,[-0.075]
1351,[0.88]
1352,[0.8140001]
1353,[0.885]
1354,[0.91899997]
1355,[0.93]
1356,[0.8100001]
1357,[0.8340001]
1358,[-0.21899986]
1359,[-0.11500001]
1360,[0.904]
1361,[-0.2999999]
1362,[0.939]
1363,[0.82500005]
1364,[0.93299997]
1365,[-0.075]
1366,[0.923]
1367,[-0.059]
1368,[0.868]
1369,[0.82100004]
1370,[-0.079]
1371,[-0.06300001]
1372,[0.89299995]
1373,[0.95000005]
1374,[0.82900006]
1375,[0.93299997]
1376,[0.8120001]
1377,[0.95000005]
1378,[-0.15099998]
1379,[0.8090001]
1380,[0.935]
1381,[-0.28699985]
1382,[0.935]
1383,[0.956]
1384,[-0.059]
1385,[0.909]
1386,[0.849]
1387,[0.8180001]
1388,[-0.059]
1389,[0.96]
1390,[0.934]
1391,[0.923]
1392,[-0.18699992]
1393,[0.923]
1394,[0.82900006]
1395,[0.91999996]
1396,[-0.087]
1397,[0.78600013]
1398,[0.928]
1399,[0.91999996]
1400,[0.96099997]
1401,[0.861]
1402,[0.928]
1403,[0.80500007]
1404,[0.7970001]
1405,[-0.20699988]
1406,[-0.14699998]
1407,[0.7880001]
1408,[-0.06300001]
1409,[0.8010001]
1410,[0.86600006]
1411,[0.92899996]
1412,[-0.087]
1413,[-0.059]
1414,[0.853]
1415,[0.94]
1416,[0.8090001]
1417,[0.95199996]
1418,[-0.087]
1419,[0.8340001]
1420,[0.851]
1421,[0.935]
1422,[0.836]
1423,[-0.067]
1424,[0.9]
1425,[-0.071]
1426,[0.78600013]
1427,[0.84000003]
1428,[0.932]
1429,[-0.21499987]
1430,[0.932]
1431,[0.837]
1432,[-0.2999999]
1433,[0.8220001]
1434,[0.8220001]
1435,[-0.15099998]
1436,[0.954]
1437,[0.923]
1438,[0.7910001]
1439,[0.8260001]
1440,[0.94600004]
1441,[-0.19099991]
1442,[-0.075]
1443,[0.956]
1444,[0.944]
1445,[-0.087]
1446,[-0.059]
1447,[0.89599997]
1448,[0.8000001]
1449,[-0.059]
1450,[0.868]
1451,[0.8260001]
1452,[0.95699996]
1453,[-0.2999999]
1454,[0.95000005]
1455,[0.906]
1456,[-0.087]
1457,[0.8150001]
1458,[-0.079]
1459,[-0.20299989]
1460,[0.913]
1461,[0.936]
1462,[0.96099997]
1463,[-0.14299999]
1464,[0.90099996]
1465,[0.927]
1466,[0.917]
1467,[0.948]
1468,[-0.06300001]
1469,[0.94600004]
1470,[0.935]
1471,[0.86899996]
1472,[0.938]
1473,[0.8100001]
1474,[-0.09500001]
1475,[-0.059]
1476,[0.894]
1477,[-0.087]
1478,[-0.083]
1479,[0.954]
1480,[0.955]
1481,[0.921]
1482,[-0.067]
1483,[0.949]
1484,[0.909]
1485,[0.81900007]
1486,[0.951]
1487,[-0.059]
1488,[0.84700006]
1489,[0.95299995]
1490,[0.959]
1491,[0.944]
1492,[0.8220001]
1493,[0.895]
1494,[0.94600004]
1495,[0.956]
1496,[0.7920001]
1497,[0.95199996]
1498,[0.894]
1499,[0.8150001]
1500,[-0.059]
1501,[-0.059]
1502,[-0.079]
1503,[-0.071]
1504,[0.82500005]
1505,[0.8130001]
1506,[0.7850001]
1507,[-0.087]
1508,[0.95699996]
1509,[0.955]
1510,[0.8150001]
1511,[0.912]
1512,[0.86899996]
1513,[0.81700003]
1514,[-0.087]
1515,[-0.071]
1516,[0.956]
1517,[-0.059]
1518,[0.954]
1519,[0.92499995]
1520,[-0.087]
1521,[0.934]
1522,[0.932]
1523,[-0.071]
1524,[0.94200003]
1525,[-0.059]
1526,[0.84000003]
1527,[0.94600004]
1528,[0.8270001]
1529,[0.956]
1530,[0.94600004]
1531,[-0.059]
1532,[-0.059]
1533,[0.95699996]
1534,[0.937]
1535,[0.85400003]
1536,[-0.059]
1537,[-0.087]
1538,[0.956]
1539,[0.943]
1540,[0.95699996]
1541,[0.8100001]
1542,[0.904]
1543,[0.92399997]
1544,[0.8100001]
1545,[0.959]
1546,[0.837]
1547,[-0.087]
1548,[0.94600004]
1549,[0.95299995]
1550,[0.89599997]
1551,[0.861]
1552,[-0.059]
1553,[0.95699996]
1554,[0.8460001]
1555,[0.8130001]
1556,[0.7970001]
1557,[0.938]
1558,[0.875]
1559,[-0.19099991]
1560,[-0.06300001]
1561,[0.861]
1562,[0.82800007]
1563,[0.8060001]
1564,[0.947]
1565,[0.879]
1566,[-0.2999999]
1567,[0.948]
1568,[0.95299995]
1569,[-0.059]
1570,[0.84300005]
1571,[0.945]
1572,[0.7890001]
1573,[0.83800006]
1574,[0.908]
1575,[-0.071]
1576,[-0.09500001]
1577,[-0.059]
1578,[-0.14299999]
1579,[-0.17899993]
1580,[0.868]
1581,[0.86600006]
1582,[-0.071]
1583,[0.836]
1584,[0.909]
1585,[0.936]
1586,[0.895]
1587,[0.87]
1588,[0.904]
1589,[-0.059]
1590,[-0.2999999]
1591,[-0.11900001]
1592,[-0.06300001]
1593,[0.955]
1594,[-0.083]
1595,[0.949]
1596,[0.90099996]
1597,[0.91899997]
1598,[-0.059]
1599,[0.938]
1600,[0.911]
1601,[0.948]
1602,[-0.16699995]
1603,[-0.059]
1604,[0.89599997]
1605,[0.855]
1606,[0.8160001]
1607,[0.8100001]
1608,[0.84000003]
1609,[0.944]
1610,[-0.087]
1611,[-0.059]
1612,[0.902]
1613,[0.85800004]
1614,[0.859]
1615,[0.943]
1616,[0.94600004]
1617,[-0.071]
1618,[0.89199996]
1619,[0.856]
1620,[-0.087]
1621,[-0.059]
1622,[-0.059]
1623,[0.95000005]
1624,[0.7830002]
1625,[0.89699996]
1626,[0.94]
1627,[-0.18299992]
1628,[0.84700006]
1629,[0.912]
1630,[0.94]
1631,[0.93299997]
1632,[0.94200003]
1633,[-0.15499997]
1634,[0.935]
1635,[0.832]
1636,[0.84800005]
1637,[0.939]
1638,[-0.059]
1639,[0.962]
1640,[0.939]
1641,[0.951]
1642,[0.92399997]
1643,[0.8220001]
1644,[0.931]
1645,[0.78600013]
1646,[0.928]
1647,[0.8090001]
1648,[-0.067]
1649,[-0.2999999]
1650,[0.83900005]
1651,[0.95299995]
1652,[0.8460001]
1653,[0.94600004]
1654,[0.9]
1655,[-0.059]
1656,[-0.17899993]
1657,[0.927]
1658,[0.92899996]
1659,[0.8010001]
1660,[0.913]
1661,[-0.075]
1662,[-0.059]
1663,[0.941]
1664,[0.939]
1665,[0.89599997]
1666,[0.93299997]
1667,[0.88]
1668,[-0.20299989]
1669,[0.93299997]
1670,[-0.059]
1671,[-0.059]
1672,[0.86200005]
1673,[0.93]
1674,[-0.059]
1675,[0.96099997]
1676,[0.956]
1677,[0.951]
1678,[0.956]
1679,[0.83300006]
1680,[-0.29099986]
1681,[0.77600014]
1682,[0.874]
1683,[-0.059]
1684,[0.959]
1685,[0.8040001]
1686,[0.76500016]
1687,[0.955]
1688,[0.857]
1689,[-0.2999999]
1690,[-0.059]
1691,[-0.06300001]
1692,[0.95299995]
1693,[0.944]
1694,[-0.06300001]
1695,[0.916]
1696,[0.8030001]
1697,[0.956]
1698,[0.84000003]
1699,[0.937]
1700,[-0.071]
1701,[0.948]
1702,[0.959]
1703,[-0.059]
1704,[0.954]
1705,[-0.059]
1706,[-0.071]
1707,[-0.067]
1708,[0.927]
1709,[0.89199996]
1710,[0.92899996]
1711,[0.955]
1712,[-0.067]
1713,[0.95299995]
1714,[0.883]
1715,[0.8010001]
1716,[0.951]
1717,[0.78100014]
1718,[-0.2999999]
1719,[0.7930001]
1720,[0.926]
1721,[0.923]
1722,[0.899]
1723,[0.94600004]
1724,[-0.14299999]
1725,[0.899]
1726,[-0.083]
1727,[0.894]
1728,[-0.20299989]
1729,[0.78400016]
1730,[-0.23899983]
1731,[0.958]
1732,[0.86399996]
1733,[0.877]
1734,[0.78100014]
1735,[-0.06300001]
1736,[-0.21499987]
1737,[0.857]
1738,[0.934]
1739,[-0.2999999]
1740,[-0.059]
1741,[0.951]
1742,[-0.06300001]
1743,[0.951]
1744,[0.89199996]
1745,[0.91400003]
1746,[0.932]
1747,[-0.059]
1748,[0.948]
1749,[0.7890001]
1750,[0.8000001]
1751,[-0.11500001]
1752,[0.837]
1753,[-0.059]
1754,[0.87299997]
1755,[-0.2999999]
1756,[-0.067]
1757,[0.945]
1758,[0.948]
1759,[0.91899997]
1760,[-0.20699988]
1761,[0.93]
1762,[0.79800016]
1763,[0.93]
1764,[0.936]
1765,[-0.135]
1766,[0.8340001]
1767,[-0.071]
1768,[0.7730001]
1769,[0.947]
1770,[-0.2999999]
1771,[0.926]
1772,[-0.083]
1773,[0.875]
1774,[0.904]
1775,[0.938]
1776,[-0.087]
1777,[0.8300001]
1778,[0.95000005]
1779,[-0.059]
1780,[0.82400006]
1781,[0.89699996]
1782,[0.917]
1783,[-0.20299989]
1784,[0.91999996]
1785,[-0.087]
1786,[0.7910001]
1787,[-0.17899993]
1788,[0.96]
1789,[0.908]
1790,[0.8160001]
1791,[0.95699996]
1792,[0.917]
1793,[0.95299995]
1794,[0.91899997]
1795,[0.921]
1796,[0.849]
1797,[0.836]
1798,[-0.079]
1799,[0.8180001]
1800,[0.91]
1801,[-0.087]
1802,[0.92899996]
1803,[0.83900005]
1804,[0.91800004]
1805,[0.841]
1806,[0.899]
1807,[0.95299995]
1808,[0.926]
1809,[0.91]
1810,[-0.16699995]
1811,[-0.17899993]
1812,[0.947]
1813,[0.84000003]
1814,[0.92899996]
1815,[0.78600013]
1816,[0.8100001]
1817,[0.945]
1818,[0.936]
1819,[0.91800004]
1820,[0.95299995]
1821,[-0.11500001]
1822,[-0.2999999]
1823,[-0.071]
1824,[0.908]
1825,[0.947]
1826,[-0.13100001]
1827,[0.944]
1828,[0.908]
1829,[-0.139]
1830,[0.95199996]
1831,[0.82400006]
1832,[0.8180001]
1833,[0.944]
1834,[0.95699996]
1835,[0.94200003]
1836,[-0.067]
1837,[0.95699996]
1838,[0.95699996]
1839,[0.8130001]
1840,[-0.059]
1841,[0.8040001]
1842,[-0.087]
1843,[0.82000005]
1844,[0.94200003]
1845,[0.86]
1846,[0.936]
1847,[0.82400006]
1848,[0.956]
1849,[-0.087]
1850,[0.94600004]
1851,[0.958]
1852,[-0.075]
1853,[0.78100014]
1854,[-0.2999999]
1855,[0.7830002]
1856,[0.832]
1857,[-0.059]
1858,[0.8030001]
1859,[-0.09900001]
1860,[-0.059]
1861,[0.912]
1862,[-0.22299986]
1863,[0.837]
1864,[-0.15899996]
1865,[0.81900007]
1866,[0.94200003]
1867,[0.82100004]
1868,[0.941]
1869,[-0.21899986]
1870,[0.8010001]
1871,[-0.2999999]
1872,[0.84800005]
1873,[0.956]
1874,[0.96]
1875,[0.9]
1876,[0.95000005]
1877,[-0.22299986]
1878,[0.908]
1879,[0.849]
1880,[-0.059]
1881,[-0.059]
1882,[0.7920001]
1883,[0.917]
1884,[0.937]
1885,[-0.2999999]
1886,[0.949]
1887,[0.954]
1888,[0.87]
1889,[0.903]
1890,[-0.06300001]
1891,[-0.059]
1892,[0.8030001]
1893,[0.92499995]
1894,[0.868]
1895,[-0.059]
1896,[0.857]
1897,[0.95699996]
1898,[0.7880001]
1899,[-0.06300001]
1900,[0.906]
1901,[-0.071]
1902,[0.95699996]
1903,[-0.2999999]
1904,[-0.087]
1905,[0.928]
1906,[0.8010001]
1907,[0.93]
1908,[0.78000015]
1909,[-0.2999999]
1910,[0.92399997]
1911,[0.895]
1912,[-0.06300001]
1913,[0.7910001]
1914,[0.913]
1915,[-0.2999999]
1916,[0.8160001]
1917,[0.958]
1918,[-0.17899993]
1919,[0.9]
1920,[0.92499995]
1921,[0.92399997]
1922,[0.81900007]
1923,[0.955]
1924,[0.83800006]
1925,[0.949]
1926,[-0.2999999]
1927,[0.954]
1928,[-0.059]
1929,[0.938]
1930,[0.94200003]
1931,[-0.071]
1932,[-0.087]
1933,[-0.12700002]
1934,[0.94600004]
1935,[0.927]
1936,[0.8220001]
1937,[0.949]
1938,[-0.075]
1939,[0.832]
1940,[0.85800004]
1941,[-0.059]
1942,[0.95699996]
1943,[0.95299995]
1944,[-0.083]
1945,[-0.1949999]
1946,[-0.2999999]
1947,[-0.079]
1948,[0.944]
1949,[0.7830002]
1950,[-0.059]
1951,[-0.20699988]
1952,[0.947]
1953,[0.86399996]
1954,[0.881]
1955,[0.928]
1956,[0.885]
1957,[0.859]
1958,[0.937]
1959,[0.8100001]
1960,[0.82400006]
1961,[-0.19099991]
1962,[0.87299997]
1963,[0.92499995]
1964,[0.87]
1965,[0.927]
1966,[0.92200005]
1967,[0.905]
1968,[-0.19099991]
1969,[-0.087]
1970,[0.84800005]
1971,[0.95000005]
1972,[-0.071]
1973,[-0.06300001]
1974,[-0.067]
1975,[-0.14299999]
1976,[0.881]
1977,[-0.087]
1978,[0.91999996]
1979,[0.89199996]
1980,[0.841]
1981,[0.7890001]
1982,[0.867]
1983,[-0.2999999]
1984,[-0.059]
1985,[0.932]
1986,[0.83100003]
1987,[-0.087]
1988,[0.92899996]
1989,[0.8010001]
1990,[0.911]
1991,[-0.2999999]
1992,[-0.059]
1993,[0.948]
1994,[0.941]
1995,[0.91999996]
1996,[0.95199996]
1997,[0.955]
1998,[0.8160001]
1999,[0.82800007]
2000,[-0.059]
