Episodio,Puntaje
1,[0.911]
2,[0.8340001]
3,[-0.09100001]
4,[-0.09500001]
5,[-0.071]
6,[0.905]
7,[0.878]
8,[-0.23499984]
9,[-0.059]
10,[-0.09500001]
11,[-0.059]
12,[-0.059]
13,[-0.2509998]
14,[-0.059]
15,[-0.087]
16,[-0.059]
17,[-0.06300001]
18,[0.77400017]
19,[-0.059]
20,[-0.059]
21,[-0.059]
22,[0.8150001]
23,[0.77500015]
24,[-0.059]
25,[-0.079]
26,[0.7910001]
27,[-0.2999999]
28,[-0.24299982]
29,[-0.059]
30,[-0.059]
31,[0.959]
32,[-0.15899996]
33,[-0.059]
34,[-0.059]
35,[-0.059]
36,[-0.083]
37,[-0.059]
38,[-0.059]
39,[-0.17499994]
40,[-0.071]
41,[-0.14699998]
42,[0.7700002]
43,[-0.067]
44,[-0.059]
45,[-0.06300001]
46,[0.837]
47,[-0.059]
48,[-0.059]
49,[-0.059]
50,[-0.23499984]
51,[0.7960001]
52,[0.949]
53,[-0.12700002]
54,[0.836]
55,[-0.16299996]
56,[-0.059]
57,[-0.059]
58,[-0.059]
59,[-0.06300001]
60,[-0.071]
61,[-0.059]
62,[-0.19099991]
63,[-0.059]
64,[-0.059]
65,[-0.079]
66,[-0.075]
67,[-0.059]
68,[0.8040001]
69,[-0.059]
70,[0.84700006]
71,[-0.059]
72,[-0.11900001]
73,[-0.079]
74,[-0.083]
75,[-0.059]
76,[0.913]
77,[-0.059]
78,[-0.071]
79,[-0.2999999]
80,[0.855]
81,[-0.09900001]
82,[0.86]
83,[0.71900016]
84,[0.88]
85,[-0.12700002]
86,[0.90099996]
87,[0.7850001]
88,[-0.14699998]
89,[0.8260001]
90,[-0.1949999]
91,[0.81700003]
92,[-0.067]
93,[-0.09100001]
94,[0.88899994]
95,[0.86399996]
96,[-0.059]
97,[0.83500004]
98,[0.7640002]
99,[0.7320002]
100,[-0.075]
101,[-0.059]
102,[-0.059]
103,[-0.09100001]
104,[-0.09500001]
105,[-0.13100001]
106,[-0.12700002]
107,[0.8160001]
108,[0.884]
109,[0.861]
110,[-0.15099998]
111,[-0.27099982]
112,[-0.23099984]
113,[-0.083]
114,[-0.059]
115,[-0.059]
116,[-0.059]
117,[-0.15499997]
118,[-0.15499997]
119,[0.94]
120,[0.80500007]
121,[-0.15099998]
122,[0.88600004]
123,[-0.09100001]
124,[-0.09100001]
125,[0.927]
126,[0.8220001]
127,[0.89199996]
128,[-0.11500001]
129,[0.7830002]
130,[0.77100015]
131,[-0.059]
132,[-0.15099998]
133,[-0.059]
134,[-0.17099994]
135,[-0.059]
136,[-0.059]
137,[-0.059]
138,[-0.20699988]
139,[-0.2999999]
140,[-0.06300001]
141,[0.81700003]
142,[-0.059]
143,[-0.059]
144,[-0.09100001]
145,[-0.2999999]
146,[-0.09500001]
147,[0.859]
148,[-0.059]
149,[0.78100014]
150,[0.7430002]
151,[-0.067]
152,[-0.11500001]
153,[0.867]
154,[-0.059]
155,[-0.06300001]
156,[-0.059]
157,[0.7360002]
158,[-0.059]
159,[-0.079]
160,[-0.079]
161,[-0.059]
162,[0.81900007]
163,[-0.059]
164,[0.863]
165,[0.89]
166,[-0.10300001]
167,[-0.071]
168,[-0.059]
169,[-0.135]
170,[0.8230001]
171,[0.8150001]
172,[0.89699996]
173,[-0.059]
174,[-0.059]
175,[-0.1949999]
176,[-0.09500001]
177,[-0.059]
178,[-0.083]
179,[-0.059]
180,[0.7930001]
181,[-0.2589998]
182,[-0.135]
183,[-0.071]
184,[0.865]
185,[-0.059]
186,[-0.059]
187,[0.7660002]
188,[-0.067]
189,[-0.10300001]
190,[-0.10300001]
191,[0.85800004]
192,[-0.059]
193,[0.79400015]
194,[0.888]
195,[0.7890001]
196,[-0.059]
197,[-0.059]
198,[-0.059]
199,[0.79800016]
200,[-0.071]
201,[-0.067]
202,[-0.059]
203,[-0.059]
204,[-0.139]
205,[-0.21899986]
206,[0.8080001]
207,[-0.059]
208,[-0.059]
209,[-0.22299986]
210,[0.7470002]
211,[0.7550002]
212,[-0.059]
213,[0.89199996]
214,[-0.06300001]
215,[-0.083]
216,[-0.09900001]
217,[0.8010001]
218,[-0.067]
219,[0.7770001]
220,[0.7820002]
221,[-0.059]
222,[-0.079]
223,[0.7930001]
224,[-0.083]
225,[0.80500007]
226,[0.8040001]
227,[-0.09100001]
228,[-0.2999999]
229,[-0.059]
230,[-0.079]
231,[-0.059]
232,[0.951]
233,[-0.2509998]
234,[0.84200007]
235,[-0.059]
236,[-0.059]
237,[-0.059]
238,[0.878]
239,[0.899]
240,[-0.059]
241,[0.75000024]
242,[0.82800007]
243,[-0.059]
244,[-0.139]
245,[0.89]
246,[0.928]
247,[-0.059]
248,[-0.12700002]
249,[-0.087]
250,[-0.059]
251,[0.7450002]
252,[-0.21899986]
253,[-0.2999999]
254,[-0.059]
255,[-0.18299992]
256,[-0.079]
257,[-0.12700002]
258,[0.83300006]
259,[-0.059]
260,[-0.059]
261,[-0.059]
262,[0.8030001]
263,[-0.14299999]
264,[-0.059]
265,[-0.067]
266,[-0.24699982]
267,[-0.059]
268,[-0.2999999]
269,[-0.09100001]
270,[-0.059]
271,[0.88600004]
272,[0.95699996]
273,[0.7450002]
274,[-0.13100001]
275,[0.7930001]
276,[-0.087]
277,[-0.16299996]
278,[-0.15499997]
279,[0.8180001]
280,[-0.059]
281,[-0.059]
282,[-0.059]
283,[-0.06300001]
284,[-0.059]
285,[-0.059]
286,[0.859]
287,[0.89699996]
288,[-0.083]
289,[-0.059]
290,[0.7410002]
291,[0.8140001]
292,[-0.059]
293,[-0.09100001]
294,[0.7510002]
295,[-0.09100001]
296,[-0.059]
297,[-0.087]
298,[0.841]
299,[0.894]
300,[0.85800004]
301,[-0.06300001]
302,[-0.071]
303,[-0.059]
304,[0.872]
305,[-0.079]
306,[-0.059]
307,[-0.079]
308,[-0.059]
309,[-0.20699988]
310,[-0.087]
311,[-0.059]
312,[-0.14699998]
313,[-0.13100001]
314,[-0.059]
315,[0.79800016]
316,[-0.06300001]
317,[-0.059]
318,[0.89199996]
319,[0.934]
320,[0.941]
321,[-0.059]
322,[0.948]
323,[-0.059]
324,[-0.059]
325,[-0.12700002]
326,[-0.059]
327,[-0.059]
328,[0.902]
329,[-0.1989999]
330,[-0.059]
331,[-0.06300001]
332,[-0.09900001]
333,[-0.09100001]
334,[-0.2999999]
335,[-0.059]
336,[-0.18699992]
337,[-0.19099991]
338,[-0.2999999]
339,[0.71900016]
340,[0.7260002]
341,[-0.059]
342,[-0.17499994]
343,[-0.087]
344,[-0.059]
345,[-0.15099998]
346,[0.959]
347,[0.87]
348,[0.8230001]
349,[-0.12300001]
350,[-0.12700002]
351,[-0.067]
352,[-0.059]
353,[-0.059]
354,[-0.21099988]
355,[0.79500014]
356,[-0.059]
357,[0.92399997]
358,[-0.059]
359,[0.79800016]
360,[0.77100015]
361,[0.7550002]
362,[-0.075]
363,[-0.15099998]
364,[-0.059]
365,[0.89599997]
366,[0.77100015]
367,[-0.059]
368,[-0.16299996]
369,[-0.059]
370,[0.82400006]
371,[-0.06300001]
372,[-0.075]
373,[-0.24699982]
374,[0.83100003]
375,[-0.079]
376,[-0.059]
377,[0.88899994]
378,[-0.079]
379,[-0.059]
380,[-0.135]
381,[-0.059]
382,[0.89599997]
383,[-0.2549998]
384,[0.8150001]
385,[-0.13100001]
386,[0.916]
387,[0.82800007]
388,[-0.059]
389,[-0.059]
390,[-0.059]
391,[-0.059]
392,[-0.15099998]
393,[-0.09100001]
394,[0.82400006]
395,[-0.059]
396,[-0.075]
397,[-0.06300001]
398,[-0.087]
399,[-0.09500001]
400,[-0.11900001]
401,[-0.20699988]
402,[0.955]
403,[-0.059]
404,[-0.2999999]
405,[-0.059]
406,[0.836]
407,[0.91800004]
408,[0.868]
409,[-0.29099986]
410,[0.8140001]
411,[0.917]
412,[-0.059]
413,[-0.059]
414,[-0.087]
415,[0.943]
416,[-0.059]
417,[0.88600004]
418,[0.89]
419,[-0.12300001]
420,[-0.059]
421,[-0.16299996]
422,[-0.059]
423,[-0.11500001]
424,[0.943]
425,[0.79800016]
426,[-0.059]
427,[-0.059]
428,[-0.059]
429,[0.82400006]
430,[-0.18699992]
431,[-0.10700001]
432,[-0.067]
433,[0.903]
434,[0.877]
435,[-0.135]
436,[-0.059]
437,[-0.059]
438,[-0.2999999]
439,[-0.059]
440,[-0.075]
441,[0.7520002]
442,[0.85400003]
443,[0.73300016]
444,[0.853]
445,[0.74600023]
446,[-0.059]
447,[-0.11500001]
448,[0.86600006]
449,[-0.17899993]
450,[0.8040001]
451,[-0.22299986]
452,[0.898]
453,[-0.067]
454,[0.82400006]
455,[-0.09900001]
456,[-0.067]
457,[-0.079]
458,[-0.067]
459,[-0.17899993]
460,[0.84300005]
461,[0.857]
462,[-0.079]
463,[-0.079]
464,[-0.2999999]
465,[-0.09500001]
466,[-0.079]
467,[0.943]
468,[0.863]
469,[-0.11900001]
470,[0.891]
471,[0.92499995]
472,[-0.075]
473,[-0.067]
474,[-0.2999999]
475,[0.94]
476,[0.8130001]
477,[-0.059]
478,[-0.27099982]
479,[0.851]
480,[-0.059]
481,[0.8120001]
482,[-0.11100001]
483,[-0.059]
484,[0.882]
485,[-0.059]
486,[-0.2999999]
487,[-0.2999999]
488,[0.7970001]
489,[-0.18699992]
490,[-0.067]
491,[-0.09100001]
492,[-0.06300001]
493,[-0.059]
494,[0.907]
495,[0.78600013]
496,[-0.059]
497,[-0.09100001]
498,[-0.12300001]
499,[0.7520002]
500,[0.902]
501,[0.7430002]
502,[0.7480002]
503,[-0.059]
504,[0.878]
505,[0.7510002]
506,[0.91]
507,[-0.079]
508,[0.887]
509,[0.934]
510,[-0.18299992]
511,[0.894]
512,[0.78400016]
513,[-0.059]
514,[0.868]
515,[-0.06300001]
516,[-0.071]
517,[-0.17899993]
518,[-0.059]
519,[-0.059]
520,[-0.059]
521,[0.77900016]
522,[-0.09100001]
523,[-0.06300001]
524,[-0.059]
525,[-0.059]
526,[0.91899997]
527,[-0.059]
528,[-0.059]
529,[-0.059]
530,[0.7640002]
531,[-0.059]
532,[-0.18699992]
533,[-0.059]
534,[0.877]
535,[-0.2999999]
536,[0.926]
537,[-0.087]
538,[0.87]
539,[0.7590002]
540,[-0.28299984]
541,[0.89599997]
542,[0.832]
543,[-0.16299996]
544,[-0.059]
545,[-0.059]
546,[-0.059]
547,[0.78400016]
548,[-0.2669998]
549,[0.82000005]
550,[-0.21899986]
551,[-0.28299984]
552,[-0.059]
553,[0.7450002]
554,[-0.059]
555,[-0.059]
556,[-0.13100001]
557,[-0.10700001]
558,[0.7930001]
559,[-0.21099988]
560,[-0.059]
561,[-0.22299986]
562,[-0.135]
563,[-0.11100001]
564,[-0.059]
565,[-0.15099998]
566,[-0.11100001]
567,[-0.11500001]
568,[0.7480002]
569,[-0.059]
570,[-0.059]
571,[0.8260001]
572,[-0.139]
573,[-0.06300001]
574,[0.7410002]
575,[-0.059]
576,[0.876]
577,[-0.059]
578,[0.72300017]
579,[-0.15099998]
580,[-0.059]
581,[-0.059]
582,[-0.059]
583,[0.947]
584,[0.7410002]
585,[0.8130001]
586,[0.937]
587,[-0.059]
588,[-0.15499997]
589,[-0.10300001]
590,[-0.15099998]
591,[-0.059]
592,[0.872]
593,[-0.09500001]
594,[-0.2999999]
595,[0.7830002]
596,[-0.2999999]
597,[-0.059]
598,[-0.079]
599,[-0.059]
600,[-0.059]
601,[-0.14299999]
602,[0.8140001]
603,[-0.059]
604,[-0.21499987]
605,[0.91400003]
606,[-0.059]
607,[-0.11100001]
608,[-0.06300001]
609,[-0.075]
610,[-0.059]
611,[-0.059]
612,[-0.059]
613,[-0.17499994]
614,[-0.059]
615,[-0.075]
616,[0.8160001]
617,[-0.10700001]
618,[0.7930001]
619,[-0.067]
620,[-0.10300001]
621,[-0.079]
622,[0.88600004]
623,[0.89]
624,[-0.06300001]
625,[-0.2999999]
626,[0.7470002]
627,[0.8140001]
628,[-0.17099994]
629,[0.8030001]
630,[0.845]
631,[0.7550002]
632,[-0.059]
633,[-0.059]
634,[-0.075]
635,[-0.059]
636,[-0.059]
637,[-0.15899996]
638,[-0.059]
639,[-0.059]
640,[-0.059]
641,[-0.059]
642,[0.7830002]
643,[0.936]
644,[0.856]
645,[-0.059]
646,[-0.059]
647,[-0.059]
648,[-0.071]
649,[0.7910001]
650,[-0.09100001]
651,[-0.135]
652,[-0.087]
653,[-0.059]
654,[-0.2999999]
655,[-0.059]
656,[-0.16699995]
657,[-0.20299989]
658,[-0.20299989]
659,[-0.09900001]
660,[-0.16299996]
661,[0.951]
662,[-0.059]
663,[0.90099996]
664,[0.78100014]
665,[0.89199996]
666,[-0.09500001]
667,[-0.059]
668,[-0.083]
669,[-0.16299996]
670,[-0.059]
671,[0.851]
672,[-0.059]
673,[0.81900007]
674,[0.885]
675,[-0.11100001]
676,[-0.139]
677,[-0.059]
678,[-0.071]
679,[0.8140001]
680,[-0.075]
681,[0.7620002]
682,[-0.059]
683,[0.78100014]
684,[-0.09100001]
685,[0.7430002]
686,[0.89]
687,[-0.087]
688,[-0.2589998]
689,[-0.2999999]
690,[-0.2549998]
691,[0.77200013]
692,[-0.059]
693,[-0.13100001]
694,[0.7630002]
695,[-0.09100001]
696,[-0.075]
697,[-0.067]
698,[-0.059]
699,[-0.12300001]
700,[-0.059]
701,[0.857]
702,[-0.06300001]
703,[-0.15099998]
704,[0.89199996]
705,[0.91400003]
706,[0.7050001]
707,[0.8040001]
708,[0.7590002]
709,[0.72300017]
710,[0.75600016]
711,[-0.09100001]
712,[-0.059]
713,[-0.1949999]
714,[-0.083]
715,[-0.059]
716,[0.947]
717,[0.894]
718,[0.859]
719,[0.935]
720,[0.895]
721,[-0.2999999]
722,[-0.059]
723,[-0.1989999]
724,[0.82000005]
725,[-0.059]
726,[-0.059]
727,[0.7880001]
728,[-0.16299996]
729,[-0.139]
730,[-0.09500001]
731,[-0.059]
732,[0.856]
733,[-0.059]
734,[-0.059]
735,[0.936]
736,[-0.12300001]
737,[-0.2999999]
738,[-0.17099994]
739,[0.885]
740,[-0.11900001]
741,[0.861]
742,[-0.059]
743,[-0.15099998]
744,[-0.059]
745,[-0.17499994]
746,[0.909]
747,[-0.079]
748,[-0.139]
749,[-0.059]
750,[-0.18299992]
751,[0.75300014]
752,[0.78000015]
753,[-0.075]
754,[-0.27499983]
755,[-0.059]
756,[0.7430002]
757,[-0.12700002]
758,[-0.059]
759,[0.951]
760,[-0.2999999]
761,[-0.059]
762,[0.79500014]
763,[0.943]
764,[-0.059]
765,[-0.17499994]
766,[-0.059]
767,[0.7910001]
768,[0.87]
769,[-0.087]
770,[0.80500007]
771,[-0.059]
772,[-0.15099998]
773,[-0.21499987]
774,[-0.059]
775,[-0.059]
776,[-0.135]
777,[-0.14699998]
778,[-0.071]
779,[-0.06300001]
780,[0.84400004]
781,[-0.059]
782,[-0.059]
783,[-0.15099998]
784,[-0.2999999]
785,[-0.14699998]
786,[0.83300006]
787,[-0.135]
788,[-0.14699998]
789,[0.7780002]
790,[-0.2999999]
791,[-0.09100001]
792,[-0.075]
793,[-0.059]
794,[-0.12300001]
795,[0.80200016]
796,[0.77600014]
797,[-0.10300001]
798,[-0.067]
799,[0.7920001]
800,[0.8150001]
801,[-0.16299996]
802,[-0.21499987]
803,[-0.14299999]
804,[-0.059]
805,[-0.17099994]
806,[0.928]
807,[0.76100016]
808,[-0.059]
809,[-0.2509998]
810,[-0.18299992]
811,[0.90099996]
812,[0.91999996]
813,[-0.071]
814,[-0.067]
815,[0.836]
816,[-0.06300001]
817,[-0.13100001]
818,[-0.087]
819,[-0.06300001]
820,[-0.2999999]
821,[-0.09900001]
822,[-0.059]
823,[-0.16699995]
824,[-0.059]
825,[-0.06300001]
826,[-0.06300001]
827,[0.7890001]
828,[-0.12700002]
829,[-0.059]
830,[-0.09100001]
831,[-0.12300001]
832,[0.899]
833,[-0.059]
834,[-0.2999999]
835,[0.947]
836,[-0.059]
837,[-0.16299996]
838,[0.88899994]
839,[0.93299997]
840,[0.8120001]
841,[0.89199996]
842,[-0.17899993]
843,[-0.11100001]
844,[0.7380002]
845,[-0.059]
846,[-0.14299999]
847,[-0.079]
848,[-0.083]
849,[0.89]
850,[-0.059]
851,[-0.059]
852,[-0.059]
853,[-0.059]
854,[-0.067]
855,[-0.059]
856,[-0.067]
857,[-0.059]
858,[-0.059]
859,[-0.059]
860,[0.935]
861,[0.944]
862,[0.7340002]
863,[-0.067]
864,[0.845]
865,[-0.18699992]
866,[-0.059]
867,[0.95000005]
868,[-0.059]
869,[-0.09500001]
870,[0.77900016]
871,[0.841]
872,[-0.059]
873,[-0.059]
874,[-0.059]
875,[0.937]
876,[-0.059]
877,[-0.059]
878,[-0.075]
879,[0.7780002]
880,[-0.067]
881,[-0.09500001]
882,[-0.059]
883,[-0.059]
884,[-0.067]
885,[-0.11500001]
886,[0.7780002]
887,[-0.059]
888,[0.877]
889,[-0.2999999]
890,[-0.075]
891,[0.78600013]
892,[-0.067]
893,[0.7890001]
894,[-0.059]
895,[-0.09500001]
896,[-0.2999999]
897,[0.852]
898,[-0.2999999]
899,[0.84800005]
900,[-0.059]
901,[-0.059]
902,[-0.09100001]
903,[-0.059]
904,[-0.2999999]
905,[-0.067]
906,[-0.059]
907,[0.88899994]
908,[-0.23899983]
909,[-0.17499994]
910,[-0.11500001]
911,[0.7520002]
912,[-0.059]
913,[0.852]
914,[-0.059]
915,[0.876]
916,[-0.059]
917,[-0.059]
918,[-0.059]
919,[-0.059]
920,[-0.139]
921,[-0.075]
922,[0.849]
923,[-0.2999999]
924,[-0.075]
925,[0.91899997]
926,[-0.059]
927,[-0.059]
928,[0.72800016]
929,[-0.059]
930,[-0.059]
931,[-0.12700002]
932,[-0.27899984]
933,[0.84000003]
934,[0.7300002]
935,[-0.139]
936,[0.7340002]
937,[-0.059]
938,[0.73300016]
939,[0.888]
940,[-0.06300001]
941,[-0.2999999]
942,[-0.2999999]
943,[0.8110001]
944,[-0.15099998]
945,[-0.059]
946,[-0.24299982]
947,[-0.139]
948,[-0.075]
949,[-0.15099998]
950,[0.7820002]
951,[-0.09100001]
952,[-0.10300001]
953,[-0.059]
954,[-0.12700002]
955,[-0.12700002]
956,[-0.17499994]
957,[0.875]
958,[-0.11900001]
959,[-0.139]
960,[-0.059]
961,[0.879]
962,[-0.059]
963,[-0.059]
964,[-0.067]
965,[-0.15899996]
966,[0.7970001]
967,[-0.059]
968,[-0.059]
969,[0.891]
970,[0.81700003]
971,[0.78600013]
972,[-0.11900001]
973,[0.7080001]
974,[-0.071]
975,[-0.09500001]
976,[0.75600016]
977,[-0.087]
978,[-0.059]
979,[-0.083]
980,[-0.16699995]
981,[0.72000015]
982,[-0.079]
983,[-0.079]
984,[-0.15099998]
985,[0.906]
986,[-0.059]
987,[-0.15099998]
988,[-0.059]
989,[-0.10700001]
990,[0.7260002]
991,[-0.059]
992,[0.82000005]
993,[-0.06300001]
994,[-0.059]
995,[-0.059]
996,[-0.11100001]
997,[0.92200005]
998,[-0.2999999]
999,[-0.059]
1000,[0.7910001]
1001,[-0.059]
1002,[-0.18299992]
1003,[-0.059]
1004,[-0.11500001]
1005,[-0.059]
1006,[-0.059]
1007,[-0.1949999]
1008,[-0.059]
1009,[-0.059]
1010,[0.926]
1011,[0.891]
1012,[-0.15499997]
1013,[-0.059]
1014,[-0.059]
1015,[0.7490002]
1016,[-0.067]
1017,[-0.09500001]
1018,[0.89599997]
1019,[-0.059]
1020,[0.88899994]
1021,[-0.059]
1022,[0.882]
1023,[-0.1989999]
1024,[-0.09900001]
1025,[0.904]
1026,[0.76700014]
1027,[0.7360002]
1028,[-0.079]
1029,[0.91899997]
1030,[-0.12700002]
1031,[0.959]
1032,[-0.059]
1033,[-0.2629998]
1034,[-0.083]
1035,[-0.1949999]
1036,[-0.059]
1037,[-0.059]
1038,[-0.13100001]
1039,[0.84000003]
1040,[-0.059]
1041,[0.904]
1042,[-0.059]
1043,[-0.079]
1044,[0.84000003]
1045,[0.86600006]
1046,[-0.059]
1047,[-0.059]
1048,[-0.2999999]
1049,[-0.139]
1050,[0.83500004]
1051,[-0.059]
1052,[-0.079]
1053,[0.77500015]
1054,[-0.059]
1055,[-0.135]
1056,[-0.059]
1057,[0.8270001]
1058,[-0.059]
1059,[0.872]
1060,[-0.06300001]
1061,[-0.09100001]
1062,[0.875]
1063,[-0.059]
1064,[0.89599997]
1065,[-0.21899986]
1066,[-0.059]
1067,[-0.12700002]
1068,[-0.059]
1069,[0.7660002]
1070,[-0.075]
1071,[0.82400006]
1072,[-0.139]
1073,[-0.059]
1074,[0.87]
1075,[-0.059]
1076,[0.867]
1077,[0.8090001]
1078,[-0.059]
1079,[-0.067]
1080,[-0.059]
1081,[0.8150001]
1082,[0.7400002]
1083,[-0.2999999]
1084,[-0.067]
1085,[0.86600006]
1086,[-0.14299999]
1087,[-0.059]
1088,[0.7970001]
1089,[-0.087]
1090,[-0.059]
1091,[-0.059]
1092,[0.8010001]
1093,[-0.059]
1094,[0.8230001]
1095,[0.8270001]
1096,[0.84200007]
1097,[-0.059]
1098,[-0.059]
1099,[-0.059]
1100,[-0.059]
1101,[-0.06300001]
1102,[-0.13100001]
1103,[0.79500014]
1104,[-0.23099984]
1105,[0.7640002]
1106,[0.7930001]
1107,[-0.17099994]
1108,[-0.059]
1109,[0.7910001]
1110,[-0.071]
1111,[-0.11900001]
1112,[0.7910001]
1113,[0.81900007]
1114,[-0.067]
1115,[-0.14299999]
1116,[-0.2549998]
1117,[-0.087]
1118,[0.8120001]
1119,[0.76500016]
1120,[-0.059]
1121,[-0.075]
1122,[-0.059]
1123,[-0.14299999]
1124,[0.8070001]
1125,[0.78400016]
1126,[-0.059]
1127,[-0.059]
1128,[0.77900016]
1129,[-0.059]
1130,[0.902]
1131,[0.878]
1132,[-0.12300001]
1133,[-0.079]
1134,[-0.28699985]
1135,[0.7990001]
1136,[-0.09900001]
1137,[-0.2999999]
1138,[-0.059]
1139,[0.73700017]
1140,[0.8260001]
1141,[-0.059]
1142,[-0.13100001]
1143,[0.841]
1144,[0.70200014]
1145,[-0.079]
1146,[0.8300001]
1147,[0.74600023]
1148,[0.7770001]
1149,[0.859]
1150,[-0.135]
1151,[0.77500015]
1152,[-0.059]
1153,[0.76100016]
1154,[-0.06300001]
1155,[0.943]
1156,[-0.10700001]
1157,[-0.2999999]
1158,[0.932]
1159,[-0.083]
1160,[0.7050001]
1161,[-0.12300001]
1162,[-0.059]
1163,[0.84200007]
1164,[-0.139]
1165,[-0.059]
1166,[0.882]
1167,[-0.059]
1168,[0.77400017]
1169,[-0.14299999]
1170,[-0.09100001]
1171,[0.898]
1172,[-0.059]
1173,[-0.059]
1174,[0.871]
1175,[-0.06300001]
1176,[0.82500005]
1177,[-0.17499994]
1178,[0.76500016]
1179,[-0.059]
1180,[-0.06300001]
1181,[0.894]
1182,[-0.059]
1183,[-0.15099998]
1184,[-0.059]
1185,[-0.059]
1186,[-0.13100001]
1187,[-0.24699982]
1188,[0.7830002]
1189,[-0.079]
1190,[-0.12700002]
1191,[-0.11900001]
1192,[0.83800006]
1193,[-0.059]
1194,[-0.059]
1195,[-0.29099986]
1196,[0.867]
1197,[0.79800016]
1198,[-0.15899996]
1199,[-0.2669998]
1200,[0.89199996]
1201,[0.912]
1202,[-0.087]
1203,[-0.10300001]
1204,[-0.2669998]
1205,[-0.06300001]
1206,[-0.079]
1207,[-0.14699998]
1208,[0.85400003]
1209,[-0.059]
1210,[-0.059]
1211,[-0.059]
1212,[-0.059]
1213,[-0.23099984]
1214,[-0.20699988]
1215,[-0.083]
1216,[0.8040001]
1217,[-0.135]
1218,[0.863]
1219,[-0.059]
1220,[0.861]
1221,[-0.059]
1222,[0.7580002]
1223,[0.80500007]
1224,[-0.13100001]
1225,[-0.087]
1226,[-0.059]
1227,[0.852]
1228,[0.79800016]
1229,[0.71200013]
1230,[-0.09100001]
1231,[-0.059]
1232,[-0.2999999]
1233,[0.95299995]
1234,[0.853]
1235,[-0.2589998]
1236,[0.95199996]
1237,[0.85]
1238,[-0.059]
1239,[-0.059]
1240,[-0.21899986]
1241,[0.88600004]
1242,[-0.075]
1243,[0.927]
1244,[0.7990001]
1245,[-0.059]
1246,[-0.059]
1247,[0.81700003]
1248,[0.853]
1249,[0.89]
1250,[0.7700002]
1251,[-0.09100001]
1252,[-0.09500001]
1253,[-0.059]
1254,[-0.059]
1255,[0.86600006]
1256,[0.7440002]
1257,[0.926]
1258,[-0.09100001]
1259,[0.85400003]
1260,[-0.071]
1261,[0.845]
1262,[-0.059]
1263,[-0.059]
1264,[-0.067]
1265,[-0.16299996]
1266,[0.82900006]
1267,[0.8220001]
1268,[-0.06300001]
1269,[0.82000005]
1270,[-0.059]
1271,[0.8300001]
1272,[-0.059]
1273,[0.7620002]
1274,[-0.09500001]
1275,[-0.059]
1276,[-0.083]
1277,[-0.059]
1278,[-0.21899986]
1279,[0.76100016]
1280,[-0.17099994]
1281,[-0.059]
1282,[-0.2999999]
1283,[-0.2999999]
1284,[0.77200013]
1285,[-0.17499994]
1286,[0.7620002]
1287,[-0.059]
1288,[-0.10300001]
1289,[-0.059]
1290,[-0.079]
1291,[-0.059]
1292,[-0.059]
1293,[0.91]
1294,[-0.2999999]
1295,[-0.10700001]
1296,[-0.059]
1297,[0.7480002]
1298,[-0.083]
1299,[0.916]
1300,[0.7430002]
1301,[0.883]
1302,[-0.059]
1303,[0.90099996]
1304,[-0.059]
1305,[-0.059]
1306,[-0.2999999]
1307,[0.82000005]
1308,[-0.059]
1309,[-0.23899983]
1310,[-0.11100001]
1311,[0.86600006]
1312,[-0.067]
1313,[-0.20699988]
1314,[0.7970001]
1315,[-0.19099991]
1316,[-0.27099982]
1317,[0.865]
1318,[0.81900007]
1319,[0.88899994]
1320,[-0.09500001]
1321,[-0.09900001]
1322,[0.8070001]
1323,[-0.087]
1324,[-0.059]
1325,[-0.075]
1326,[-0.087]
1327,[-0.15099998]
1328,[0.8160001]
1329,[-0.15099998]
1330,[-0.067]
1331,[-0.09100001]
1332,[0.78600013]
1333,[-0.12700002]
1334,[-0.067]
1335,[0.8070001]
1336,[0.934]
1337,[-0.067]
1338,[0.911]
1339,[-0.16699995]
1340,[-0.1949999]
1341,[-0.059]
1342,[0.78000015]
1343,[0.92499995]
1344,[-0.11500001]
1345,[-0.23499984]
1346,[-0.09100001]
1347,[-0.059]
1348,[-0.2999999]
1349,[-0.075]
1350,[-0.059]
1351,[0.76000017]
1352,[-0.19099991]
1353,[0.81900007]
1354,[0.898]
1355,[-0.079]
1356,[-0.059]
1357,[-0.059]
1358,[-0.059]
1359,[-0.067]
1360,[0.8110001]
1361,[-0.067]
1362,[0.7640002]
1363,[-0.11900001]
1364,[-0.059]
1365,[-0.059]
1366,[-0.059]
1367,[-0.071]
1368,[-0.18699992]
1369,[-0.059]
1370,[0.876]
1371,[-0.059]
1372,[-0.059]
1373,[0.9]
1374,[-0.11500001]
1375,[0.7640002]
1376,[-0.059]
1377,[-0.059]
1378,[-0.059]
1379,[-0.059]
1380,[-0.059]
1381,[0.949]
1382,[0.94]
1383,[0.841]
1384,[-0.059]
1385,[-0.059]
1386,[0.77200013]
1387,[0.7260002]
1388,[-0.087]
1389,[0.8270001]
1390,[-0.06300001]
1391,[-0.059]
1392,[0.877]
1393,[-0.23099984]
1394,[-0.06300001]
1395,[-0.059]
1396,[-0.09500001]
1397,[0.76700014]
1398,[0.79800016]
1399,[-0.059]
1400,[0.7620002]
1401,[-0.059]
1402,[-0.20299989]
1403,[-0.059]
1404,[-0.135]
1405,[-0.067]
1406,[-0.20299989]
1407,[-0.059]
1408,[-0.083]
1409,[0.9]
1410,[-0.059]
1411,[0.89199996]
1412,[-0.083]
1413,[-0.071]
1414,[0.8130001]
1415,[-0.071]
1416,[-0.12700002]
1417,[0.7040001]
1418,[-0.20699988]
1419,[-0.059]
1420,[-0.2999999]
1421,[-0.09100001]
1422,[-0.059]
1423,[-0.2999999]
1424,[-0.12700002]
1425,[0.89699996]
1426,[-0.059]
1427,[-0.11500001]
1428,[-0.15899996]
1429,[0.9]
1430,[-0.059]
1431,[-0.059]
1432,[-0.059]
1433,[-0.24299982]
1434,[0.89]
1435,[-0.059]
1436,[-0.059]
1437,[-0.24299982]
1438,[0.934]
1439,[0.77400017]
1440,[-0.06300001]
1441,[-0.059]
1442,[-0.2669998]
1443,[-0.059]
1444,[-0.059]
1445,[0.851]
1446,[-0.059]
1447,[-0.139]
1448,[0.7440002]
1449,[-0.059]
1450,[-0.139]
1451,[0.71600014]
1452,[-0.059]
1453,[-0.2589998]
1454,[0.836]
1455,[0.7910001]
1456,[-0.075]
1457,[-0.059]
1458,[-0.059]
1459,[0.7910001]
1460,[0.78600013]
1461,[0.79800016]
1462,[-0.059]
1463,[-0.059]
1464,[0.82800007]
1465,[-0.059]
1466,[-0.09100001]
1467,[-0.17899993]
1468,[-0.17899993]
1469,[-0.071]
1470,[-0.11500001]
1471,[0.8060001]
1472,[-0.059]
1473,[-0.06300001]
1474,[-0.059]
1475,[0.83800006]
1476,[-0.059]
1477,[-0.059]
1478,[-0.11900001]
1479,[0.78100014]
1480,[-0.11900001]
1481,[-0.2999999]
1482,[-0.059]
1483,[-0.13100001]
1484,[-0.059]
1485,[-0.2999999]
1486,[-0.09500001]
1487,[-0.079]
1488,[-0.11100001]
1489,[-0.059]
1490,[-0.16699995]
1491,[-0.2589998]
1492,[0.7480002]
1493,[-0.12300001]
1494,[-0.059]
1495,[-0.079]
1496,[-0.06300001]
1497,[-0.23899983]
1498,[0.83500004]
1499,[-0.059]
1500,[0.928]
1501,[-0.135]
1502,[0.78100014]
1503,[-0.075]
1504,[-0.059]
1505,[-0.059]
1506,[-0.2999999]
1507,[0.79000014]
1508,[-0.15099998]
1509,[0.77100015]
1510,[-0.059]
1511,[-0.059]
1512,[0.943]
1513,[-0.22299986]
1514,[-0.23499984]
1515,[0.7450002]
1516,[0.8060001]
1517,[0.907]
1518,[-0.139]
1519,[-0.09900001]
1520,[-0.2999999]
1521,[-0.071]
1522,[0.89]
1523,[-0.059]
1524,[-0.09100001]
1525,[-0.17099994]
1526,[0.8090001]
1527,[0.88899994]
1528,[-0.079]
1529,[0.73700017]
1530,[-0.06300001]
1531,[-0.21499987]
1532,[0.902]
1533,[-0.059]
1534,[-0.075]
1535,[0.917]
1536,[0.849]
1537,[-0.1989999]
1538,[-0.067]
1539,[0.84000003]
1540,[-0.2999999]
1541,[-0.059]
1542,[-0.06300001]
1543,[0.86899996]
1544,[-0.11900001]
1545,[0.7820002]
1546,[-0.067]
1547,[-0.09900001]
1548,[-0.2999999]
1549,[-0.09900001]
1550,[-0.09500001]
1551,[-0.10700001]
1552,[-0.059]
1553,[-0.059]
1554,[-0.059]
1555,[0.8160001]
1556,[-0.2999999]
1557,[-0.06300001]
1558,[-0.21099988]
1559,[-0.059]
1560,[-0.06300001]
1561,[-0.059]
1562,[-0.14699998]
1563,[-0.2999999]
1564,[0.8120001]
1565,[-0.059]
1566,[0.898]
1567,[0.959]
1568,[-0.059]
1569,[-0.059]
1570,[0.73700017]
1571,[0.867]
1572,[-0.059]
1573,[-0.071]
1574,[-0.059]
1575,[0.82800007]
1576,[0.849]
1577,[0.8000001]
1578,[-0.059]
1579,[-0.071]
1580,[0.8060001]
1581,[0.92899996]
1582,[-0.14299999]
1583,[0.89]
1584,[-0.059]
1585,[-0.17499994]
1586,[-0.059]
1587,[0.84400004]
1588,[-0.16699995]
1589,[-0.075]
1590,[0.7890001]
1591,[-0.059]
1592,[-0.059]
1593,[-0.11900001]
1594,[-0.20699988]
1595,[-0.2999999]
1596,[0.856]
1597,[-0.059]
1598,[0.868]
1599,[-0.059]
1600,[-0.059]
1601,[0.84000003]
1602,[0.7880001]
1603,[0.871]
1604,[-0.059]
1605,[0.7680001]
1606,[0.82000005]
1607,[-0.083]
1608,[-0.079]
1609,[0.926]
1610,[0.915]
1611,[0.78100014]
1612,[-0.079]
1613,[-0.11100001]
1614,[0.88899994]
1615,[-0.059]
1616,[-0.071]
1617,[-0.09100001]
1618,[0.8220001]
1619,[-0.24699982]
1620,[-0.059]
1621,[0.75700015]
1622,[-0.059]
1623,[-0.14699998]
1624,[-0.09100001]
1625,[-0.10700001]
1626,[-0.059]
1627,[0.78600013]
1628,[-0.059]
1629,[0.884]
1630,[0.89199996]
1631,[-0.059]
1632,[-0.071]
1633,[-0.059]
1634,[-0.083]
1635,[-0.2509998]
1636,[-0.27099982]
1637,[0.82800007]
1638,[-0.21499987]
1639,[-0.079]
1640,[-0.059]
1641,[-0.18299992]
1642,[-0.09900001]
1643,[-0.059]
1644,[-0.15499997]
1645,[0.852]
1646,[0.75700015]
1647,[-0.139]
1648,[0.8060001]
1649,[-0.075]
1650,[-0.067]
1651,[-0.11100001]
1652,[-0.12700002]
1653,[-0.12300001]
1654,[-0.1949999]
1655,[0.7690002]
1656,[0.859]
1657,[-0.09100001]
1658,[0.909]
1659,[-0.059]
1660,[-0.067]
1661,[-0.059]
1662,[-0.059]
1663,[-0.059]
1664,[-0.059]
1665,[0.7930001]
1666,[0.75300014]
1667,[-0.139]
1668,[0.90099996]
1669,[0.79000014]
1670,[-0.059]
1671,[0.78000015]
1672,[0.8160001]
1673,[-0.2999999]
1674,[0.8010001]
1675,[-0.059]
1676,[-0.23499984]
1677,[-0.09100001]
1678,[-0.059]
1679,[-0.059]
1680,[-0.059]
1681,[0.7910001]
1682,[0.89599997]
1683,[-0.2999999]
1684,[-0.139]
1685,[-0.059]
1686,[-0.11900001]
1687,[-0.15499997]
1688,[0.8130001]
1689,[0.874]
1690,[0.937]
1691,[0.7930001]
1692,[0.73300016]
1693,[0.77900016]
1694,[-0.059]
1695,[-0.087]
1696,[0.875]
1697,[-0.22699985]
1698,[-0.06300001]
1699,[-0.09100001]
1700,[-0.15099998]
1701,[-0.06300001]
1702,[-0.067]
1703,[-0.059]
1704,[-0.15099998]
1705,[-0.067]
1706,[-0.083]
1707,[0.7990001]
1708,[-0.059]
1709,[-0.18299992]
1710,[-0.059]
1711,[-0.071]
1712,[0.81700003]
1713,[-0.059]
1714,[-0.079]
1715,[0.902]
1716,[0.8060001]
1717,[-0.11900001]
1718,[-0.2999999]
1719,[-0.16299996]
1720,[-0.2999999]
1721,[-0.059]
1722,[-0.059]
1723,[-0.20299989]
1724,[-0.059]
1725,[0.72500014]
1726,[0.895]
1727,[0.944]
1728,[-0.059]
1729,[-0.059]
1730,[-0.2999999]
1731,[-0.059]
1732,[-0.12300001]
1733,[-0.09100001]
1734,[-0.059]
1735,[-0.083]
1736,[-0.15099998]
1737,[-0.09100001]
1738,[-0.17099994]
1739,[0.927]
1740,[-0.13100001]
1741,[0.85]
1742,[-0.19099991]
1743,[-0.10300001]
1744,[-0.059]
1745,[0.86899996]
1746,[-0.059]
1747,[-0.06300001]
1748,[-0.23099984]
1749,[0.7770001]
1750,[-0.067]
1751,[0.88]
1752,[-0.059]
1753,[-0.13100001]
1754,[0.7830002]
1755,[-0.087]
1756,[-0.059]
1757,[-0.11100001]
1758,[-0.059]
1759,[0.7780002]
1760,[-0.1949999]
1761,[-0.1989999]
1762,[-0.059]
1763,[0.937]
1764,[-0.067]
1765,[-0.075]
1766,[0.912]
1767,[-0.059]
1768,[-0.059]
1769,[0.8220001]
1770,[0.837]
1771,[0.7780002]
1772,[-0.11100001]
1773,[-0.059]
1774,[-0.2999999]
1775,[-0.071]
1776,[-0.059]
1777,[-0.087]
1778,[-0.059]
1779,[0.8130001]
1780,[-0.14299999]
1781,[-0.059]
1782,[-0.09500001]
1783,[-0.06300001]
1784,[-0.059]
1785,[-0.2509998]
1786,[-0.083]
1787,[-0.139]
1788,[-0.059]
1789,[0.8300001]
1790,[0.927]
1791,[-0.071]
1792,[0.82100004]
1793,[0.937]
1794,[-0.067]
1795,[-0.11500001]
1796,[-0.19099991]
1797,[-0.23899983]
1798,[0.7540002]
1799,[0.86600006]
1800,[0.884]
1801,[0.8130001]
1802,[-0.059]
1803,[-0.059]
1804,[-0.059]
1805,[-0.21099988]
1806,[-0.059]
1807,[-0.09500001]
1808,[-0.139]
1809,[-0.059]
1810,[-0.059]
1811,[-0.139]
1812,[-0.059]
1813,[0.913]
1814,[-0.059]
1815,[-0.11500001]
1816,[-0.14699998]
1817,[0.8220001]
1818,[-0.059]
1819,[0.7430002]
1820,[-0.079]
1821,[-0.059]
1822,[0.85800004]
1823,[0.72400016]
1824,[0.7590002]
1825,[0.836]
1826,[0.81700003]
1827,[-0.059]
1828,[0.904]
1829,[-0.079]
1830,[0.7640002]
1831,[-0.059]
1832,[0.87]
1833,[-0.079]
1834,[0.923]
1835,[-0.059]
1836,[-0.059]
1837,[-0.083]
1838,[-0.059]
1839,[-0.059]
1840,[0.77200013]
1841,[-0.2549998]
1842,[-0.11500001]
1843,[-0.12700002]
1844,[-0.059]
1845,[-0.16299996]
1846,[-0.17099994]
1847,[-0.059]
1848,[-0.059]
1849,[-0.087]
1850,[-0.21499987]
1851,[-0.13100001]
1852,[-0.075]
1853,[-0.059]
1854,[0.876]
1855,[-0.17099994]
1856,[-0.09100001]
1857,[0.77900016]
1858,[-0.1989999]
1859,[-0.059]
1860,[-0.087]
1861,[0.79400015]
1862,[-0.071]
1863,[-0.071]
1864,[-0.059]
1865,[-0.059]
1866,[-0.079]
1867,[-0.059]
1868,[0.95199996]
1869,[-0.2999999]
1870,[-0.059]
1871,[-0.12300001]
1872,[0.89699996]
1873,[-0.09100001]
1874,[0.89599997]
1875,[-0.2999999]
1876,[0.89]
1877,[0.949]
1878,[0.8090001]
1879,[-0.059]
1880,[0.955]
1881,[0.8070001]
1882,[-0.2589998]
1883,[-0.079]
1884,[0.8110001]
1885,[-0.059]
1886,[-0.079]
1887,[-0.135]
1888,[0.903]
1889,[-0.075]
1890,[-0.059]
1891,[-0.067]
1892,[0.7890001]
1893,[-0.059]
1894,[-0.13100001]
1895,[-0.087]
1896,[-0.18699992]
1897,[0.937]
1898,[0.7660002]
1899,[-0.11100001]
1900,[0.928]
1901,[-0.059]
1902,[0.8040001]
1903,[0.876]
1904,[-0.075]
1905,[0.7970001]
1906,[0.7730001]
1907,[-0.17499994]
1908,[-0.06300001]
1909,[-0.059]
1910,[0.868]
1911,[-0.2999999]
1912,[0.78100014]
1913,[0.8460001]
1914,[0.904]
1915,[0.856]
1916,[-0.059]
1917,[0.8230001]
1918,[0.76700014]
1919,[-0.059]
1920,[-0.06300001]
1921,[-0.17499994]
1922,[-0.075]
1923,[-0.059]
1924,[-0.14699998]
1925,[-0.12700002]
1926,[0.931]
1927,[-0.079]
1928,[-0.059]
1929,[0.7450002]
1930,[-0.079]
1931,[-0.2629998]
1932,[-0.059]
1933,[-0.059]
1934,[-0.059]
1935,[-0.12300001]
1936,[-0.059]
1937,[-0.1949999]
1938,[-0.09100001]
1939,[-0.059]
1940,[0.907]
1941,[0.884]
1942,[-0.059]
1943,[0.948]
1944,[0.92200005]
1945,[0.91999996]
1946,[0.941]
1947,[-0.2999999]
1948,[-0.059]
1949,[-0.15899996]
1950,[0.87299997]
1951,[-0.059]
1952,[-0.067]
1953,[-0.059]
1954,[-0.059]
1955,[-0.24699982]
1956,[-0.2999999]
1957,[-0.17499994]
1958,[-0.059]
1959,[-0.09100001]
1960,[-0.059]
1961,[0.904]
1962,[-0.06300001]
1963,[-0.14699998]
1964,[-0.2999999]
1965,[-0.139]
1966,[-0.059]
1967,[-0.059]
1968,[-0.071]
1969,[-0.15099998]
1970,[-0.09100001]
1971,[-0.10700001]
1972,[-0.059]
1973,[0.94]
1974,[0.7830002]
1975,[0.95199996]
1976,[0.857]
1977,[-0.15499997]
1978,[-0.11100001]
1979,[0.879]
1980,[-0.09100001]
1981,[-0.139]
1982,[-0.2589998]
1983,[0.89199996]
1984,[0.904]
1985,[-0.059]
1986,[0.949]
1987,[0.86600006]
1988,[-0.075]
1989,[-0.09500001]
1990,[-0.059]
1991,[0.7820002]
1992,[-0.059]
1993,[-0.2999999]
1994,[-0.059]
1995,[-0.067]
1996,[-0.059]
1997,[0.80500007]
1998,[-0.087]
1999,[-0.059]
2000,[-0.067]
