Episodio,Puntaje
1,[-0.21000025]
2,[-0.21000025]
3,[0.97040004]
4,[0.9797]
5,[-0.21000025]
6,[0.992]
7,[-0.21000025]
8,[-0.21000025]
9,[0.8979]
10,[-0.21000025]
11,[-0.21000025]
12,[-0.21000025]
13,[-0.21000025]
14,[-0.21000025]
15,[-0.21000025]
16,[-0.21000025]
17,[-0.21000025]
18,[-0.21000025]
19,[-0.21000025]
20,[-0.21000025]
21,[-0.21000025]
22,[-0.21000025]
23,[-0.21000025]
24,[-0.21000025]
25,[-0.21000025]
26,[-0.21000025]
27,[-0.21000025]
28,[-0.21000025]
29,[0.8676999]
30,[-0.21000025]
31,[0.97849995]
32,[-0.21000025]
33,[-0.21000025]
34,[-0.21000025]
35,[-0.21000025]
36,[0.86239994]
37,[-0.21000025]
38,[-0.21000025]
39,[-0.21000025]
40,[-0.21000025]
41,[-0.21000025]
42,[0.88399994]
43,[-0.21000025]
44,[-0.21000025]
45,[0.98410004]
46,[-0.21000025]
47,[-0.21000025]
48,[-0.21000025]
49,[0.9699]
50,[-0.21000025]
51,[-0.21000025]
52,[-0.21000025]
53,[-0.21000025]
54,[-0.21000025]
55,[-0.21000025]
56,[-0.21000025]
57,[-0.21000025]
58,[-0.21000025]
59,[-0.21000025]
60,[0.9719]
61,[-0.21000025]
62,[-0.21000025]
63,[0.9691]
64,[-0.21000025]
65,[0.8921]
66,[-0.21000025]
67,[-0.21000025]
68,[-0.21000025]
69,[-0.21000025]
70,[-0.21000025]
71,[-0.21000025]
72,[-0.21000025]
73,[-0.21000025]
74,[-0.21000025]
75,[0.82099986]
76,[0.96510005]
77,[-0.21000025]
78,[-0.21000025]
79,[-0.21000025]
80,[0.8502999]
81,[-0.21000025]
82,[-0.21000025]
83,[-0.21000025]
84,[-0.21000025]
85,[-0.21000025]
86,[-0.21000025]
87,[-0.21000025]
88,[-0.21000025]
89,[-0.21000025]
90,[-0.21000025]
91,[0.9567]
92,[-0.21000025]
93,[-0.21000025]
94,[-0.21000025]
95,[-0.21000025]
96,[-0.21000025]
97,[-0.21000025]
98,[-0.21000025]
99,[-0.21000025]
100,[-0.21000025]
101,[-0.21000025]
102,[-0.21000025]
103,[-0.21000025]
104,[-0.21000025]
105,[-0.21000025]
106,[-0.21000025]
107,[-0.21000025]
108,[-0.21000025]
109,[-0.21000025]
110,[-0.21000025]
111,[-0.21000025]
112,[-0.21000025]
113,[-0.21000025]
114,[-0.21000025]
115,[-0.21000025]
116,[-0.21000025]
117,[-0.21000025]
118,[-0.21000025]
119,[-0.21000025]
120,[-0.21000025]
121,[-0.21000025]
122,[-0.21000025]
123,[-0.21000025]
124,[-0.21000025]
125,[-0.21000025]
126,[-0.21000025]
127,[0.96570003]
128,[0.9826]
129,[-0.21000025]
130,[0.9839]
131,[-0.21000025]
132,[-0.21000025]
133,[-0.21000025]
134,[0.9691]
135,[-0.21000025]
136,[-0.21000025]
137,[-0.21000025]
138,[-0.21000025]
139,[-0.21000025]
140,[-0.21000025]
141,[-0.21000025]
142,[-0.21000025]
143,[-0.21000025]
144,[-0.21000025]
145,[-0.21000025]
146,[0.8064998]
147,[-0.21000025]
148,[0.97859997]
149,[-0.21000025]
150,[-0.21000025]
151,[-0.21000025]
152,[-0.21000025]
153,[-0.21000025]
154,[-0.21000025]
155,[-0.21000025]
156,[0.9814]
157,[-0.21000025]
158,[0.95100003]
159,[-0.21000025]
160,[-0.21000025]
161,[-0.21000025]
162,[0.8109998]
163,[-0.21000025]
164,[-0.21000025]
165,[-0.21000025]
166,[0.9567]
167,[-0.21000025]
168,[-0.21000025]
169,[0.9575]
170,[-0.21000025]
171,[-0.21000025]
172,[-0.21000025]
173,[-0.21000025]
174,[-0.21000025]
175,[-0.21000025]
176,[-0.21000025]
177,[-0.21000025]
178,[-0.21000025]
179,[-0.21000025]
180,[-0.21000025]
181,[-0.21000025]
182,[-0.21000025]
183,[-0.21000025]
184,[-0.21000025]
185,[0.9966]
186,[-0.21000025]
187,[-0.21000025]
188,[-0.21000025]
189,[0.9637]
190,[-0.21000025]
191,[-0.21000025]
192,[-0.21000025]
193,[-0.21000025]
194,[-0.21000025]
195,[-0.21000025]
196,[-0.21000025]
197,[0.8535999]
198,[-0.21000025]
199,[-0.21000025]
200,[-0.21000025]
201,[-0.21000025]
202,[-0.21000025]
203,[-0.21000025]
204,[-0.21000025]
205,[-0.21000025]
206,[-0.21000025]
207,[0.8232998]
208,[-0.21000025]
209,[-0.21000025]
210,[0.899]
211,[-0.21000025]
212,[-0.21000025]
213,[-0.21000025]
214,[-0.21000025]
215,[-0.21000025]
216,[-0.21000025]
217,[-0.21000025]
218,[-0.21000025]
219,[-0.21000025]
220,[-0.21000025]
221,[-0.21000025]
222,[-0.21000025]
223,[-0.21000025]
224,[-0.21000025]
225,[-0.21000025]
226,[-0.21000025]
227,[-0.21000025]
228,[-0.21000025]
229,[-0.21000025]
230,[-0.21000025]
231,[-0.21000025]
232,[-0.21000025]
233,[-0.21000025]
234,[0.9137]
235,[-0.21000025]
236,[-0.21000025]
237,[-0.21000025]
238,[-0.21000025]
239,[-0.21000025]
240,[-0.21000025]
241,[-0.21000025]
242,[-0.21000025]
243,[0.9855]
244,[-0.21000025]
245,[-0.21000025]
246,[-0.21000025]
247,[-0.21000025]
248,[-0.21000025]
249,[-0.21000025]
250,[0.95440006]
251,[0.8867]
252,[-0.21000025]
253,[-0.21000025]
254,[-0.21000025]
255,[-0.21000025]
256,[-0.21000025]
257,[-0.21000025]
258,[-0.21000025]
259,[-0.21000025]
260,[-0.21000025]
261,[0.9025]
262,[-0.21000025]
263,[0.96070004]
264,[0.8465999]
265,[-0.21000025]
266,[0.9250001]
267,[-0.21000025]
268,[-0.21000025]
269,[0.9792]
270,[-0.21000025]
271,[-0.21000025]
272,[-0.21000025]
273,[-0.21000025]
274,[0.82529986]
275,[-0.21000025]
276,[-0.21000025]
277,[-0.21000025]
278,[-0.21000025]
279,[-0.21000025]
280,[-0.21000025]
281,[-0.21000025]
282,[-0.21000025]
283,[-0.21000025]
284,[-0.21000025]
285,[-0.21000025]
286,[-0.21000025]
287,[-0.21000025]
288,[-0.21000025]
289,[-0.21000025]
290,[-0.21000025]
291,[-0.21000025]
292,[-0.21000025]
293,[-0.21000025]
294,[-0.21000025]
295,[-0.21000025]
296,[-0.21000025]
297,[-0.21000025]
298,[0.9641]
299,[-0.21000025]
300,[-0.21000025]
301,[-0.21000025]
302,[-0.21000025]
303,[-0.21000025]
304,[0.9089]
305,[-0.21000025]
306,[0.9789]
307,[-0.21000025]
308,[-0.21000025]
309,[-0.21000025]
310,[-0.21000025]
311,[-0.21000025]
312,[-0.21000025]
313,[-0.21000025]
314,[-0.21000025]
315,[0.9022]
316,[-0.21000025]
317,[-0.21000025]
318,[-0.21000025]
319,[-0.21000025]
320,[-0.21000025]
321,[-0.21000025]
322,[-0.21000025]
323,[-0.21000025]
324,[0.8235998]
325,[-0.21000025]
326,[-0.21000025]
327,[-0.21000025]
328,[-0.21000025]
329,[0.8108998]
330,[-0.21000025]
331,[-0.21000025]
332,[-0.21000025]
333,[-0.21000025]
334,[-0.21000025]
335,[-0.21000025]
336,[-0.21000025]
337,[0.91910005]
338,[-0.21000025]
339,[-0.21000025]
340,[-0.21000025]
341,[-0.21000025]
342,[-0.21000025]
343,[-0.21000025]
344,[-0.21000025]
345,[-0.21000025]
346,[-0.21000025]
347,[-0.21000025]
348,[-0.21000025]
349,[-0.21000025]
350,[-0.21000025]
351,[-0.21000025]
352,[-0.21000025]
353,[-0.21000025]
354,[0.8254998]
355,[-0.21000025]
356,[0.9348001]
357,[-0.21000025]
358,[-0.21000025]
359,[-0.21000025]
360,[-0.21000025]
361,[-0.21000025]
362,[-0.21000025]
363,[-0.21000025]
364,[-0.21000025]
365,[-0.21000025]
366,[-0.21000025]
367,[-0.21000025]
368,[-0.21000025]
369,[-0.21000025]
370,[-0.21000025]
371,[-0.21000025]
372,[-0.21000025]
373,[-0.21000025]
374,[-0.21000025]
375,[-0.21000025]
376,[-0.21000025]
377,[-0.21000025]
378,[-0.21000025]
379,[-0.21000025]
380,[-0.21000025]
381,[-0.21000025]
382,[-0.21000025]
383,[-0.21000025]
384,[-0.21000025]
385,[-0.21000025]
386,[-0.21000025]
387,[-0.21000025]
388,[-0.21000025]
389,[-0.21000025]
390,[-0.21000025]
391,[-0.21000025]
392,[0.9665]
393,[-0.21000025]
394,[-0.21000025]
395,[-0.21000025]
396,[-0.21000025]
397,[-0.21000025]
398,[0.8304998]
399,[0.8765999]
400,[-0.21000025]
401,[0.86779994]
402,[-0.21000025]
403,[0.8672999]
404,[-0.21000025]
405,[-0.21000025]
406,[-0.21000025]
407,[-0.21000025]
408,[-0.21000025]
409,[-0.21000025]
410,[-0.21000025]
411,[-0.21000025]
412,[-0.21000025]
413,[-0.21000025]
414,[-0.21000025]
415,[-0.21000025]
416,[-0.21000025]
417,[-0.21000025]
418,[0.98080003]
419,[-0.21000025]
420,[0.92700005]
421,[-0.21000025]
422,[0.7996998]
423,[-0.21000025]
424,[-0.21000025]
425,[-0.21000025]
426,[-0.21000025]
427,[-0.21000025]
428,[-0.21000025]
429,[-0.21000025]
430,[-0.21000025]
431,[-0.21000025]
432,[-0.21000025]
433,[0.9853]
434,[-0.21000025]
435,[-0.21000025]
436,[-0.21000025]
437,[-0.21000025]
438,[-0.21000025]
439,[-0.21000025]
440,[-0.21000025]
441,[-0.21000025]
442,[-0.21000025]
443,[0.8721999]
444,[-0.21000025]
445,[0.9330001]
446,[-0.21000025]
447,[-0.21000025]
448,[-0.21000025]
449,[-0.21000025]
450,[-0.21000025]
451,[-0.21000025]
452,[-0.21000025]
453,[0.99619997]
454,[-0.21000025]
455,[0.91080004]
456,[-0.21000025]
457,[-0.21000025]
458,[-0.21000025]
459,[-0.21000025]
460,[-0.21000025]
461,[-0.21000025]
462,[-0.21000025]
463,[-0.21000025]
464,[-0.21000025]
465,[0.96849996]
466,[-0.21000025]
467,[-0.21000025]
468,[0.94110006]
469,[-0.21000025]
470,[-0.21000025]
471,[-0.21000025]
472,[-0.21000025]
473,[-0.21000025]
474,[-0.21000025]
475,[0.84219986]
476,[-0.21000025]
477,[-0.21000025]
478,[-0.21000025]
479,[0.9340001]
480,[-0.21000025]
481,[-0.21000025]
482,[-0.21000025]
483,[-0.21000025]
484,[-0.21000025]
485,[-0.21000025]
486,[-0.21000025]
487,[-0.21000025]
488,[-0.21000025]
489,[-0.21000025]
490,[-0.21000025]
491,[-0.21000025]
492,[0.9793]
493,[-0.21000025]
494,[0.8493999]
495,[0.98249996]
496,[0.9549]
497,[-0.21000025]
498,[0.8418999]
499,[-0.21000025]
500,[0.9947]
501,[-0.21000025]
502,[-0.21000025]
503,[-0.21000025]
504,[0.9809]
505,[-0.21000025]
506,[0.94330007]
507,[-0.21000025]
508,[-0.21000025]
509,[-0.21000025]
510,[-0.21000025]
511,[-0.21000025]
512,[-0.21000025]
513,[-0.21000025]
514,[-0.21000025]
515,[-0.21000025]
516,[-0.21000025]
517,[-0.21000025]
518,[-0.21000025]
519,[-0.21000025]
520,[-0.21000025]
521,[-0.21000025]
522,[-0.21000025]
523,[-0.21000025]
524,[0.89689994]
525,[-0.21000025]
526,[-0.21000025]
527,[0.9927]
528,[0.9576]
529,[-0.21000025]
530,[-0.21000025]
531,[-0.21000025]
532,[-0.21000025]
533,[-0.21000025]
534,[-0.21000025]
535,[-0.21000025]
536,[-0.21000025]
537,[-0.21000025]
538,[-0.21000025]
539,[0.96000004]
540,[-0.21000025]
541,[-0.21000025]
542,[0.9282]
543,[-0.21000025]
544,[-0.21000025]
545,[-0.21000025]
546,[-0.21000025]
547,[-0.21000025]
548,[-0.21000025]
549,[0.9319]
550,[0.82529986]
551,[-0.21000025]
552,[-0.21000025]
553,[-0.21000025]
554,[-0.21000025]
555,[-0.21000025]
556,[0.9936]
557,[-0.21000025]
558,[0.83069986]
559,[-0.21000025]
560,[-0.21000025]
561,[-0.21000025]
562,[-0.21000025]
563,[-0.21000025]
564,[-0.21000025]
565,[-0.21000025]
566,[0.9282]
567,[-0.21000025]
568,[0.9052]
569,[-0.21000025]
570,[-0.21000025]
571,[-0.21000025]
572,[-0.21000025]
573,[-0.21000025]
574,[-0.21000025]
575,[-0.21000025]
576,[-0.21000025]
577,[-0.21000025]
578,[-0.21000025]
579,[-0.21000025]
580,[0.83209985]
581,[-0.21000025]
582,[-0.21000025]
583,[-0.21000025]
584,[-0.21000025]
585,[-0.21000025]
586,[-0.21000025]
587,[-0.21000025]
588,[-0.21000025]
589,[-0.21000025]
590,[0.8928]
591,[-0.21000025]
592,[-0.21000025]
593,[0.86679995]
594,[-0.21000025]
595,[-0.21000025]
596,[-0.21000025]
597,[-0.21000025]
598,[0.9718]
599,[-0.21000025]
600,[-0.21000025]
601,[-0.21000025]
602,[-0.21000025]
603,[-0.21000025]
604,[-0.21000025]
605,[-0.21000025]
606,[-0.21000025]
607,[-0.21000025]
608,[-0.21000025]
609,[0.96500003]
610,[-0.21000025]
611,[-0.21000025]
612,[-0.21000025]
613,[-0.21000025]
614,[-0.21000025]
615,[-0.21000025]
616,[-0.21000025]
617,[-0.21000025]
618,[-0.21000025]
619,[-0.21000025]
620,[-0.21000025]
621,[-0.21000025]
622,[0.8082998]
623,[-0.21000025]
624,[-0.21000025]
625,[-0.21000025]
626,[-0.21000025]
627,[-0.21000025]
628,[-0.21000025]
629,[-0.21000025]
630,[-0.21000025]
631,[0.8852999]
632,[-0.21000025]
633,[-0.21000025]
634,[-0.21000025]
635,[-0.21000025]
636,[-0.21000025]
637,[-0.21000025]
638,[-0.21000025]
639,[-0.21000025]
640,[0.9532]
641,[0.9175]
642,[-0.21000025]
643,[0.972]
644,[-0.21000025]
645,[-0.21000025]
646,[-0.21000025]
647,[0.9563]
648,[-0.21000025]
649,[-0.21000025]
650,[-0.21000025]
651,[0.8961]
652,[-0.21000025]
653,[-0.21000025]
654,[-0.21000025]
655,[-0.21000025]
656,[-0.21000025]
657,[-0.21000025]
658,[-0.21000025]
659,[-0.21000025]
660,[0.82189983]
661,[-0.21000025]
662,[-0.21000025]
663,[-0.21000025]
664,[-0.21000025]
665,[-0.21000025]
666,[-0.21000025]
667,[-0.21000025]
668,[-0.21000025]
669,[-0.21000025]
670,[-0.21000025]
671,[-0.21000025]
672,[-0.21000025]
673,[-0.21000025]
674,[-0.21000025]
675,[0.80949974]
676,[-0.21000025]
677,[-0.21000025]
678,[-0.21000025]
679,[-0.21000025]
680,[-0.21000025]
681,[0.9155]
682,[-0.21000025]
683,[-0.21000025]
684,[-0.21000025]
685,[-0.21000025]
686,[-0.21000025]
687,[-0.21000025]
688,[-0.21000025]
689,[-0.21000025]
690,[-0.21000025]
691,[0.95530003]
692,[-0.21000025]
693,[0.9911]
694,[-0.21000025]
695,[-0.21000025]
696,[-0.21000025]
697,[-0.21000025]
698,[-0.21000025]
699,[-0.21000025]
700,[-0.21000025]
701,[-0.21000025]
702,[-0.21000025]
703,[-0.21000025]
704,[-0.21000025]
705,[0.97400004]
706,[-0.21000025]
707,[0.8414998]
708,[-0.21000025]
709,[-0.21000025]
710,[0.81809986]
711,[0.9466]
712,[-0.21000025]
713,[-0.21000025]
714,[-0.21000025]
715,[-0.21000025]
716,[-0.21000025]
717,[-0.21000025]
718,[-0.21000025]
719,[-0.21000025]
720,[-0.21000025]
721,[-0.21000025]
722,[-0.21000025]
723,[-0.21000025]
724,[-0.21000025]
725,[-0.21000025]
726,[-0.21000025]
727,[-0.21000025]
728,[-0.21000025]
729,[0.8037998]
730,[-0.21000025]
731,[-0.21000025]
732,[0.9094]
733,[0.9734]
734,[-0.21000025]
735,[-0.21000025]
736,[-0.21000025]
737,[-0.21000025]
738,[-0.21000025]
739,[-0.21000025]
740,[-0.21000025]
741,[-0.21000025]
742,[-0.21000025]
743,[-0.21000025]
744,[-0.21000025]
745,[-0.21000025]
746,[0.9676]
747,[-0.21000025]
748,[-0.21000025]
749,[-0.21000025]
750,[-0.21000025]
751,[-0.21000025]
752,[-0.21000025]
753,[-0.21000025]
754,[-0.21000025]
755,[-0.21000025]
756,[-0.21000025]
757,[-0.21000025]
758,[-0.21000025]
759,[-0.21000025]
760,[-0.21000025]
761,[-0.21000025]
762,[-0.21000025]
763,[-0.21000025]
764,[-0.21000025]
765,[-0.21000025]
766,[-0.21000025]
767,[0.92340004]
768,[-0.21000025]
769,[-0.21000025]
770,[-0.21000025]
771,[-0.21000025]
772,[-0.21000025]
773,[-0.21000025]
774,[-0.21000025]
775,[-0.21000025]
776,[-0.21000025]
777,[0.8560999]
778,[-0.21000025]
779,[-0.21000025]
780,[-0.21000025]
781,[-0.21000025]
782,[-0.21000025]
783,[-0.21000025]
784,[-0.21000025]
785,[-0.21000025]
786,[-0.21000025]
787,[-0.21000025]
788,[-0.21000025]
789,[-0.21000025]
790,[-0.21000025]
791,[-0.21000025]
792,[-0.21000025]
793,[-0.21000025]
794,[-0.21000025]
795,[-0.21000025]
796,[-0.21000025]
797,[-0.21000025]
798,[-0.21000025]
799,[0.9736]
800,[-0.21000025]
801,[-0.21000025]
802,[-0.21000025]
803,[0.92810005]
804,[-0.21000025]
805,[-0.21000025]
806,[-0.21000025]
807,[-0.21000025]
808,[-0.21000025]
809,[-0.21000025]
810,[-0.21000025]
811,[-0.21000025]
812,[-0.21000025]
813,[-0.21000025]
814,[-0.21000025]
815,[-0.21000025]
816,[-0.21000025]
817,[-0.21000025]
818,[-0.21000025]
819,[-0.21000025]
820,[-0.21000025]
821,[-0.21000025]
822,[-0.21000025]
823,[-0.21000025]
824,[-0.21000025]
825,[-0.21000025]
826,[-0.21000025]
827,[-0.21000025]
828,[-0.21000025]
829,[0.7967998]
830,[-0.21000025]
831,[0.98249996]
832,[-0.21000025]
833,[-0.21000025]
834,[-0.21000025]
835,[-0.21000025]
836,[-0.21000025]
837,[-0.21000025]
838,[-0.21000025]
839,[0.958]
840,[-0.21000025]
841,[-0.21000025]
842,[-0.21000025]
843,[-0.21000025]
844,[-0.21000025]
845,[0.94680005]
846,[-0.21000025]
847,[-0.21000025]
848,[-0.21000025]
849,[-0.21000025]
850,[-0.21000025]
851,[-0.21000025]
852,[-0.21000025]
853,[-0.21000025]
854,[0.9631]
855,[-0.21000025]
856,[-0.21000025]
857,[-0.21000025]
858,[-0.21000025]
859,[-0.21000025]
860,[-0.21000025]
861,[0.86969995]
862,[-0.21000025]
863,[0.8629999]
864,[0.79559976]
865,[-0.21000025]
866,[0.9847]
867,[-0.21000025]
868,[-0.21000025]
869,[-0.21000025]
870,[-0.21000025]
871,[-0.21000025]
872,[-0.21000025]
873,[-0.21000025]
874,[-0.21000025]
875,[-0.21000025]
876,[-0.21000025]
877,[-0.21000025]
878,[-0.21000025]
879,[-0.21000025]
880,[-0.21000025]
881,[-0.21000025]
882,[-0.21000025]
883,[-0.21000025]
884,[-0.21000025]
885,[-0.21000025]
886,[0.9966]
887,[-0.21000025]
888,[-0.21000025]
889,[0.87109995]
890,[-0.21000025]
891,[-0.21000025]
892,[-0.21000025]
893,[-0.21000025]
894,[-0.21000025]
895,[-0.21000025]
896,[-0.21000025]
897,[0.87409997]
898,[-0.21000025]
899,[-0.21000025]
900,[-0.21000025]
901,[-0.21000025]
902,[0.8986]
903,[-0.21000025]
904,[-0.21000025]
905,[-0.21000025]
906,[-0.21000025]
907,[-0.21000025]
908,[-0.21000025]
909,[-0.21000025]
910,[-0.21000025]
911,[-0.21000025]
912,[-0.21000025]
913,[-0.21000025]
914,[0.8109998]
915,[-0.21000025]
916,[0.93450004]
917,[0.9687]
918,[-0.21000025]
919,[-0.21000025]
920,[-0.21000025]
921,[-0.21000025]
922,[0.85749984]
923,[-0.21000025]
924,[-0.21000025]
925,[-0.21000025]
926,[-0.21000025]
927,[-0.21000025]
928,[-0.21000025]
929,[-0.21000025]
930,[-0.21000025]
931,[-0.21000025]
932,[-0.21000025]
933,[-0.21000025]
934,[-0.21000025]
935,[-0.21000025]
936,[-0.21000025]
937,[-0.21000025]
938,[0.88989997]
939,[-0.21000025]
940,[-0.21000025]
941,[-0.21000025]
942,[-0.21000025]
943,[-0.21000025]
944,[-0.21000025]
945,[-0.21000025]
946,[-0.21000025]
947,[-0.21000025]
948,[-0.21000025]
949,[-0.21000025]
950,[-0.21000025]
951,[-0.21000025]
952,[-0.21000025]
953,[-0.21000025]
954,[-0.21000025]
955,[-0.21000025]
956,[-0.21000025]
957,[-0.21000025]
958,[-0.21000025]
959,[0.95980006]
960,[0.9729]
961,[-0.21000025]
962,[-0.21000025]
963,[0.8989]
964,[-0.21000025]
965,[-0.21000025]
966,[-0.21000025]
967,[-0.21000025]
968,[0.9477]
969,[-0.21000025]
970,[-0.21000025]
971,[-0.21000025]
972,[-0.21000025]
973,[-0.21000025]
974,[-0.21000025]
975,[0.7913998]
976,[-0.21000025]
977,[-0.21000025]
978,[-0.21000025]
979,[-0.21000025]
980,[-0.21000025]
981,[-0.21000025]
982,[-0.21000025]
983,[-0.21000025]
984,[-0.21000025]
985,[-0.21000025]
986,[-0.21000025]
987,[-0.21000025]
988,[-0.21000025]
989,[-0.21000025]
990,[-0.21000025]
991,[-0.21000025]
992,[-0.21000025]
993,[-0.21000025]
994,[-0.21000025]
995,[-0.21000025]
996,[-0.21000025]
997,[-0.21000025]
998,[-0.21000025]
999,[-0.21000025]
1000,[-0.21000025]
1001,[-0.21000025]
1002,[-0.21000025]
1003,[-0.21000025]
1004,[0.9819]
1005,[0.9355]
1006,[-0.21000025]
1007,[-0.21000025]
1008,[-0.21000025]
1009,[-0.21000025]
1010,[-0.21000025]
1011,[-0.21000025]
1012,[-0.21000025]
1013,[-0.21000025]
1014,[-0.21000025]
1015,[0.9258001]
1016,[-0.21000025]
1017,[-0.21000025]
1018,[-0.21000025]
1019,[-0.21000025]
1020,[-0.21000025]
1021,[-0.21000025]
1022,[-0.21000025]
1023,[-0.21000025]
1024,[-0.21000025]
1025,[-0.21000025]
1026,[-0.21000025]
1027,[-0.21000025]
1028,[-0.21000025]
1029,[-0.21000025]
1030,[-0.21000025]
1031,[-0.21000025]
1032,[-0.21000025]
1033,[-0.21000025]
1034,[-0.21000025]
1035,[-0.21000025]
1036,[0.87529993]
1037,[-0.21000025]
1038,[-0.21000025]
1039,[-0.21000025]
1040,[-0.21000025]
1041,[-0.21000025]
1042,[-0.21000025]
1043,[-0.21000025]
1044,[-0.21000025]
1045,[0.90489995]
1046,[0.91700006]
1047,[-0.21000025]
1048,[-0.21000025]
1049,[0.94350004]
1050,[-0.21000025]
1051,[-0.21000025]
1052,[-0.21000025]
1053,[-0.21000025]
1054,[0.9534]
1055,[-0.21000025]
1056,[-0.21000025]
1057,[-0.21000025]
1058,[-0.21000025]
1059,[-0.21000025]
1060,[-0.21000025]
1061,[-0.21000025]
1062,[-0.21000025]
1063,[-0.21000025]
1064,[-0.21000025]
1065,[0.9905]
1066,[-0.21000025]
1067,[-0.21000025]
1068,[-0.21000025]
1069,[-0.21000025]
1070,[-0.21000025]
1071,[-0.21000025]
1072,[-0.21000025]
1073,[-0.21000025]
1074,[-0.21000025]
1075,[0.9932]
1076,[0.8206998]
1077,[-0.21000025]
1078,[0.9567]
1079,[-0.21000025]
1080,[0.9124]
1081,[-0.21000025]
1082,[0.991]
1083,[0.9947]
1084,[-0.21000025]
1085,[-0.21000025]
1086,[-0.21000025]
1087,[-0.21000025]
1088,[0.8878]
1089,[-0.21000025]
1090,[-0.21000025]
1091,[-0.21000025]
1092,[-0.21000025]
1093,[-0.21000025]
1094,[0.98149997]
1095,[-0.21000025]
1096,[-0.21000025]
1097,[0.96000004]
1098,[-0.21000025]
1099,[-0.21000025]
1100,[-0.21000025]
1101,[-0.21000025]
1102,[-0.21000025]
1103,[-0.21000025]
1104,[-0.21000025]
1105,[-0.21000025]
1106,[0.8759999]
1107,[-0.21000025]
1108,[-0.21000025]
1109,[-0.21000025]
1110,[-0.21000025]
1111,[-0.21000025]
1112,[-0.21000025]
1113,[-0.21000025]
1114,[-0.21000025]
1115,[-0.21000025]
1116,[-0.21000025]
1117,[-0.21000025]
1118,[-0.21000025]
1119,[-0.21000025]
1120,[-0.21000025]
1121,[-0.21000025]
1122,[-0.21000025]
1123,[-0.21000025]
1124,[-0.21000025]
1125,[-0.21000025]
1126,[-0.21000025]
1127,[-0.21000025]
1128,[-0.21000025]
1129,[-0.21000025]
1130,[-0.21000025]
1131,[0.9756]
1132,[-0.21000025]
1133,[-0.21000025]
1134,[0.9037]
1135,[-0.21000025]
1136,[-0.21000025]
1137,[0.92910004]
1138,[-0.21000025]
1139,[-0.21000025]
1140,[-0.21000025]
1141,[-0.21000025]
1142,[-0.21000025]
1143,[-0.21000025]
1144,[-0.21000025]
1145,[-0.21000025]
1146,[0.8771]
1147,[-0.21000025]
1148,[-0.21000025]
1149,[-0.21000025]
1150,[-0.21000025]
1151,[-0.21000025]
1152,[-0.21000025]
1153,[-0.21000025]
1154,[-0.21000025]
1155,[-0.21000025]
1156,[-0.21000025]
1157,[-0.21000025]
1158,[0.9211]
1159,[-0.21000025]
1160,[-0.21000025]
1161,[-0.21000025]
1162,[-0.21000025]
1163,[-0.21000025]
1164,[-0.21000025]
1165,[-0.21000025]
1166,[-0.21000025]
1167,[-0.21000025]
1168,[-0.21000025]
1169,[-0.21000025]
1170,[0.81319976]
1171,[-0.21000025]
1172,[-0.21000025]
1173,[-0.21000025]
1174,[-0.21000025]
1175,[-0.21000025]
1176,[-0.21000025]
1177,[0.88989997]
1178,[-0.21000025]
1179,[-0.21000025]
1180,[-0.21000025]
1181,[-0.21000025]
1182,[0.97400004]
1183,[0.98980004]
1184,[-0.21000025]
1185,[-0.21000025]
1186,[-0.21000025]
1187,[-0.21000025]
1188,[-0.21000025]
1189,[-0.21000025]
1190,[-0.21000025]
1191,[-0.21000025]
1192,[-0.21000025]
1193,[-0.21000025]
1194,[-0.21000025]
1195,[-0.21000025]
1196,[-0.21000025]
1197,[-0.21000025]
1198,[-0.21000025]
1199,[-0.21000025]
1200,[-0.21000025]
1201,[-0.21000025]
1202,[-0.21000025]
1203,[-0.21000025]
1204,[-0.21000025]
1205,[-0.21000025]
1206,[-0.21000025]
1207,[-0.21000025]
1208,[-0.21000025]
1209,[0.91340005]
1210,[-0.21000025]
1211,[0.83589983]
1212,[-0.21000025]
1213,[0.95940006]
1214,[-0.21000025]
1215,[-0.21000025]
1216,[-0.21000025]
1217,[-0.21000025]
1218,[-0.21000025]
1219,[-0.21000025]
1220,[-0.21000025]
1221,[-0.21000025]
1222,[-0.21000025]
1223,[-0.21000025]
1224,[-0.21000025]
1225,[-0.21000025]
1226,[0.992]
1227,[-0.21000025]
1228,[-0.21000025]
1229,[-0.21000025]
1230,[-0.21000025]
1231,[0.968]
1232,[-0.21000025]
1233,[0.92880005]
1234,[-0.21000025]
1235,[-0.21000025]
1236,[-0.21000025]
1237,[0.92210007]
1238,[-0.21000025]
1239,[-0.21000025]
1240,[-0.21000025]
1241,[-0.21000025]
1242,[-0.21000025]
1243,[0.9899]
1244,[-0.21000025]
1245,[-0.21000025]
1246,[-0.21000025]
1247,[-0.21000025]
1248,[-0.21000025]
1249,[-0.21000025]
1250,[0.95849997]
1251,[0.7906998]
1252,[-0.21000025]
1253,[-0.21000025]
1254,[-0.21000025]
1255,[-0.21000025]
1256,[-0.21000025]
1257,[-0.21000025]
1258,[-0.21000025]
1259,[-0.21000025]
1260,[-0.21000025]
1261,[-0.21000025]
1262,[-0.21000025]
1263,[-0.21000025]
1264,[-0.21000025]
1265,[-0.21000025]
1266,[-0.21000025]
1267,[-0.21000025]
1268,[-0.21000025]
1269,[-0.21000025]
1270,[-0.21000025]
1271,[0.97470003]
1272,[-0.21000025]
1273,[-0.21000025]
1274,[-0.21000025]
1275,[-0.21000025]
1276,[-0.21000025]
1277,[-0.21000025]
1278,[-0.21000025]
1279,[0.83469987]
1280,[-0.21000025]
1281,[-0.21000025]
1282,[-0.21000025]
1283,[-0.21000025]
1284,[-0.21000025]
1285,[0.81369984]
1286,[-0.21000025]
1287,[-0.21000025]
1288,[-0.21000025]
1289,[-0.21000025]
1290,[0.9482]
1291,[0.83109987]
1292,[-0.21000025]
1293,[-0.21000025]
1294,[-0.21000025]
1295,[-0.21000025]
1296,[-0.21000025]
1297,[-0.21000025]
1298,[-0.21000025]
1299,[-0.21000025]
1300,[-0.21000025]
1301,[0.8161998]
1302,[-0.21000025]
1303,[-0.21000025]
1304,[-0.21000025]
1305,[-0.21000025]
1306,[-0.21000025]
1307,[-0.21000025]
1308,[-0.21000025]
1309,[-0.21000025]
1310,[-0.21000025]
1311,[0.97859997]
1312,[-0.21000025]
1313,[-0.21000025]
1314,[0.88649994]
1315,[-0.21000025]
1316,[-0.21000025]
1317,[-0.21000025]
1318,[-0.21000025]
1319,[-0.21000025]
1320,[-0.21000025]
1321,[-0.21000025]
1322,[-0.21000025]
1323,[-0.21000025]
1324,[-0.21000025]
1325,[-0.21000025]
1326,[-0.21000025]
1327,[-0.21000025]
1328,[-0.21000025]
1329,[-0.21000025]
1330,[-0.21000025]
1331,[-0.21000025]
1332,[-0.21000025]
1333,[-0.21000025]
1334,[-0.21000025]
1335,[-0.21000025]
1336,[-0.21000025]
1337,[-0.21000025]
1338,[-0.21000025]
1339,[-0.21000025]
1340,[-0.21000025]
1341,[-0.21000025]
1342,[-0.21000025]
1343,[-0.21000025]
1344,[-0.21000025]
1345,[-0.21000025]
1346,[-0.21000025]
1347,[-0.21000025]
1348,[-0.21000025]
1349,[-0.21000025]
1350,[-0.21000025]
1351,[-0.21000025]
1352,[-0.21000025]
1353,[-0.21000025]
1354,[-0.21000025]
1355,[-0.21000025]
1356,[-0.21000025]
1357,[-0.21000025]
1358,[-0.21000025]
1359,[0.8729999]
1360,[0.9222]
1361,[-0.21000025]
1362,[0.976]
1363,[-0.21000025]
1364,[-0.21000025]
1365,[-0.21000025]
1366,[-0.21000025]
1367,[0.9222]
1368,[-0.21000025]
1369,[-0.21000025]
1370,[0.81079984]
1371,[-0.21000025]
1372,[-0.21000025]
1373,[0.94670004]
1374,[-0.21000025]
1375,[-0.21000025]
1376,[-0.21000025]
1377,[-0.21000025]
1378,[-0.21000025]
1379,[-0.21000025]
1380,[-0.21000025]
1381,[-0.21000025]
1382,[-0.21000025]
1383,[-0.21000025]
1384,[-0.21000025]
1385,[-0.21000025]
1386,[-0.21000025]
1387,[0.9542]
1388,[-0.21000025]
1389,[0.9195]
1390,[0.9698]
1391,[0.99249995]
1392,[0.7996998]
1393,[-0.21000025]
1394,[-0.21000025]
1395,[-0.21000025]
1396,[-0.21000025]
1397,[-0.21000025]
1398,[-0.21000025]
1399,[-0.21000025]
1400,[-0.21000025]
1401,[-0.21000025]
1402,[-0.21000025]
1403,[-0.21000025]
1404,[-0.21000025]
1405,[-0.21000025]
1406,[-0.21000025]
1407,[0.95849997]
1408,[-0.21000025]
1409,[-0.21000025]
1410,[-0.21000025]
1411,[-0.21000025]
1412,[-0.21000025]
1413,[-0.21000025]
1414,[-0.21000025]
1415,[-0.21000025]
1416,[-0.21000025]
1417,[-0.21000025]
1418,[-0.21000025]
1419,[-0.21000025]
1420,[-0.21000025]
1421,[-0.21000025]
1422,[-0.21000025]
1423,[-0.21000025]
1424,[-0.21000025]
1425,[-0.21000025]
1426,[-0.21000025]
1427,[0.8430999]
1428,[-0.21000025]
1429,[-0.21000025]
1430,[-0.21000025]
1431,[-0.21000025]
1432,[-0.21000025]
1433,[-0.21000025]
1434,[-0.21000025]
1435,[-0.21000025]
1436,[-0.21000025]
1437,[-0.21000025]
1438,[-0.21000025]
1439,[-0.21000025]
1440,[0.8264998]
1441,[-0.21000025]
1442,[-0.21000025]
1443,[-0.21000025]
1444,[0.9196]
1445,[-0.21000025]
1446,[-0.21000025]
1447,[-0.21000025]
1448,[-0.21000025]
1449,[-0.21000025]
1450,[-0.21000025]
1451,[-0.21000025]
1452,[-0.21000025]
1453,[-0.21000025]
1454,[-0.21000025]
1455,[-0.21000025]
1456,[-0.21000025]
1457,[-0.21000025]
1458,[-0.21000025]
1459,[-0.21000025]
1460,[-0.21000025]
1461,[0.94640005]
1462,[-0.21000025]
1463,[-0.21000025]
1464,[-0.21000025]
1465,[-0.21000025]
1466,[0.9762]
1467,[-0.21000025]
1468,[-0.21000025]
1469,[-0.21000025]
1470,[-0.21000025]
1471,[0.9615]
1472,[0.9555]
1473,[-0.21000025]
1474,[-0.21000025]
1475,[-0.21000025]
1476,[-0.21000025]
1477,[-0.21000025]
1478,[-0.21000025]
1479,[-0.21000025]
1480,[-0.21000025]
1481,[-0.21000025]
1482,[-0.21000025]
1483,[-0.21000025]
1484,[0.9525]
1485,[-0.21000025]
1486,[-0.21000025]
1487,[-0.21000025]
1488,[-0.21000025]
1489,[-0.21000025]
1490,[-0.21000025]
1491,[-0.21000025]
1492,[-0.21000025]
1493,[-0.21000025]
1494,[-0.21000025]
1495,[-0.21000025]
1496,[-0.21000025]
1497,[-0.21000025]
1498,[-0.21000025]
1499,[0.9023]
1500,[-0.21000025]
1501,[-0.21000025]
1502,[-0.21000025]
1503,[-0.21000025]
1504,[0.97349995]
1505,[-0.21000025]
1506,[-0.21000025]
1507,[-0.21000025]
1508,[-0.21000025]
1509,[-0.21000025]
1510,[-0.21000025]
1511,[-0.21000025]
1512,[-0.21000025]
1513,[-0.21000025]
1514,[0.94210005]
1515,[-0.21000025]
1516,[-0.21000025]
1517,[-0.21000025]
1518,[-0.21000025]
1519,[-0.21000025]
1520,[-0.21000025]
1521,[-0.21000025]
1522,[-0.21000025]
1523,[-0.21000025]
1524,[-0.21000025]
1525,[-0.21000025]
1526,[0.91080004]
1527,[-0.21000025]
1528,[-0.21000025]
1529,[-0.21000025]
1530,[-0.21000025]
1531,[-0.21000025]
1532,[-0.21000025]
1533,[-0.21000025]
1534,[-0.21000025]
1535,[-0.21000025]
1536,[-0.21000025]
1537,[-0.21000025]
1538,[0.93200004]
1539,[-0.21000025]
1540,[-0.21000025]
1541,[-0.21000025]
1542,[0.8632999]
1543,[-0.21000025]
1544,[-0.21000025]
1545,[-0.21000025]
1546,[-0.21000025]
1547,[-0.21000025]
1548,[-0.21000025]
1549,[0.99549997]
1550,[-0.21000025]
1551,[-0.21000025]
1552,[-0.21000025]
1553,[-0.21000025]
1554,[-0.21000025]
1555,[-0.21000025]
1556,[-0.21000025]
1557,[-0.21000025]
1558,[0.97980005]
1559,[-0.21000025]
1560,[-0.21000025]
1561,[-0.21000025]
1562,[-0.21000025]
1563,[-0.21000025]
1564,[-0.21000025]
1565,[-0.21000025]
1566,[0.9535]
1567,[-0.21000025]
1568,[0.92840004]
1569,[-0.21000025]
1570,[-0.21000025]
1571,[-0.21000025]
1572,[-0.21000025]
1573,[-0.21000025]
1574,[-0.21000025]
1575,[-0.21000025]
1576,[-0.21000025]
1577,[-0.21000025]
1578,[-0.21000025]
1579,[-0.21000025]
1580,[-0.21000025]
1581,[0.93060005]
1582,[-0.21000025]
1583,[-0.21000025]
1584,[-0.21000025]
1585,[-0.21000025]
1586,[-0.21000025]
1587,[-0.21000025]
1588,[-0.21000025]
1589,[-0.21000025]
1590,[-0.21000025]
1591,[-0.21000025]
1592,[-0.21000025]
1593,[-0.21000025]
1594,[-0.21000025]
1595,[-0.21000025]
1596,[-0.21000025]
1597,[-0.21000025]
1598,[-0.21000025]
1599,[-0.21000025]
1600,[-0.21000025]
1601,[-0.21000025]
1602,[0.8907]
1603,[-0.21000025]
1604,[-0.21000025]
1605,[0.8108998]
1606,[-0.21000025]
1607,[-0.21000025]
1608,[-0.21000025]
1609,[-0.21000025]
1610,[-0.21000025]
1611,[-0.21000025]
1612,[-0.21000025]
1613,[-0.21000025]
1614,[-0.21000025]
1615,[-0.21000025]
1616,[-0.21000025]
1617,[-0.21000025]
1618,[-0.21000025]
1619,[0.84749985]
1620,[0.87819993]
1621,[-0.21000025]
1622,[-0.21000025]
1623,[-0.21000025]
1624,[-0.21000025]
1625,[-0.21000025]
1626,[-0.21000025]
1627,[-0.21000025]
1628,[-0.21000025]
1629,[-0.21000025]
1630,[-0.21000025]
1631,[-0.21000025]
1632,[-0.21000025]
1633,[-0.21000025]
1634,[0.8387999]
1635,[-0.21000025]
1636,[-0.21000025]
1637,[-0.21000025]
1638,[-0.21000025]
1639,[-0.21000025]
1640,[-0.21000025]
1641,[-0.21000025]
1642,[-0.21000025]
1643,[0.9877]
1644,[-0.21000025]
1645,[-0.21000025]
1646,[0.83999985]
1647,[-0.21000025]
1648,[-0.21000025]
1649,[-0.21000025]
1650,[0.79259974]
1651,[-0.21000025]
1652,[-0.21000025]
1653,[-0.21000025]
1654,[-0.21000025]
1655,[-0.21000025]
1656,[-0.21000025]
1657,[-0.21000025]
1658,[-0.21000025]
1659,[-0.21000025]
1660,[-0.21000025]
1661,[-0.21000025]
1662,[-0.21000025]
1663,[-0.21000025]
1664,[-0.21000025]
1665,[-0.21000025]
1666,[-0.21000025]
1667,[-0.21000025]
1668,[-0.21000025]
1669,[-0.21000025]
1670,[-0.21000025]
1671,[0.83159983]
1672,[-0.21000025]
1673,[-0.21000025]
1674,[-0.21000025]
1675,[-0.21000025]
1676,[-0.21000025]
1677,[-0.21000025]
1678,[-0.21000025]
1679,[-0.21000025]
1680,[-0.21000025]
1681,[-0.21000025]
1682,[-0.21000025]
1683,[-0.21000025]
1684,[-0.21000025]
1685,[-0.21000025]
1686,[-0.21000025]
1687,[-0.21000025]
1688,[-0.21000025]
1689,[-0.21000025]
1690,[-0.21000025]
1691,[-0.21000025]
1692,[-0.21000025]
1693,[0.7949998]
1694,[-0.21000025]
1695,[-0.21000025]
1696,[-0.21000025]
1697,[-0.21000025]
1698,[-0.21000025]
1699,[-0.21000025]
1700,[-0.21000025]
1701,[0.9729]
1702,[-0.21000025]
1703,[-0.21000025]
1704,[-0.21000025]
1705,[-0.21000025]
1706,[-0.21000025]
1707,[-0.21000025]
1708,[-0.21000025]
1709,[-0.21000025]
1710,[-0.21000025]
1711,[-0.21000025]
1712,[-0.21000025]
1713,[-0.21000025]
1714,[-0.21000025]
1715,[-0.21000025]
1716,[-0.21000025]
1717,[-0.21000025]
1718,[-0.21000025]
1719,[-0.21000025]
1720,[-0.21000025]
1721,[-0.21000025]
1722,[-0.21000025]
1723,[0.8039998]
1724,[0.915]
1725,[-0.21000025]
1726,[-0.21000025]
1727,[0.9666]
1728,[-0.21000025]
1729,[-0.21000025]
1730,[-0.21000025]
1731,[-0.21000025]
1732,[-0.21000025]
1733,[-0.21000025]
1734,[-0.21000025]
1735,[-0.21000025]
1736,[-0.21000025]
1737,[-0.21000025]
1738,[-0.21000025]
1739,[-0.21000025]
1740,[-0.21000025]
1741,[-0.21000025]
1742,[-0.21000025]
1743,[-0.21000025]
1744,[-0.21000025]
1745,[-0.21000025]
1746,[-0.21000025]
1747,[-0.21000025]
1748,[0.9383001]
1749,[-0.21000025]
1750,[0.9515]
1751,[-0.21000025]
1752,[-0.21000025]
1753,[-0.21000025]
1754,[-0.21000025]
1755,[-0.21000025]
1756,[-0.21000025]
1757,[-0.21000025]
1758,[-0.21000025]
1759,[0.94280005]
1760,[-0.21000025]
1761,[-0.21000025]
1762,[-0.21000025]
1763,[-0.21000025]
1764,[-0.21000025]
1765,[-0.21000025]
1766,[-0.21000025]
1767,[-0.21000025]
1768,[-0.21000025]
1769,[-0.21000025]
1770,[-0.21000025]
1771,[-0.21000025]
1772,[-0.21000025]
1773,[-0.21000025]
1774,[-0.21000025]
1775,[-0.21000025]
1776,[-0.21000025]
1777,[-0.21000025]
1778,[-0.21000025]
1779,[-0.21000025]
1780,[-0.21000025]
1781,[-0.21000025]
1782,[-0.21000025]
1783,[-0.21000025]
1784,[0.84399986]
1785,[-0.21000025]
1786,[0.79949975]
1787,[-0.21000025]
1788,[-0.21000025]
1789,[-0.21000025]
1790,[-0.21000025]
1791,[-0.21000025]
1792,[-0.21000025]
1793,[-0.21000025]
1794,[-0.21000025]
1795,[-0.21000025]
1796,[-0.21000025]
1797,[-0.21000025]
1798,[-0.21000025]
1799,[0.8541999]
1800,[-0.21000025]
1801,[0.9879]
1802,[-0.21000025]
1803,[0.9476]
1804,[-0.21000025]
1805,[-0.21000025]
1806,[-0.21000025]
1807,[-0.21000025]
1808,[-0.21000025]
1809,[-0.21000025]
1810,[-0.21000025]
1811,[0.9001]
1812,[-0.21000025]
1813,[0.9772]
1814,[-0.21000025]
1815,[-0.21000025]
1816,[-0.21000025]
1817,[-0.21000025]
1818,[-0.21000025]
1819,[-0.21000025]
1820,[-0.21000025]
1821,[0.94350004]
1822,[-0.21000025]
1823,[-0.21000025]
1824,[-0.21000025]
1825,[-0.21000025]
1826,[-0.21000025]
1827,[-0.21000025]
1828,[-0.21000025]
1829,[-0.21000025]
1830,[-0.21000025]
1831,[-0.21000025]
1832,[-0.21000025]
1833,[-0.21000025]
1834,[-0.21000025]
1835,[0.9348001]
1836,[-0.21000025]
1837,[-0.21000025]
1838,[0.82989985]
1839,[-0.21000025]
1840,[0.9612]
1841,[-0.21000025]
1842,[-0.21000025]
1843,[-0.21000025]
1844,[-0.21000025]
1845,[-0.21000025]
1846,[-0.21000025]
1847,[-0.21000025]
1848,[-0.21000025]
1849,[-0.21000025]
1850,[-0.21000025]
1851,[-0.21000025]
1852,[-0.21000025]
1853,[0.9634]
1854,[0.8168998]
1855,[-0.21000025]
1856,[-0.21000025]
1857,[0.9409]
1858,[-0.21000025]
1859,[-0.21000025]
1860,[-0.21000025]
1861,[0.90029997]
1862,[-0.21000025]
1863,[-0.21000025]
1864,[-0.21000025]
1865,[-0.21000025]
1866,[-0.21000025]
1867,[0.96010005]
1868,[-0.21000025]
1869,[-0.21000025]
1870,[-0.21000025]
1871,[-0.21000025]
1872,[-0.21000025]
1873,[-0.21000025]
1874,[-0.21000025]
1875,[-0.21000025]
1876,[-0.21000025]
1877,[-0.21000025]
1878,[-0.21000025]
1879,[-0.21000025]
1880,[-0.21000025]
1881,[-0.21000025]
1882,[-0.21000025]
1883,[0.7996998]
1884,[-0.21000025]
1885,[-0.21000025]
1886,[-0.21000025]
1887,[-0.21000025]
1888,[-0.21000025]
1889,[-0.21000025]
1890,[-0.21000025]
1891,[-0.21000025]
1892,[0.8068998]
1893,[-0.21000025]
1894,[-0.21000025]
1895,[-0.21000025]
1896,[-0.21000025]
1897,[-0.21000025]
1898,[-0.21000025]
1899,[-0.21000025]
1900,[-0.21000025]
1901,[-0.21000025]
1902,[-0.21000025]
1903,[-0.21000025]
1904,[-0.21000025]
1905,[-0.21000025]
1906,[0.964]
1907,[-0.21000025]
1908,[-0.21000025]
1909,[-0.21000025]
1910,[-0.21000025]
1911,[-0.21000025]
1912,[-0.21000025]
1913,[-0.21000025]
1914,[-0.21000025]
1915,[-0.21000025]
1916,[-0.21000025]
1917,[-0.21000025]
1918,[-0.21000025]
1919,[-0.21000025]
1920,[-0.21000025]
1921,[-0.21000025]
1922,[0.8430999]
1923,[0.96389997]
1924,[-0.21000025]
1925,[-0.21000025]
1926,[-0.21000025]
1927,[-0.21000025]
1928,[0.89549994]
1929,[-0.21000025]
1930,[-0.21000025]
1931,[-0.21000025]
1932,[-0.21000025]
1933,[-0.21000025]
1934,[-0.21000025]
1935,[0.9065]
1936,[-0.21000025]
1937,[-0.21000025]
1938,[-0.21000025]
1939,[-0.21000025]
1940,[-0.21000025]
1941,[-0.21000025]
1942,[-0.21000025]
1943,[0.82729983]
1944,[-0.21000025]
1945,[-0.21000025]
1946,[-0.21000025]
1947,[-0.21000025]
1948,[-0.21000025]
1949,[0.79519975]
1950,[-0.21000025]
1951,[-0.21000025]
1952,[-0.21000025]
1953,[-0.21000025]
1954,[-0.21000025]
1955,[-0.21000025]
1956,[-0.21000025]
1957,[-0.21000025]
1958,[-0.21000025]
1959,[-0.21000025]
1960,[-0.21000025]
1961,[-0.21000025]
1962,[-0.21000025]
1963,[0.8340999]
1964,[-0.21000025]
1965,[-0.21000025]
1966,[0.8487999]
1967,[-0.21000025]
1968,[0.8079998]
1969,[-0.21000025]
1970,[0.8794999]
1971,[-0.21000025]
1972,[-0.21000025]
1973,[-0.21000025]
1974,[-0.21000025]
1975,[-0.21000025]
1976,[-0.21000025]
1977,[-0.21000025]
1978,[0.9153]
1979,[-0.21000025]
1980,[-0.21000025]
1981,[-0.21000025]
1982,[0.91249996]
1983,[-0.21000025]
1984,[0.91940004]
1985,[-0.21000025]
1986,[-0.21000025]
1987,[-0.21000025]
1988,[0.9333]
1989,[-0.21000025]
1990,[-0.21000025]
1991,[-0.21000025]
1992,[0.9731]
1993,[-0.21000025]
1994,[-0.21000025]
1995,[0.95480007]
1996,[-0.21000025]
1997,[-0.21000025]
1998,[0.903]
1999,[-0.21000025]
2000,[-0.21000025]
2001,[-0.21000025]
2002,[-0.21000025]
2003,[-0.21000025]
2004,[-0.21000025]
2005,[-0.21000025]
2006,[-0.21000025]
2007,[-0.21000025]
2008,[-0.21000025]
2009,[-0.21000025]
2010,[-0.21000025]
2011,[-0.21000025]
2012,[-0.21000025]
2013,[0.86889994]
2014,[-0.21000025]
2015,[-0.21000025]
2016,[-0.21000025]
2017,[-0.21000025]
2018,[-0.21000025]
2019,[0.89669997]
2020,[0.9069]
2021,[-0.21000025]
2022,[-0.21000025]
2023,[-0.21000025]
2024,[-0.21000025]
2025,[0.93500006]
2026,[-0.21000025]
2027,[-0.21000025]
2028,[-0.21000025]
2029,[-0.21000025]
2030,[-0.21000025]
2031,[-0.21000025]
2032,[-0.21000025]
2033,[-0.21000025]
2034,[-0.21000025]
2035,[-0.21000025]
2036,[0.92800003]
2037,[-0.21000025]
2038,[-0.21000025]
2039,[-0.21000025]
2040,[-0.21000025]
2041,[-0.21000025]
2042,[-0.21000025]
2043,[-0.21000025]
2044,[-0.21000025]
2045,[-0.21000025]
2046,[-0.21000025]
2047,[-0.21000025]
2048,[-0.21000025]
2049,[-0.21000025]
2050,[-0.21000025]
2051,[-0.21000025]
2052,[-0.21000025]
2053,[-0.21000025]
2054,[-0.21000025]
2055,[-0.21000025]
2056,[-0.21000025]
2057,[0.87679994]
2058,[-0.21000025]
2059,[-0.21000025]
2060,[-0.21000025]
2061,[-0.21000025]
2062,[-0.21000025]
2063,[-0.21000025]
2064,[-0.21000025]
2065,[-0.21000025]
2066,[-0.21000025]
2067,[-0.21000025]
2068,[-0.21000025]
2069,[0.8591999]
2070,[-0.21000025]
2071,[0.8680999]
2072,[-0.21000025]
2073,[0.9918]
2074,[-0.21000025]
2075,[0.95640004]
2076,[0.8861]
2077,[-0.21000025]
2078,[0.9434001]
2079,[-0.21000025]
2080,[-0.21000025]
2081,[-0.21000025]
2082,[-0.21000025]
2083,[-0.21000025]
2084,[-0.21000025]
2085,[-0.21000025]
2086,[-0.21000025]
2087,[-0.21000025]
2088,[-0.21000025]
2089,[-0.21000025]
2090,[-0.21000025]
2091,[-0.21000025]
2092,[-0.21000025]
2093,[-0.21000025]
2094,[-0.21000025]
2095,[0.8691999]
2096,[-0.21000025]
2097,[-0.21000025]
2098,[-0.21000025]
2099,[-0.21000025]
2100,[-0.21000025]
2101,[-0.21000025]
2102,[-0.21000025]
2103,[-0.21000025]
2104,[-0.21000025]
2105,[-0.21000025]
2106,[-0.21000025]
2107,[-0.21000025]
2108,[-0.21000025]
2109,[-0.21000025]
2110,[-0.21000025]
2111,[-0.21000025]
2112,[-0.21000025]
2113,[-0.21000025]
2114,[-0.21000025]
2115,[-0.21000025]
2116,[0.9161]
2117,[-0.21000025]
2118,[-0.21000025]
2119,[-0.21000025]
2120,[-0.21000025]
2121,[-0.21000025]
2122,[0.9509]
2123,[-0.21000025]
2124,[-0.21000025]
2125,[-0.21000025]
2126,[-0.21000025]
2127,[-0.21000025]
2128,[-0.21000025]
2129,[-0.21000025]
2130,[-0.21000025]
2131,[-0.21000025]
2132,[-0.21000025]
2133,[-0.21000025]
2134,[-0.21000025]
2135,[-0.21000025]
2136,[-0.21000025]
2137,[-0.21000025]
2138,[-0.21000025]
2139,[-0.21000025]
2140,[-0.21000025]
2141,[-0.21000025]
2142,[0.8946]
2143,[-0.21000025]
2144,[-0.21000025]
2145,[-0.21000025]
2146,[0.9024]
2147,[-0.21000025]
2148,[-0.21000025]
2149,[-0.21000025]
2150,[-0.21000025]
2151,[-0.21000025]
2152,[-0.21000025]
2153,[-0.21000025]
2154,[-0.21000025]
2155,[0.79059976]
2156,[-0.21000025]
2157,[-0.21000025]
2158,[-0.21000025]
2159,[-0.21000025]
2160,[0.9745]
2161,[-0.21000025]
2162,[-0.21000025]
2163,[-0.21000025]
2164,[-0.21000025]
2165,[-0.21000025]
2166,[-0.21000025]
2167,[-0.21000025]
2168,[0.8563999]
2169,[-0.21000025]
2170,[-0.21000025]
2171,[-0.21000025]
2172,[-0.21000025]
2173,[-0.21000025]
2174,[-0.21000025]
2175,[-0.21000025]
2176,[-0.21000025]
2177,[-0.21000025]
2178,[-0.21000025]
2179,[-0.21000025]
2180,[-0.21000025]
2181,[-0.21000025]
2182,[-0.21000025]
2183,[-0.21000025]
2184,[-0.21000025]
2185,[-0.21000025]
2186,[-0.21000025]
2187,[-0.21000025]
2188,[-0.21000025]
2189,[-0.21000025]
2190,[0.92270005]
2191,[-0.21000025]
2192,[-0.21000025]
2193,[-0.21000025]
2194,[-0.21000025]
2195,[-0.21000025]
2196,[-0.21000025]
2197,[-0.21000025]
2198,[-0.21000025]
2199,[-0.21000025]
2200,[-0.21000025]
2201,[-0.21000025]
2202,[-0.21000025]
2203,[-0.21000025]
2204,[-0.21000025]
2205,[-0.21000025]
2206,[-0.21000025]
2207,[-0.21000025]
2208,[-0.21000025]
2209,[0.96949995]
2210,[-0.21000025]
2211,[-0.21000025]
2212,[-0.21000025]
2213,[0.8864]
2214,[-0.21000025]
2215,[-0.21000025]
2216,[0.8390999]
2217,[-0.21000025]
2218,[-0.21000025]
2219,[0.9737]
2220,[-0.21000025]
2221,[-0.21000025]
2222,[-0.21000025]
2223,[-0.21000025]
2224,[-0.21000025]
2225,[-0.21000025]
2226,[-0.21000025]
2227,[-0.21000025]
2228,[-0.21000025]
2229,[-0.21000025]
2230,[-0.21000025]
2231,[-0.21000025]
2232,[-0.21000025]
2233,[-0.21000025]
2234,[-0.21000025]
2235,[-0.21000025]
2236,[-0.21000025]
2237,[-0.21000025]
2238,[-0.21000025]
2239,[0.87469995]
2240,[-0.21000025]
2241,[-0.21000025]
2242,[-0.21000025]
2243,[-0.21000025]
2244,[-0.21000025]
2245,[-0.21000025]
2246,[-0.21000025]
2247,[-0.21000025]
2248,[-0.21000025]
2249,[-0.21000025]
2250,[-0.21000025]
2251,[-0.21000025]
2252,[-0.21000025]
2253,[-0.21000025]
2254,[-0.21000025]
2255,[-0.21000025]
2256,[-0.21000025]
2257,[-0.21000025]
2258,[-0.21000025]
2259,[-0.21000025]
2260,[-0.21000025]
2261,[-0.21000025]
2262,[-0.21000025]
2263,[-0.21000025]
2264,[-0.21000025]
2265,[-0.21000025]
2266,[-0.21000025]
2267,[-0.21000025]
2268,[-0.21000025]
2269,[-0.21000025]
2270,[-0.21000025]
2271,[-0.21000025]
2272,[-0.21000025]
2273,[-0.21000025]
2274,[0.94540006]
2275,[-0.21000025]
2276,[-0.21000025]
2277,[-0.21000025]
2278,[-0.21000025]
2279,[-0.21000025]
2280,[-0.21000025]
2281,[0.89849997]
2282,[-0.21000025]
2283,[-0.21000025]
2284,[-0.21000025]
2285,[-0.21000025]
2286,[-0.21000025]
2287,[-0.21000025]
2288,[-0.21000025]
2289,[-0.21000025]
2290,[-0.21000025]
2291,[-0.21000025]
2292,[-0.21000025]
2293,[-0.21000025]
2294,[-0.21000025]
2295,[0.86449987]
2296,[-0.21000025]
2297,[-0.21000025]
2298,[-0.21000025]
2299,[-0.21000025]
2300,[-0.21000025]
2301,[0.96570003]
2302,[-0.21000025]
2303,[-0.21000025]
2304,[-0.21000025]
2305,[-0.21000025]
2306,[-0.21000025]
2307,[-0.21000025]
2308,[-0.21000025]
2309,[-0.21000025]
2310,[-0.21000025]
2311,[0.82209986]
2312,[-0.21000025]
2313,[-0.21000025]
2314,[-0.21000025]
2315,[0.9854]
2316,[-0.21000025]
2317,[0.8127998]
2318,[-0.21000025]
2319,[0.898]
2320,[-0.21000025]
2321,[-0.21000025]
2322,[-0.21000025]
2323,[-0.21000025]
2324,[0.88339996]
2325,[-0.21000025]
2326,[0.8241998]
2327,[-0.21000025]
2328,[-0.21000025]
2329,[-0.21000025]
2330,[-0.21000025]
2331,[-0.21000025]
2332,[-0.21000025]
2333,[-0.21000025]
2334,[-0.21000025]
2335,[-0.21000025]
2336,[-0.21000025]
2337,[-0.21000025]
2338,[-0.21000025]
2339,[-0.21000025]
2340,[-0.21000025]
2341,[-0.21000025]
2342,[-0.21000025]
2343,[-0.21000025]
2344,[-0.21000025]
2345,[-0.21000025]
2346,[-0.21000025]
2347,[-0.21000025]
2348,[-0.21000025]
2349,[-0.21000025]
2350,[-0.21000025]
2351,[-0.21000025]
2352,[-0.21000025]
2353,[-0.21000025]
2354,[-0.21000025]
2355,[-0.21000025]
2356,[0.8814]
2357,[-0.21000025]
2358,[-0.21000025]
2359,[-0.21000025]
2360,[0.8343999]
2361,[-0.21000025]
2362,[-0.21000025]
2363,[-0.21000025]
2364,[-0.21000025]
2365,[-0.21000025]
2366,[0.9455]
2367,[-0.21000025]
2368,[-0.21000025]
2369,[0.97010005]
2370,[-0.21000025]
2371,[-0.21000025]
2372,[-0.21000025]
2373,[-0.21000025]
2374,[-0.21000025]
2375,[-0.21000025]
2376,[-0.21000025]
2377,[-0.21000025]
2378,[-0.21000025]
2379,[-0.21000025]
2380,[-0.21000025]
2381,[-0.21000025]
2382,[-0.21000025]
2383,[-0.21000025]
2384,[-0.21000025]
2385,[-0.21000025]
2386,[-0.21000025]
2387,[-0.21000025]
2388,[-0.21000025]
2389,[-0.21000025]
2390,[-0.21000025]
2391,[-0.21000025]
2392,[-0.21000025]
2393,[-0.21000025]
2394,[-0.21000025]
2395,[0.9812]
2396,[-0.21000025]
2397,[-0.21000025]
2398,[-0.21000025]
2399,[-0.21000025]
2400,[-0.21000025]
2401,[-0.21000025]
2402,[0.9044]
2403,[-0.21000025]
2404,[-0.21000025]
2405,[-0.21000025]
2406,[-0.21000025]
2407,[-0.21000025]
2408,[-0.21000025]
2409,[-0.21000025]
2410,[-0.21000025]
2411,[0.8117998]
2412,[-0.21000025]
2413,[-0.21000025]
2414,[-0.21000025]
2415,[-0.21000025]
2416,[-0.21000025]
2417,[-0.21000025]
2418,[-0.21000025]
2419,[-0.21000025]
2420,[-0.21000025]
2421,[-0.21000025]
2422,[-0.21000025]
2423,[-0.21000025]
2424,[-0.21000025]
2425,[-0.21000025]
2426,[-0.21000025]
2427,[0.9193]
2428,[-0.21000025]
2429,[0.9868]
2430,[-0.21000025]
2431,[0.96449995]
2432,[-0.21000025]
2433,[-0.21000025]
2434,[-0.21000025]
2435,[-0.21000025]
2436,[-0.21000025]
2437,[-0.21000025]
2438,[-0.21000025]
2439,[0.9706]
2440,[-0.21000025]
2441,[-0.21000025]
2442,[-0.21000025]
2443,[-0.21000025]
2444,[-0.21000025]
2445,[-0.21000025]
2446,[-0.21000025]
2447,[0.94430006]
2448,[0.8003998]
2449,[-0.21000025]
2450,[-0.21000025]
2451,[-0.21000025]
2452,[-0.21000025]
2453,[-0.21000025]
2454,[-0.21000025]
2455,[-0.21000025]
2456,[-0.21000025]
2457,[0.9192]
2458,[-0.21000025]
2459,[-0.21000025]
2460,[-0.21000025]
2461,[-0.21000025]
2462,[0.88799995]
2463,[-0.21000025]
2464,[-0.21000025]
2465,[-0.21000025]
2466,[-0.21000025]
2467,[-0.21000025]
2468,[-0.21000025]
2469,[-0.21000025]
2470,[0.84359986]
2471,[-0.21000025]
2472,[-0.21000025]
2473,[-0.21000025]
2474,[-0.21000025]
2475,[-0.21000025]
2476,[-0.21000025]
2477,[-0.21000025]
2478,[-0.21000025]
2479,[-0.21000025]
2480,[-0.21000025]
2481,[-0.21000025]
2482,[-0.21000025]
2483,[-0.21000025]
2484,[-0.21000025]
2485,[0.79489976]
2486,[-0.21000025]
2487,[-0.21000025]
2488,[-0.21000025]
2489,[-0.21000025]
2490,[-0.21000025]
2491,[-0.21000025]
2492,[-0.21000025]
2493,[-0.21000025]
2494,[-0.21000025]
2495,[-0.21000025]
2496,[-0.21000025]
2497,[-0.21000025]
2498,[0.8049998]
2499,[-0.21000025]
2500,[-0.21000025]
2501,[-0.21000025]
2502,[-0.21000025]
2503,[-0.21000025]
2504,[-0.21000025]
2505,[0.9761]
2506,[-0.21000025]
2507,[-0.21000025]
2508,[-0.21000025]
2509,[-0.21000025]
2510,[-0.21000025]
2511,[-0.21000025]
2512,[-0.21000025]
2513,[-0.21000025]
2514,[-0.21000025]
2515,[-0.21000025]
2516,[-0.21000025]
2517,[-0.21000025]
2518,[-0.21000025]
2519,[-0.21000025]
2520,[-0.21000025]
2521,[-0.21000025]
2522,[-0.21000025]
2523,[-0.21000025]
2524,[0.8109998]
2525,[-0.21000025]
2526,[-0.21000025]
2527,[-0.21000025]
2528,[-0.21000025]
2529,[0.8943]
2530,[-0.21000025]
2531,[-0.21000025]
2532,[-0.21000025]
2533,[-0.21000025]
2534,[-0.21000025]
2535,[-0.21000025]
2536,[-0.21000025]
2537,[-0.21000025]
2538,[-0.21000025]
2539,[-0.21000025]
2540,[-0.21000025]
2541,[-0.21000025]
2542,[-0.21000025]
2543,[-0.21000025]
2544,[-0.21000025]
2545,[-0.21000025]
2546,[-0.21000025]
2547,[-0.21000025]
2548,[-0.21000025]
2549,[-0.21000025]
2550,[-0.21000025]
2551,[-0.21000025]
2552,[-0.21000025]
2553,[-0.21000025]
2554,[0.83519983]
2555,[-0.21000025]
2556,[-0.21000025]
2557,[-0.21000025]
2558,[-0.21000025]
2559,[-0.21000025]
2560,[-0.21000025]
2561,[-0.21000025]
2562,[-0.21000025]
2563,[-0.21000025]
2564,[-0.21000025]
2565,[-0.21000025]
2566,[0.85879993]
2567,[-0.21000025]
2568,[-0.21000025]
2569,[-0.21000025]
2570,[-0.21000025]
2571,[-0.21000025]
2572,[-0.21000025]
2573,[-0.21000025]
2574,[-0.21000025]
2575,[-0.21000025]
2576,[-0.21000025]
2577,[-0.21000025]
2578,[-0.21000025]
2579,[-0.21000025]
2580,[-0.21000025]
2581,[-0.21000025]
2582,[-0.21000025]
2583,[-0.21000025]
2584,[-0.21000025]
2585,[-0.21000025]
2586,[0.9094]
2587,[-0.21000025]
2588,[-0.21000025]
2589,[-0.21000025]
2590,[-0.21000025]
2591,[-0.21000025]
2592,[-0.21000025]
2593,[-0.21000025]
2594,[0.9854]
2595,[-0.21000025]
2596,[-0.21000025]
2597,[-0.21000025]
2598,[-0.21000025]
2599,[-0.21000025]
2600,[-0.21000025]
2601,[-0.21000025]
2602,[-0.21000025]
2603,[-0.21000025]
2604,[-0.21000025]
2605,[-0.21000025]
2606,[-0.21000025]
2607,[-0.21000025]
2608,[-0.21000025]
2609,[-0.21000025]
2610,[-0.21000025]
2611,[-0.21000025]
2612,[-0.21000025]
2613,[0.9803]
2614,[-0.21000025]
2615,[-0.21000025]
2616,[-0.21000025]
2617,[0.84069985]
2618,[-0.21000025]
2619,[-0.21000025]
2620,[-0.21000025]
2621,[0.80089974]
2622,[-0.21000025]
2623,[-0.21000025]
2624,[-0.21000025]
2625,[-0.21000025]
2626,[-0.21000025]
2627,[0.8637999]
2628,[-0.21000025]
2629,[-0.21000025]
2630,[0.9131]
2631,[-0.21000025]
2632,[-0.21000025]
2633,[-0.21000025]
2634,[-0.21000025]
2635,[-0.21000025]
2636,[-0.21000025]
2637,[0.995]
2638,[-0.21000025]
2639,[-0.21000025]
2640,[-0.21000025]
2641,[-0.21000025]
2642,[-0.21000025]
2643,[-0.21000025]
2644,[-0.21000025]
2645,[-0.21000025]
2646,[-0.21000025]
2647,[-0.21000025]
2648,[0.9276]
2649,[0.9515]
2650,[0.9592]
2651,[-0.21000025]
2652,[-0.21000025]
2653,[-0.21000025]
2654,[0.9502]
2655,[-0.21000025]
2656,[-0.21000025]
2657,[-0.21000025]
2658,[0.8650999]
2659,[-0.21000025]
2660,[-0.21000025]
2661,[-0.21000025]
2662,[-0.21000025]
2663,[0.91]
2664,[-0.21000025]
2665,[-0.21000025]
2666,[-0.21000025]
2667,[0.9793]
2668,[-0.21000025]
2669,[-0.21000025]
2670,[-0.21000025]
2671,[-0.21000025]
2672,[-0.21000025]
2673,[-0.21000025]
2674,[-0.21000025]
2675,[-0.21000025]
2676,[-0.21000025]
2677,[-0.21000025]
2678,[-0.21000025]
2679,[-0.21000025]
2680,[-0.21000025]
2681,[0.9817]
2682,[-0.21000025]
2683,[-0.21000025]
2684,[-0.21000025]
2685,[-0.21000025]
2686,[0.83169985]
2687,[-0.21000025]
2688,[-0.21000025]
2689,[-0.21000025]
2690,[-0.21000025]
2691,[-0.21000025]
2692,[0.8245998]
2693,[-0.21000025]
2694,[-0.21000025]
2695,[-0.21000025]
2696,[-0.21000025]
2697,[-0.21000025]
2698,[-0.21000025]
2699,[-0.21000025]
2700,[-0.21000025]
2701,[-0.21000025]
2702,[0.8413999]
2703,[-0.21000025]
2704,[-0.21000025]
2705,[-0.21000025]
2706,[-0.21000025]
2707,[-0.21000025]
2708,[-0.21000025]
2709,[0.9383001]
2710,[-0.21000025]
2711,[-0.21000025]
2712,[-0.21000025]
2713,[0.89239997]
2714,[-0.21000025]
2715,[-0.21000025]
2716,[0.9687]
2717,[-0.21000025]
2718,[-0.21000025]
2719,[-0.21000025]
2720,[-0.21000025]
2721,[-0.21000025]
2722,[-0.21000025]
2723,[-0.21000025]
2724,[-0.21000025]
2725,[-0.21000025]
2726,[0.8422999]
2727,[-0.21000025]
2728,[-0.21000025]
2729,[-0.21000025]
2730,[-0.21000025]
2731,[-0.21000025]
2732,[0.9069]
2733,[0.8631999]
2734,[-0.21000025]
2735,[-0.21000025]
2736,[-0.21000025]
2737,[-0.21000025]
2738,[-0.21000025]
2739,[-0.21000025]
2740,[-0.21000025]
2741,[-0.21000025]
2742,[-0.21000025]
2743,[-0.21000025]
2744,[-0.21000025]
2745,[-0.21000025]
2746,[-0.21000025]
2747,[-0.21000025]
2748,[-0.21000025]
2749,[0.88619995]
2750,[-0.21000025]
2751,[-0.21000025]
2752,[-0.21000025]
2753,[0.9007]
2754,[-0.21000025]
2755,[-0.21000025]
2756,[0.98]
2757,[-0.21000025]
2758,[-0.21000025]
2759,[-0.21000025]
2760,[-0.21000025]
2761,[-0.21000025]
2762,[-0.21000025]
2763,[0.9512]
2764,[-0.21000025]
2765,[-0.21000025]
2766,[-0.21000025]
2767,[-0.21000025]
2768,[-0.21000025]
2769,[-0.21000025]
2770,[-0.21000025]
2771,[-0.21000025]
2772,[-0.21000025]
2773,[-0.21000025]
2774,[0.975]
2775,[-0.21000025]
2776,[-0.21000025]
2777,[-0.21000025]
2778,[-0.21000025]
2779,[-0.21000025]
2780,[0.8145998]
2781,[-0.21000025]
2782,[0.94350004]
2783,[-0.21000025]
2784,[-0.21000025]
2785,[0.94970006]
2786,[-0.21000025]
2787,[-0.21000025]
2788,[-0.21000025]
2789,[-0.21000025]
2790,[-0.21000025]
2791,[-0.21000025]
2792,[-0.21000025]
2793,[-0.21000025]
2794,[-0.21000025]
2795,[-0.21000025]
2796,[-0.21000025]
2797,[-0.21000025]
2798,[-0.21000025]
2799,[-0.21000025]
2800,[-0.21000025]
2801,[-0.21000025]
2802,[-0.21000025]
2803,[-0.21000025]
2804,[0.9495]
2805,[-0.21000025]
2806,[-0.21000025]
2807,[-0.21000025]
2808,[-0.21000025]
2809,[-0.21000025]
2810,[-0.21000025]
2811,[-0.21000025]
2812,[-0.21000025]
2813,[-0.21000025]
2814,[-0.21000025]
2815,[0.9509]
2816,[-0.21000025]
2817,[0.8509999]
2818,[-0.21000025]
2819,[0.9894]
2820,[-0.21000025]
2821,[-0.21000025]
2822,[-0.21000025]
2823,[-0.21000025]
2824,[-0.21000025]
2825,[-0.21000025]
2826,[-0.21000025]
2827,[0.9902]
2828,[-0.21000025]
2829,[-0.21000025]
2830,[-0.21000025]
2831,[-0.21000025]
2832,[0.95970005]
2833,[-0.21000025]
2834,[-0.21000025]
2835,[-0.21000025]
2836,[-0.21000025]
2837,[-0.21000025]
2838,[-0.21000025]
2839,[-0.21000025]
2840,[0.8741999]
2841,[-0.21000025]
2842,[0.9322]
2843,[-0.21000025]
2844,[-0.21000025]
2845,[-0.21000025]
2846,[-0.21000025]
2847,[-0.21000025]
2848,[-0.21000025]
2849,[-0.21000025]
2850,[-0.21000025]
2851,[-0.21000025]
2852,[-0.21000025]
2853,[-0.21000025]
2854,[-0.21000025]
2855,[0.94000006]
2856,[-0.21000025]
2857,[-0.21000025]
2858,[-0.21000025]
2859,[-0.21000025]
2860,[-0.21000025]
2861,[-0.21000025]
2862,[-0.21000025]
2863,[-0.21000025]
2864,[-0.21000025]
2865,[-0.21000025]
2866,[0.8758999]
2867,[-0.21000025]
2868,[0.968]
2869,[-0.21000025]
2870,[-0.21000025]
2871,[-0.21000025]
2872,[-0.21000025]
2873,[0.79959977]
2874,[-0.21000025]
2875,[-0.21000025]
2876,[-0.21000025]
2877,[-0.21000025]
2878,[-0.21000025]
2879,[-0.21000025]
2880,[-0.21000025]
2881,[0.86169994]
2882,[-0.21000025]
2883,[-0.21000025]
2884,[-0.21000025]
2885,[-0.21000025]
2886,[-0.21000025]
2887,[-0.21000025]
2888,[-0.21000025]
2889,[-0.21000025]
2890,[-0.21000025]
2891,[-0.21000025]
2892,[-0.21000025]
2893,[-0.21000025]
2894,[-0.21000025]
2895,[-0.21000025]
2896,[0.9863]
2897,[-0.21000025]
2898,[-0.21000025]
2899,[-0.21000025]
2900,[-0.21000025]
2901,[-0.21000025]
2902,[-0.21000025]
2903,[-0.21000025]
2904,[-0.21000025]
2905,[0.9279]
2906,[-0.21000025]
2907,[0.99259996]
2908,[-0.21000025]
2909,[-0.21000025]
2910,[-0.21000025]
2911,[0.9295]
2912,[-0.21000025]
2913,[-0.21000025]
2914,[-0.21000025]
2915,[-0.21000025]
2916,[-0.21000025]
2917,[-0.21000025]
2918,[-0.21000025]
2919,[-0.21000025]
2920,[0.9866]
2921,[-0.21000025]
2922,[-0.21000025]
2923,[-0.21000025]
2924,[-0.21000025]
2925,[-0.21000025]
2926,[-0.21000025]
2927,[-0.21000025]
2928,[-0.21000025]
2929,[-0.21000025]
2930,[-0.21000025]
2931,[-0.21000025]
2932,[-0.21000025]
2933,[-0.21000025]
2934,[-0.21000025]
2935,[-0.21000025]
2936,[-0.21000025]
2937,[-0.21000025]
2938,[-0.21000025]
2939,[-0.21000025]
2940,[-0.21000025]
2941,[-0.21000025]
2942,[-0.21000025]
2943,[0.9487001]
2944,[-0.21000025]
2945,[-0.21000025]
2946,[-0.21000025]
2947,[-0.21000025]
2948,[-0.21000025]
2949,[-0.21000025]
2950,[-0.21000025]
2951,[-0.21000025]
2952,[-0.21000025]
2953,[0.92]
2954,[-0.21000025]
2955,[0.9422]
2956,[0.91249996]
2957,[-0.21000025]
2958,[-0.21000025]
2959,[0.9332]
2960,[-0.21000025]
2961,[-0.21000025]
2962,[-0.21000025]
2963,[-0.21000025]
2964,[-0.21000025]
2965,[-0.21000025]
2966,[0.92990005]
2967,[-0.21000025]
2968,[-0.21000025]
2969,[-0.21000025]
2970,[-0.21000025]
2971,[-0.21000025]
2972,[0.8895999]
2973,[-0.21000025]
2974,[-0.21000025]
2975,[0.9778]
2976,[-0.21000025]
2977,[-0.21000025]
2978,[-0.21000025]
2979,[-0.21000025]
2980,[-0.21000025]
2981,[-0.21000025]
2982,[-0.21000025]
2983,[-0.21000025]
2984,[-0.21000025]
2985,[-0.21000025]
2986,[-0.21000025]
2987,[-0.21000025]
2988,[-0.21000025]
2989,[0.84619987]
2990,[-0.21000025]
2991,[-0.21000025]
2992,[-0.21000025]
2993,[-0.21000025]
2994,[-0.21000025]
2995,[-0.21000025]
2996,[-0.21000025]
2997,[-0.21000025]
2998,[-0.21000025]
2999,[-0.21000025]
3000,[-0.21000025]
3001,[-0.21000025]
3002,[-0.21000025]
3003,[-0.21000025]
3004,[-0.21000025]
3005,[0.9648]
3006,[-0.21000025]
3007,[-0.21000025]
3008,[-0.21000025]
3009,[-0.21000025]
3010,[-0.21000025]
3011,[-0.21000025]
3012,[-0.21000025]
3013,[-0.21000025]
3014,[0.96570003]
3015,[-0.21000025]
3016,[-0.21000025]
3017,[-0.21000025]
3018,[-0.21000025]
3019,[-0.21000025]
3020,[-0.21000025]
3021,[-0.21000025]
3022,[-0.21000025]
3023,[-0.21000025]
3024,[-0.21000025]
3025,[-0.21000025]
3026,[-0.21000025]
3027,[-0.21000025]
3028,[-0.21000025]
3029,[-0.21000025]
3030,[0.9672]
3031,[-0.21000025]
3032,[-0.21000025]
3033,[0.8490999]
3034,[-0.21000025]
3035,[0.9626]
3036,[-0.21000025]
3037,[0.9333]
3038,[0.99649996]
3039,[-0.21000025]
3040,[-0.21000025]
3041,[-0.21000025]
3042,[-0.21000025]
3043,[-0.21000025]
3044,[0.961]
3045,[-0.21000025]
3046,[-0.21000025]
3047,[-0.21000025]
3048,[-0.21000025]
3049,[-0.21000025]
3050,[-0.21000025]
3051,[-0.21000025]
3052,[-0.21000025]
3053,[-0.21000025]
3054,[0.8527999]
3055,[-0.21000025]
3056,[-0.21000025]
3057,[-0.21000025]
3058,[-0.21000025]
3059,[-0.21000025]
3060,[-0.21000025]
3061,[-0.21000025]
3062,[-0.21000025]
3063,[-0.21000025]
3064,[-0.21000025]
3065,[-0.21000025]
3066,[0.9119]
3067,[-0.21000025]
3068,[-0.21000025]
3069,[-0.21000025]
3070,[-0.21000025]
3071,[-0.21000025]
3072,[0.88179994]
3073,[-0.21000025]
3074,[-0.21000025]
3075,[-0.21000025]
3076,[-0.21000025]
3077,[-0.21000025]
3078,[0.9366]
3079,[-0.21000025]
3080,[-0.21000025]
3081,[-0.21000025]
3082,[-0.21000025]
3083,[-0.21000025]
3084,[-0.21000025]
3085,[-0.21000025]
3086,[-0.21000025]
3087,[-0.21000025]
3088,[-0.21000025]
3089,[-0.21000025]
3090,[-0.21000025]
3091,[-0.21000025]
3092,[0.9867]
3093,[0.89259994]
3094,[-0.21000025]
3095,[0.9659]
3096,[-0.21000025]
3097,[-0.21000025]
3098,[-0.21000025]
3099,[-0.21000025]
3100,[-0.21000025]
3101,[0.83099985]
3102,[-0.21000025]
3103,[-0.21000025]
3104,[-0.21000025]
3105,[-0.21000025]
3106,[0.9858]
3107,[-0.21000025]
3108,[-0.21000025]
3109,[-0.21000025]
3110,[0.8285998]
3111,[-0.21000025]
3112,[-0.21000025]
3113,[-0.21000025]
3114,[-0.21000025]
3115,[-0.21000025]
3116,[-0.21000025]
3117,[-0.21000025]
3118,[-0.21000025]
3119,[-0.21000025]
3120,[0.94330007]
3121,[0.9774]
3122,[-0.21000025]
3123,[-0.21000025]
3124,[-0.21000025]
3125,[-0.21000025]
3126,[-0.21000025]
3127,[-0.21000025]
3128,[-0.21000025]
3129,[-0.21000025]
3130,[-0.21000025]
3131,[-0.21000025]
3132,[-0.21000025]
3133,[-0.21000025]
3134,[-0.21000025]
3135,[-0.21000025]
3136,[-0.21000025]
3137,[-0.21000025]
3138,[-0.21000025]
3139,[-0.21000025]
3140,[-0.21000025]
3141,[-0.21000025]
3142,[-0.21000025]
3143,[-0.21000025]
3144,[-0.21000025]
3145,[0.8671999]
3146,[-0.21000025]
3147,[-0.21000025]
3148,[-0.21000025]
3149,[-0.21000025]
3150,[0.964]
3151,[-0.21000025]
3152,[-0.21000025]
3153,[-0.21000025]
3154,[-0.21000025]
3155,[-0.21000025]
3156,[-0.21000025]
3157,[-0.21000025]
3158,[-0.21000025]
3159,[-0.21000025]
3160,[-0.21000025]
3161,[-0.21000025]
3162,[-0.21000025]
3163,[-0.21000025]
3164,[0.8109998]
3165,[-0.21000025]
3166,[0.99410003]
3167,[-0.21000025]
3168,[-0.21000025]
3169,[-0.21000025]
3170,[-0.21000025]
3171,[-0.21000025]
3172,[-0.21000025]
3173,[-0.21000025]
3174,[-0.21000025]
3175,[-0.21000025]
3176,[-0.21000025]
3177,[-0.21000025]
3178,[-0.21000025]
3179,[-0.21000025]
3180,[-0.21000025]
3181,[-0.21000025]
3182,[0.93100005]
3183,[-0.21000025]
3184,[-0.21000025]
3185,[-0.21000025]
3186,[-0.21000025]
3187,[-0.21000025]
3188,[-0.21000025]
3189,[-0.21000025]
3190,[-0.21000025]
3191,[-0.21000025]
3192,[-0.21000025]
3193,[-0.21000025]
3194,[-0.21000025]
3195,[-0.21000025]
3196,[-0.21000025]
3197,[-0.21000025]
3198,[-0.21000025]
3199,[-0.21000025]
3200,[-0.21000025]
3201,[-0.21000025]
3202,[-0.21000025]
3203,[-0.21000025]
3204,[0.9817]
3205,[-0.21000025]
3206,[-0.21000025]
3207,[0.7942998]
3208,[0.9879]
3209,[-0.21000025]
3210,[-0.21000025]
3211,[0.8907]
3212,[-0.21000025]
3213,[-0.21000025]
3214,[-0.21000025]
3215,[0.9952]
3216,[-0.21000025]
3217,[-0.21000025]
3218,[-0.21000025]
3219,[-0.21000025]
3220,[-0.21000025]
3221,[-0.21000025]
3222,[-0.21000025]
3223,[-0.21000025]
3224,[-0.21000025]
3225,[-0.21000025]
3226,[-0.21000025]
3227,[-0.21000025]
3228,[-0.21000025]
3229,[-0.21000025]
3230,[-0.21000025]
3231,[-0.21000025]
3232,[-0.21000025]
3233,[-0.21000025]
3234,[-0.21000025]
3235,[-0.21000025]
3236,[-0.21000025]
3237,[-0.21000025]
3238,[0.79919976]
3239,[-0.21000025]
3240,[-0.21000025]
3241,[-0.21000025]
3242,[-0.21000025]
3243,[-0.21000025]
3244,[0.984]
3245,[-0.21000025]
3246,[-0.21000025]
3247,[-0.21000025]
3248,[-0.21000025]
3249,[-0.21000025]
3250,[-0.21000025]
3251,[-0.21000025]
3252,[-0.21000025]
3253,[0.9679]
3254,[-0.21000025]
3255,[-0.21000025]
3256,[-0.21000025]
3257,[-0.21000025]
3258,[-0.21000025]
3259,[-0.21000025]
3260,[-0.21000025]
3261,[-0.21000025]
3262,[-0.21000025]
3263,[-0.21000025]
3264,[-0.21000025]
3265,[-0.21000025]
3266,[-0.21000025]
3267,[0.90059996]
3268,[-0.21000025]
3269,[-0.21000025]
3270,[-0.21000025]
3271,[-0.21000025]
3272,[-0.21000025]
3273,[-0.21000025]
3274,[-0.21000025]
3275,[-0.21000025]
3276,[-0.21000025]
3277,[-0.21000025]
3278,[-0.21000025]
3279,[-0.21000025]
3280,[-0.21000025]
3281,[-0.21000025]
3282,[-0.21000025]
3283,[-0.21000025]
3284,[-0.21000025]
3285,[-0.21000025]
3286,[0.8243998]
3287,[-0.21000025]
3288,[-0.21000025]
3289,[-0.21000025]
3290,[-0.21000025]
3291,[-0.21000025]
3292,[-0.21000025]
3293,[-0.21000025]
3294,[-0.21000025]
3295,[-0.21000025]
3296,[-0.21000025]
3297,[-0.21000025]
3298,[-0.21000025]
3299,[-0.21000025]
3300,[-0.21000025]
3301,[-0.21000025]
3302,[-0.21000025]
3303,[-0.21000025]
3304,[-0.21000025]
3305,[-0.21000025]
3306,[-0.21000025]
3307,[-0.21000025]
3308,[-0.21000025]
3309,[-0.21000025]
3310,[-0.21000025]
3311,[-0.21000025]
3312,[-0.21000025]
3313,[-0.21000025]
3314,[-0.21000025]
3315,[0.9053]
3316,[0.9896]
3317,[-0.21000025]
3318,[-0.21000025]
3319,[-0.21000025]
3320,[-0.21000025]
3321,[-0.21000025]
3322,[-0.21000025]
3323,[-0.21000025]
3324,[-0.21000025]
3325,[-0.21000025]
3326,[0.97900003]
3327,[-0.21000025]
3328,[-0.21000025]
3329,[-0.21000025]
3330,[-0.21000025]
3331,[-0.21000025]
3332,[0.8046998]
3333,[-0.21000025]
3334,[-0.21000025]
3335,[-0.21000025]
3336,[-0.21000025]
3337,[0.80529976]
3338,[-0.21000025]
3339,[-0.21000025]
3340,[-0.21000025]
3341,[-0.21000025]
3342,[-0.21000025]
3343,[-0.21000025]
3344,[-0.21000025]
3345,[-0.21000025]
3346,[-0.21000025]
3347,[-0.21000025]
3348,[-0.21000025]
3349,[-0.21000025]
3350,[-0.21000025]
3351,[-0.21000025]
3352,[-0.21000025]
3353,[-0.21000025]
3354,[-0.21000025]
3355,[0.9789]
3356,[-0.21000025]
3357,[-0.21000025]
3358,[-0.21000025]
3359,[-0.21000025]
3360,[-0.21000025]
3361,[-0.21000025]
3362,[-0.21000025]
3363,[-0.21000025]
3364,[0.95470005]
3365,[-0.21000025]
3366,[-0.21000025]
3367,[-0.21000025]
3368,[0.96889997]
3369,[-0.21000025]
3370,[-0.21000025]
3371,[-0.21000025]
3372,[0.79959977]
3373,[0.968]
3374,[-0.21000025]
3375,[-0.21000025]
3376,[0.97510004]
3377,[-0.21000025]
3378,[0.88759995]
3379,[-0.21000025]
3380,[-0.21000025]
3381,[-0.21000025]
3382,[0.88249993]
3383,[-0.21000025]
3384,[-0.21000025]
3385,[-0.21000025]
3386,[-0.21000025]
3387,[-0.21000025]
3388,[0.84689987]
3389,[-0.21000025]
3390,[-0.21000025]
3391,[-0.21000025]
3392,[-0.21000025]
3393,[-0.21000025]
3394,[-0.21000025]
3395,[-0.21000025]
3396,[-0.21000025]
3397,[-0.21000025]
3398,[-0.21000025]
3399,[-0.21000025]
3400,[-0.21000025]
3401,[-0.21000025]
3402,[-0.21000025]
3403,[-0.21000025]
3404,[-0.21000025]
3405,[-0.21000025]
3406,[-0.21000025]
3407,[-0.21000025]
3408,[0.79419976]
3409,[-0.21000025]
3410,[-0.21000025]
3411,[-0.21000025]
3412,[-0.21000025]
3413,[-0.21000025]
3414,[-0.21000025]
3415,[-0.21000025]
3416,[0.8297999]
3417,[-0.21000025]
3418,[-0.21000025]
3419,[-0.21000025]
3420,[-0.21000025]
3421,[-0.21000025]
3422,[-0.21000025]
3423,[-0.21000025]
3424,[-0.21000025]
3425,[-0.21000025]
3426,[-0.21000025]
3427,[-0.21000025]
3428,[-0.21000025]
3429,[-0.21000025]
3430,[-0.21000025]
3431,[-0.21000025]
3432,[-0.21000025]
3433,[-0.21000025]
3434,[-0.21000025]
3435,[-0.21000025]
3436,[-0.21000025]
3437,[0.82589984]
3438,[-0.21000025]
3439,[-0.21000025]
3440,[-0.21000025]
3441,[-0.21000025]
3442,[-0.21000025]
3443,[0.8778]
3444,[-0.21000025]
3445,[-0.21000025]
3446,[-0.21000025]
3447,[-0.21000025]
3448,[-0.21000025]
3449,[0.79119974]
3450,[-0.21000025]
3451,[-0.21000025]
3452,[0.82519984]
3453,[0.87789994]
3454,[-0.21000025]
3455,[-0.21000025]
3456,[-0.21000025]
3457,[-0.21000025]
3458,[-0.21000025]
3459,[-0.21000025]
3460,[-0.21000025]
3461,[-0.21000025]
3462,[-0.21000025]
3463,[-0.21000025]
3464,[-0.21000025]
3465,[-0.21000025]
3466,[-0.21000025]
3467,[-0.21000025]
3468,[-0.21000025]
3469,[-0.21000025]
3470,[-0.21000025]
3471,[-0.21000025]
3472,[-0.21000025]
3473,[-0.21000025]
3474,[-0.21000025]
3475,[-0.21000025]
3476,[-0.21000025]
3477,[-0.21000025]
3478,[-0.21000025]
3479,[-0.21000025]
3480,[-0.21000025]
3481,[-0.21000025]
3482,[-0.21000025]
3483,[-0.21000025]
3484,[0.79129976]
3485,[0.8671999]
3486,[-0.21000025]
3487,[-0.21000025]
3488,[-0.21000025]
3489,[-0.21000025]
3490,[-0.21000025]
3491,[0.87529993]
3492,[-0.21000025]
3493,[-0.21000025]
3494,[0.9027]
3495,[-0.21000025]
3496,[-0.21000025]
3497,[0.93340003]
3498,[-0.21000025]
3499,[-0.21000025]
3500,[-0.21000025]
3501,[-0.21000025]
3502,[-0.21000025]
3503,[-0.21000025]
3504,[-0.21000025]
3505,[-0.21000025]
3506,[-0.21000025]
3507,[-0.21000025]
3508,[-0.21000025]
3509,[-0.21000025]
3510,[0.8092998]
3511,[-0.21000025]
3512,[-0.21000025]
3513,[0.958]
3514,[-0.21000025]
3515,[-0.21000025]
3516,[-0.21000025]
3517,[-0.21000025]
3518,[-0.21000025]
3519,[-0.21000025]
3520,[0.86239994]
3521,[-0.21000025]
3522,[-0.21000025]
3523,[0.8163998]
3524,[-0.21000025]
3525,[-0.21000025]
3526,[-0.21000025]
3527,[-0.21000025]
3528,[-0.21000025]
3529,[-0.21000025]
3530,[-0.21000025]
3531,[-0.21000025]
3532,[0.9527]
3533,[0.9627]
3534,[-0.21000025]
3535,[-0.21000025]
3536,[-0.21000025]
3537,[-0.21000025]
3538,[-0.21000025]
3539,[-0.21000025]
3540,[-0.21000025]
3541,[-0.21000025]
3542,[-0.21000025]
3543,[0.81729984]
3544,[-0.21000025]
3545,[-0.21000025]
3546,[-0.21000025]
3547,[-0.21000025]
3548,[-0.21000025]
3549,[-0.21000025]
3550,[-0.21000025]
3551,[-0.21000025]
3552,[-0.21000025]
3553,[-0.21000025]
3554,[-0.21000025]
3555,[-0.21000025]
3556,[-0.21000025]
3557,[0.9118]
3558,[-0.21000025]
3559,[-0.21000025]
3560,[-0.21000025]
3561,[-0.21000025]
3562,[0.80389977]
3563,[0.9615]
3564,[0.987]
3565,[-0.21000025]
3566,[0.86549985]
3567,[-0.21000025]
3568,[-0.21000025]
3569,[-0.21000025]
3570,[0.7977998]
3571,[-0.21000025]
3572,[-0.21000025]
3573,[-0.21000025]
3574,[0.8888999]
3575,[0.97540003]
3576,[0.9211]
3577,[-0.21000025]
3578,[-0.21000025]
3579,[-0.21000025]
3580,[0.88119996]
3581,[-0.21000025]
3582,[-0.21000025]
3583,[-0.21000025]
3584,[-0.21000025]
3585,[-0.21000025]
3586,[-0.21000025]
3587,[0.8594999]
3588,[-0.21000025]
3589,[-0.21000025]
3590,[-0.21000025]
3591,[-0.21000025]
3592,[-0.21000025]
3593,[-0.21000025]
3594,[-0.21000025]
3595,[-0.21000025]
3596,[-0.21000025]
3597,[-0.21000025]
3598,[0.9051]
3599,[-0.21000025]
3600,[-0.21000025]
3601,[-0.21000025]
3602,[-0.21000025]
3603,[0.83179986]
3604,[-0.21000025]
3605,[-0.21000025]
3606,[-0.21000025]
3607,[-0.21000025]
3608,[-0.21000025]
3609,[0.96889997]
3610,[-0.21000025]
3611,[-0.21000025]
3612,[-0.21000025]
3613,[-0.21000025]
3614,[-0.21000025]
3615,[0.9718]
3616,[-0.21000025]
3617,[-0.21000025]
3618,[-0.21000025]
3619,[-0.21000025]
3620,[-0.21000025]
3621,[-0.21000025]
3622,[-0.21000025]
3623,[-0.21000025]
3624,[-0.21000025]
3625,[-0.21000025]
3626,[-0.21000025]
3627,[-0.21000025]
3628,[-0.21000025]
3629,[0.84319985]
3630,[-0.21000025]
3631,[-0.21000025]
3632,[-0.21000025]
3633,[-0.21000025]
3634,[-0.21000025]
3635,[-0.21000025]
3636,[0.9905]
3637,[-0.21000025]
3638,[-0.21000025]
3639,[-0.21000025]
3640,[-0.21000025]
3641,[-0.21000025]
3642,[-0.21000025]
3643,[0.81369984]
3644,[-0.21000025]
3645,[-0.21000025]
3646,[-0.21000025]
3647,[-0.21000025]
3648,[-0.21000025]
3649,[-0.21000025]
3650,[-0.21000025]
3651,[-0.21000025]
3652,[-0.21000025]
3653,[-0.21000025]
3654,[-0.21000025]
3655,[-0.21000025]
3656,[-0.21000025]
3657,[-0.21000025]
3658,[-0.21000025]
3659,[-0.21000025]
3660,[-0.21000025]
3661,[0.8998]
3662,[-0.21000025]
3663,[-0.21000025]
3664,[-0.21000025]
3665,[-0.21000025]
3666,[-0.21000025]
3667,[-0.21000025]
3668,[-0.21000025]
3669,[-0.21000025]
3670,[-0.21000025]
3671,[-0.21000025]
3672,[-0.21000025]
3673,[-0.21000025]
3674,[-0.21000025]
3675,[-0.21000025]
3676,[-0.21000025]
3677,[-0.21000025]
3678,[-0.21000025]
3679,[-0.21000025]
3680,[0.8188998]
3681,[-0.21000025]
3682,[-0.21000025]
3683,[-0.21000025]
3684,[-0.21000025]
3685,[-0.21000025]
3686,[-0.21000025]
3687,[0.98910004]
3688,[-0.21000025]
3689,[-0.21000025]
3690,[-0.21000025]
3691,[-0.21000025]
3692,[-0.21000025]
3693,[-0.21000025]
3694,[-0.21000025]
3695,[-0.21000025]
3696,[0.9642]
3697,[-0.21000025]
3698,[-0.21000025]
3699,[-0.21000025]
3700,[-0.21000025]
3701,[-0.21000025]
3702,[-0.21000025]
3703,[-0.21000025]
3704,[-0.21000025]
3705,[-0.21000025]
3706,[-0.21000025]
3707,[-0.21000025]
3708,[-0.21000025]
3709,[-0.21000025]
3710,[-0.21000025]
3711,[-0.21000025]
3712,[-0.21000025]
3713,[-0.21000025]
3714,[-0.21000025]
3715,[-0.21000025]
3716,[0.8636999]
3717,[0.9279]
3718,[-0.21000025]
3719,[-0.21000025]
3720,[-0.21000025]
3721,[-0.21000025]
3722,[-0.21000025]
3723,[-0.21000025]
3724,[-0.21000025]
3725,[0.8228998]
3726,[-0.21000025]
3727,[-0.21000025]
3728,[0.8543999]
3729,[-0.21000025]
3730,[-0.21000025]
3731,[-0.21000025]
3732,[-0.21000025]
3733,[0.9112]
3734,[-0.21000025]
3735,[-0.21000025]
3736,[-0.21000025]
3737,[0.8472999]
3738,[-0.21000025]
3739,[-0.21000025]
3740,[0.9813]
3741,[-0.21000025]
3742,[-0.21000025]
3743,[-0.21000025]
3744,[-0.21000025]
3745,[-0.21000025]
3746,[0.96819997]
3747,[-0.21000025]
3748,[-0.21000025]
3749,[-0.21000025]
3750,[-0.21000025]
3751,[-0.21000025]
3752,[-0.21000025]
3753,[0.8010998]
3754,[-0.21000025]
3755,[-0.21000025]
3756,[-0.21000025]
3757,[-0.21000025]
3758,[-0.21000025]
3759,[-0.21000025]
3760,[-0.21000025]
3761,[-0.21000025]
3762,[-0.21000025]
3763,[-0.21000025]
3764,[-0.21000025]
3765,[-0.21000025]
3766,[-0.21000025]
3767,[-0.21000025]
3768,[0.912]
3769,[0.85619986]
3770,[-0.21000025]
3771,[-0.21000025]
3772,[-0.21000025]
3773,[-0.21000025]
3774,[-0.21000025]
3775,[-0.21000025]
3776,[-0.21000025]
3777,[-0.21000025]
3778,[-0.21000025]
3779,[-0.21000025]
3780,[-0.21000025]
3781,[0.99]
3782,[0.9715]
3783,[-0.21000025]
3784,[-0.21000025]
3785,[0.9634]
3786,[0.9857]
3787,[-0.21000025]
3788,[-0.21000025]
3789,[-0.21000025]
3790,[-0.21000025]
3791,[-0.21000025]
3792,[-0.21000025]
3793,[-0.21000025]
3794,[-0.21000025]
3795,[-0.21000025]
3796,[0.84319985]
3797,[-0.21000025]
3798,[-0.21000025]
3799,[-0.21000025]
3800,[-0.21000025]
3801,[-0.21000025]
3802,[0.9329001]
3803,[-0.21000025]
3804,[-0.21000025]
3805,[-0.21000025]
3806,[-0.21000025]
3807,[-0.21000025]
3808,[-0.21000025]
3809,[-0.21000025]
3810,[-0.21000025]
3811,[-0.21000025]
3812,[-0.21000025]
3813,[-0.21000025]
3814,[-0.21000025]
3815,[-0.21000025]
3816,[-0.21000025]
3817,[-0.21000025]
3818,[0.97040004]
3819,[-0.21000025]
3820,[-0.21000025]
3821,[-0.21000025]
3822,[-0.21000025]
3823,[-0.21000025]
3824,[-0.21000025]
3825,[-0.21000025]
3826,[-0.21000025]
3827,[-0.21000025]
3828,[-0.21000025]
3829,[-0.21000025]
3830,[-0.21000025]
3831,[-0.21000025]
3832,[-0.21000025]
3833,[-0.21000025]
3834,[-0.21000025]
3835,[-0.21000025]
3836,[-0.21000025]
3837,[-0.21000025]
3838,[-0.21000025]
3839,[-0.21000025]
3840,[0.958]
3841,[-0.21000025]
3842,[-0.21000025]
3843,[-0.21000025]
3844,[-0.21000025]
3845,[-0.21000025]
3846,[-0.21000025]
3847,[-0.21000025]
3848,[-0.21000025]
3849,[-0.21000025]
3850,[-0.21000025]
3851,[-0.21000025]
3852,[-0.21000025]
3853,[-0.21000025]
3854,[0.95080006]
3855,[-0.21000025]
3856,[-0.21000025]
3857,[0.9034]
3858,[-0.21000025]
3859,[0.92800003]
3860,[-0.21000025]
3861,[-0.21000025]
3862,[-0.21000025]
3863,[-0.21000025]
3864,[-0.21000025]
3865,[-0.21000025]
3866,[0.8307999]
3867,[0.93360007]
3868,[-0.21000025]
3869,[-0.21000025]
3870,[-0.21000025]
3871,[-0.21000025]
3872,[-0.21000025]
3873,[-0.21000025]
3874,[-0.21000025]
3875,[0.9909]
3876,[-0.21000025]
3877,[-0.21000025]
3878,[-0.21000025]
3879,[-0.21000025]
3880,[-0.21000025]
3881,[-0.21000025]
3882,[0.9538]
3883,[-0.21000025]
3884,[0.8994]
3885,[0.8177998]
3886,[-0.21000025]
3887,[0.9631]
3888,[-0.21000025]
3889,[-0.21000025]
3890,[-0.21000025]
3891,[-0.21000025]
3892,[-0.21000025]
3893,[0.9405]
3894,[0.8781]
3895,[0.8577999]
3896,[-0.21000025]
3897,[0.9792]
3898,[-0.21000025]
3899,[-0.21000025]
3900,[-0.21000025]
3901,[-0.21000025]
3902,[-0.21000025]
3903,[-0.21000025]
3904,[-0.21000025]
3905,[-0.21000025]
3906,[-0.21000025]
3907,[-0.21000025]
3908,[-0.21000025]
3909,[-0.21000025]
3910,[-0.21000025]
3911,[-0.21000025]
3912,[-0.21000025]
3913,[-0.21000025]
3914,[-0.21000025]
3915,[-0.21000025]
3916,[0.9899]
3917,[-0.21000025]
3918,[-0.21000025]
3919,[0.8711999]
3920,[-0.21000025]
3921,[-0.21000025]
3922,[-0.21000025]
3923,[0.9592]
3924,[-0.21000025]
3925,[-0.21000025]
3926,[-0.21000025]
3927,[-0.21000025]
3928,[-0.21000025]
3929,[-0.21000025]
3930,[-0.21000025]
3931,[0.90180004]
3932,[0.90119994]
3933,[-0.21000025]
3934,[-0.21000025]
3935,[-0.21000025]
3936,[-0.21000025]
3937,[-0.21000025]
3938,[-0.21000025]
3939,[-0.21000025]
3940,[-0.21000025]
3941,[-0.21000025]
3942,[-0.21000025]
3943,[-0.21000025]
3944,[-0.21000025]
3945,[-0.21000025]
3946,[-0.21000025]
3947,[-0.21000025]
3948,[0.7899998]
3949,[-0.21000025]
3950,[-0.21000025]
3951,[-0.21000025]
3952,[-0.21000025]
3953,[-0.21000025]
3954,[-0.21000025]
3955,[-0.21000025]
3956,[0.9683]
3957,[0.92660004]
3958,[-0.21000025]
3959,[-0.21000025]
3960,[-0.21000025]
3961,[0.8028998]
3962,[-0.21000025]
3963,[-0.21000025]
3964,[0.87939996]
3965,[-0.21000025]
3966,[-0.21000025]
3967,[-0.21000025]
3968,[-0.21000025]
3969,[-0.21000025]
3970,[-0.21000025]
3971,[-0.21000025]
3972,[-0.21000025]
3973,[-0.21000025]
3974,[-0.21000025]
3975,[-0.21000025]
3976,[-0.21000025]
3977,[-0.21000025]
3978,[-0.21000025]
3979,[-0.21000025]
3980,[-0.21000025]
3981,[-0.21000025]
3982,[-0.21000025]
3983,[-0.21000025]
3984,[0.82199985]
3985,[-0.21000025]
3986,[-0.21000025]
3987,[-0.21000025]
3988,[0.8498999]
3989,[0.88009995]
3990,[-0.21000025]
3991,[-0.21000025]
3992,[-0.21000025]
3993,[-0.21000025]
3994,[-0.21000025]
3995,[-0.21000025]
3996,[-0.21000025]
3997,[-0.21000025]
3998,[-0.21000025]
3999,[0.9592]
4000,[-0.21000025]
4001,[-0.21000025]
4002,[-0.21000025]
4003,[-0.21000025]
4004,[-0.21000025]
4005,[-0.21000025]
4006,[-0.21000025]
4007,[-0.21000025]
4008,[-0.21000025]
4009,[-0.21000025]
4010,[0.9859]
4011,[-0.21000025]
4012,[0.8249998]
4013,[-0.21000025]
4014,[-0.21000025]
4015,[-0.21000025]
4016,[0.8805999]
4017,[0.9009]
4018,[0.88969994]
4019,[-0.21000025]
4020,[0.79599977]
4021,[-0.21000025]
4022,[-0.21000025]
4023,[-0.21000025]
4024,[0.8517999]
4025,[0.92480004]
4026,[-0.21000025]
4027,[-0.21000025]
4028,[-0.21000025]
4029,[-0.21000025]
4030,[-0.21000025]
4031,[-0.21000025]
4032,[-0.21000025]
4033,[-0.21000025]
4034,[-0.21000025]
4035,[-0.21000025]
4036,[-0.21000025]
4037,[-0.21000025]
4038,[0.93420005]
4039,[-0.21000025]
4040,[0.8098998]
4041,[-0.21000025]
4042,[-0.21000025]
4043,[-0.21000025]
4044,[-0.21000025]
4045,[0.9813]
4046,[-0.21000025]
4047,[-0.21000025]
4048,[0.93570006]
4049,[-0.21000025]
4050,[-0.21000025]
4051,[-0.21000025]
4052,[-0.21000025]
4053,[-0.21000025]
4054,[-0.21000025]
4055,[-0.21000025]
4056,[-0.21000025]
4057,[-0.21000025]
4058,[-0.21000025]
4059,[-0.21000025]
4060,[-0.21000025]
4061,[0.9729]
4062,[-0.21000025]
4063,[0.9839]
4064,[-0.21000025]
4065,[-0.21000025]
4066,[-0.21000025]
4067,[-0.21000025]
4068,[0.8054998]
4069,[-0.21000025]
4070,[-0.21000025]
4071,[-0.21000025]
4072,[-0.21000025]
4073,[-0.21000025]
4074,[-0.21000025]
4075,[-0.21000025]
4076,[-0.21000025]
4077,[-0.21000025]
4078,[-0.21000025]
4079,[-0.21000025]
4080,[-0.21000025]
4081,[-0.21000025]
4082,[-0.21000025]
4083,[-0.21000025]
4084,[-0.21000025]
4085,[0.81839985]
4086,[-0.21000025]
4087,[-0.21000025]
4088,[0.93700004]
4089,[-0.21000025]
4090,[-0.21000025]
4091,[-0.21000025]
4092,[-0.21000025]
4093,[-0.21000025]
4094,[-0.21000025]
4095,[-0.21000025]
4096,[-0.21000025]
4097,[-0.21000025]
4098,[-0.21000025]
4099,[-0.21000025]
4100,[-0.21000025]
4101,[-0.21000025]
4102,[-0.21000025]
4103,[-0.21000025]
4104,[-0.21000025]
4105,[-0.21000025]
4106,[-0.21000025]
4107,[-0.21000025]
4108,[-0.21000025]
4109,[-0.21000025]
4110,[-0.21000025]
4111,[-0.21000025]
4112,[-0.21000025]
4113,[-0.21000025]
4114,[-0.21000025]
4115,[-0.21000025]
4116,[-0.21000025]
4117,[0.88899994]
4118,[-0.21000025]
4119,[-0.21000025]
4120,[-0.21000025]
4121,[-0.21000025]
4122,[0.8881999]
4123,[0.9634]
4124,[-0.21000025]
4125,[-0.21000025]
4126,[-0.21000025]
4127,[-0.21000025]
4128,[-0.21000025]
4129,[-0.21000025]
4130,[-0.21000025]
4131,[0.89329994]
4132,[-0.21000025]
4133,[-0.21000025]
4134,[-0.21000025]
4135,[-0.21000025]
4136,[-0.21000025]
4137,[0.95849997]
4138,[0.8600999]
4139,[-0.21000025]
4140,[-0.21000025]
4141,[-0.21000025]
4142,[-0.21000025]
4143,[-0.21000025]
4144,[-0.21000025]
4145,[-0.21000025]
4146,[-0.21000025]
4147,[-0.21000025]
4148,[-0.21000025]
4149,[-0.21000025]
4150,[-0.21000025]
4151,[-0.21000025]
4152,[-0.21000025]
4153,[-0.21000025]
4154,[-0.21000025]
4155,[-0.21000025]
4156,[-0.21000025]
4157,[-0.21000025]
4158,[-0.21000025]
4159,[-0.21000025]
4160,[-0.21000025]
4161,[-0.21000025]
4162,[-0.21000025]
4163,[-0.21000025]
4164,[-0.21000025]
4165,[-0.21000025]
4166,[-0.21000025]
4167,[-0.21000025]
4168,[-0.21000025]
4169,[-0.21000025]
4170,[-0.21000025]
4171,[0.88199997]
4172,[-0.21000025]
4173,[-0.21000025]
4174,[-0.21000025]
4175,[0.9315]
4176,[-0.21000025]
4177,[-0.21000025]
4178,[0.8988]
4179,[-0.21000025]
4180,[-0.21000025]
4181,[0.9904]
4182,[0.9362]
4183,[-0.21000025]
4184,[0.9161]
4185,[-0.21000025]
4186,[-0.21000025]
4187,[-0.21000025]
4188,[-0.21000025]
4189,[-0.21000025]
4190,[-0.21000025]
4191,[-0.21000025]
4192,[-0.21000025]
4193,[-0.21000025]
4194,[-0.21000025]
4195,[-0.21000025]
4196,[0.8062998]
4197,[-0.21000025]
4198,[-0.21000025]
4199,[-0.21000025]
4200,[-0.21000025]
4201,[-0.21000025]
4202,[-0.21000025]
4203,[-0.21000025]
4204,[-0.21000025]
4205,[-0.21000025]
4206,[-0.21000025]
4207,[-0.21000025]
4208,[-0.21000025]
4209,[0.9174]
4210,[-0.21000025]
4211,[-0.21000025]
4212,[-0.21000025]
4213,[-0.21000025]
4214,[0.9856]
4215,[0.9666]
4216,[-0.21000025]
4217,[0.8527999]
4218,[-0.21000025]
4219,[-0.21000025]
4220,[-0.21000025]
4221,[-0.21000025]
4222,[-0.21000025]
4223,[-0.21000025]
4224,[-0.21000025]
4225,[-0.21000025]
4226,[0.91359997]
4227,[-0.21000025]
4228,[-0.21000025]
4229,[-0.21000025]
4230,[0.9899]
4231,[-0.21000025]
4232,[0.7935997]
4233,[-0.21000025]
4234,[-0.21000025]
4235,[-0.21000025]
4236,[-0.21000025]
4237,[-0.21000025]
4238,[-0.21000025]
4239,[0.87969995]
4240,[-0.21000025]
4241,[0.976]
4242,[-0.21000025]
4243,[-0.21000025]
4244,[-0.21000025]
4245,[0.93700004]
4246,[-0.21000025]
4247,[-0.21000025]
4248,[-0.21000025]
4249,[-0.21000025]
4250,[-0.21000025]
4251,[-0.21000025]
4252,[0.8460999]
4253,[-0.21000025]
4254,[-0.21000025]
4255,[-0.21000025]
4256,[-0.21000025]
4257,[-0.21000025]
4258,[-0.21000025]
4259,[-0.21000025]
4260,[0.8087998]
4261,[-0.21000025]
4262,[-0.21000025]
4263,[0.8595999]
4264,[-0.21000025]
4265,[-0.21000025]
4266,[0.93100005]
4267,[-0.21000025]
4268,[-0.21000025]
4269,[-0.21000025]
4270,[-0.21000025]
4271,[-0.21000025]
4272,[-0.21000025]
4273,[-0.21000025]
4274,[-0.21000025]
4275,[-0.21000025]
4276,[-0.21000025]
4277,[-0.21000025]
4278,[-0.21000025]
4279,[-0.21000025]
4280,[-0.21000025]
4281,[-0.21000025]
4282,[-0.21000025]
4283,[0.93790007]
4284,[-0.21000025]
4285,[0.86019987]
4286,[-0.21000025]
4287,[-0.21000025]
4288,[-0.21000025]
4289,[-0.21000025]
4290,[-0.21000025]
4291,[-0.21000025]
4292,[-0.21000025]
4293,[-0.21000025]
4294,[-0.21000025]
4295,[-0.21000025]
4296,[-0.21000025]
4297,[-0.21000025]
4298,[-0.21000025]
4299,[-0.21000025]
4300,[0.98080003]
4301,[-0.21000025]
4302,[-0.21000025]
4303,[-0.21000025]
4304,[-0.21000025]
4305,[0.885]
4306,[0.9795]
4307,[-0.21000025]
4308,[-0.21000025]
4309,[-0.21000025]
4310,[-0.21000025]
4311,[0.95849997]
4312,[-0.21000025]
4313,[-0.21000025]
4314,[-0.21000025]
4315,[-0.21000025]
4316,[-0.21000025]
4317,[-0.21000025]
4318,[-0.21000025]
4319,[-0.21000025]
4320,[-0.21000025]
4321,[-0.21000025]
4322,[-0.21000025]
4323,[-0.21000025]
4324,[-0.21000025]
4325,[-0.21000025]
4326,[-0.21000025]
4327,[-0.21000025]
4328,[0.84059983]
4329,[-0.21000025]
4330,[-0.21000025]
4331,[-0.21000025]
4332,[-0.21000025]
4333,[-0.21000025]
4334,[-0.21000025]
4335,[-0.21000025]
4336,[-0.21000025]
4337,[0.9036]
4338,[-0.21000025]
4339,[-0.21000025]
4340,[-0.21000025]
4341,[-0.21000025]
4342,[-0.21000025]
4343,[-0.21000025]
4344,[-0.21000025]
4345,[-0.21000025]
4346,[-0.21000025]
4347,[-0.21000025]
4348,[0.95010006]
4349,[-0.21000025]
4350,[-0.21000025]
4351,[-0.21000025]
4352,[-0.21000025]
4353,[-0.21000025]
4354,[-0.21000025]
4355,[-0.21000025]
4356,[0.967]
4357,[0.9967]
4358,[-0.21000025]
4359,[0.89989996]
4360,[-0.21000025]
4361,[-0.21000025]
4362,[-0.21000025]
4363,[-0.21000025]
4364,[-0.21000025]
4365,[-0.21000025]
4366,[-0.21000025]
4367,[-0.21000025]
4368,[-0.21000025]
4369,[-0.21000025]
4370,[-0.21000025]
4371,[-0.21000025]
4372,[-0.21000025]
4373,[-0.21000025]
4374,[-0.21000025]
4375,[-0.21000025]
4376,[-0.21000025]
4377,[-0.21000025]
4378,[0.9847]
4379,[-0.21000025]
4380,[-0.21000025]
4381,[-0.21000025]
4382,[0.8729999]
4383,[-0.21000025]
4384,[-0.21000025]
4385,[-0.21000025]
4386,[-0.21000025]
4387,[0.9868]
4388,[-0.21000025]
4389,[-0.21000025]
4390,[-0.21000025]
4391,[-0.21000025]
4392,[-0.21000025]
4393,[-0.21000025]
4394,[-0.21000025]
4395,[-0.21000025]
4396,[-0.21000025]
4397,[-0.21000025]
4398,[-0.21000025]
4399,[-0.21000025]
4400,[0.9127]
4401,[-0.21000025]
4402,[-0.21000025]
4403,[-0.21000025]
4404,[-0.21000025]
4405,[-0.21000025]
4406,[-0.21000025]
4407,[-0.21000025]
4408,[-0.21000025]
4409,[0.9087]
4410,[0.99259996]
4411,[-0.21000025]
4412,[-0.21000025]
4413,[-0.21000025]
4414,[0.83109987]
4415,[-0.21000025]
4416,[-0.21000025]
4417,[-0.21000025]
4418,[-0.21000025]
4419,[-0.21000025]
4420,[-0.21000025]
4421,[-0.21000025]
4422,[-0.21000025]
4423,[-0.21000025]
4424,[-0.21000025]
4425,[-0.21000025]
4426,[-0.21000025]
4427,[-0.21000025]
4428,[-0.21000025]
4429,[-0.21000025]
4430,[-0.21000025]
4431,[-0.21000025]
4432,[-0.21000025]
4433,[0.92740005]
4434,[-0.21000025]
4435,[-0.21000025]
4436,[0.84329987]
4437,[-0.21000025]
4438,[0.8098998]
4439,[-0.21000025]
4440,[-0.21000025]
4441,[-0.21000025]
4442,[-0.21000025]
4443,[-0.21000025]
4444,[0.9632]
4445,[-0.21000025]
4446,[-0.21000025]
4447,[-0.21000025]
4448,[-0.21000025]
4449,[0.9206]
4450,[-0.21000025]
4451,[0.8804999]
4452,[0.96889997]
4453,[-0.21000025]
4454,[-0.21000025]
4455,[-0.21000025]
4456,[0.9745]
4457,[-0.21000025]
4458,[-0.21000025]
4459,[-0.21000025]
4460,[-0.21000025]
4461,[-0.21000025]
4462,[-0.21000025]
4463,[-0.21000025]
4464,[-0.21000025]
4465,[-0.21000025]
4466,[-0.21000025]
4467,[-0.21000025]
4468,[0.9026]
4469,[-0.21000025]
4470,[-0.21000025]
4471,[-0.21000025]
4472,[-0.21000025]
4473,[-0.21000025]
4474,[-0.21000025]
4475,[-0.21000025]
4476,[-0.21000025]
4477,[-0.21000025]
4478,[-0.21000025]
4479,[-0.21000025]
4480,[-0.21000025]
4481,[-0.21000025]
4482,[-0.21000025]
4483,[-0.21000025]
4484,[-0.21000025]
4485,[-0.21000025]
4486,[-0.21000025]
4487,[-0.21000025]
4488,[-0.21000025]
4489,[-0.21000025]
4490,[0.8368999]
4491,[-0.21000025]
4492,[0.8024998]
4493,[0.9552]
4494,[-0.21000025]
4495,[-0.21000025]
4496,[0.79219973]
4497,[-0.21000025]
4498,[-0.21000025]
4499,[-0.21000025]
4500,[-0.21000025]
4501,[-0.21000025]
4502,[-0.21000025]
4503,[-0.21000025]
4504,[-0.21000025]
4505,[-0.21000025]
4506,[-0.21000025]
4507,[-0.21000025]
4508,[-0.21000025]
4509,[0.7933998]
4510,[-0.21000025]
4511,[0.987]
4512,[-0.21000025]
4513,[-0.21000025]
4514,[-0.21000025]
4515,[0.9752]
4516,[-0.21000025]
4517,[-0.21000025]
4518,[-0.21000025]
4519,[-0.21000025]
4520,[-0.21000025]
4521,[-0.21000025]
4522,[-0.21000025]
4523,[-0.21000025]
4524,[-0.21000025]
4525,[-0.21000025]
4526,[-0.21000025]
4527,[-0.21000025]
4528,[0.9766]
4529,[0.9952]
4530,[0.9166]
4531,[-0.21000025]
4532,[-0.21000025]
4533,[-0.21000025]
4534,[-0.21000025]
4535,[-0.21000025]
4536,[-0.21000025]
4537,[-0.21000025]
4538,[-0.21000025]
4539,[-0.21000025]
4540,[-0.21000025]
4541,[-0.21000025]
4542,[-0.21000025]
4543,[0.93360007]
4544,[-0.21000025]
4545,[-0.21000025]
4546,[-0.21000025]
4547,[-0.21000025]
4548,[-0.21000025]
4549,[-0.21000025]
4550,[0.9762]
4551,[-0.21000025]
4552,[-0.21000025]
4553,[-0.21000025]
4554,[-0.21000025]
4555,[-0.21000025]
4556,[-0.21000025]
4557,[-0.21000025]
4558,[-0.21000025]
4559,[-0.21000025]
4560,[0.9746]
4561,[-0.21000025]
4562,[-0.21000025]
4563,[-0.21000025]
4564,[0.8347999]
4565,[-0.21000025]
4566,[-0.21000025]
4567,[-0.21000025]
4568,[0.8156998]
4569,[-0.21000025]
4570,[-0.21000025]
4571,[-0.21000025]
4572,[-0.21000025]
4573,[-0.21000025]
4574,[-0.21000025]
4575,[-0.21000025]
4576,[-0.21000025]
4577,[-0.21000025]
4578,[-0.21000025]
4579,[-0.21000025]
4580,[-0.21000025]
4581,[-0.21000025]
4582,[0.8271998]
4583,[-0.21000025]
4584,[-0.21000025]
4585,[-0.21000025]
4586,[-0.21000025]
4587,[-0.21000025]
4588,[-0.21000025]
4589,[-0.21000025]
4590,[-0.21000025]
4591,[-0.21000025]
4592,[0.84359986]
4593,[-0.21000025]
4594,[-0.21000025]
4595,[-0.21000025]
4596,[-0.21000025]
4597,[-0.21000025]
4598,[-0.21000025]
4599,[-0.21000025]
4600,[-0.21000025]
4601,[-0.21000025]
4602,[-0.21000025]
4603,[-0.21000025]
4604,[-0.21000025]
4605,[-0.21000025]
4606,[-0.21000025]
4607,[-0.21000025]
4608,[-0.21000025]
4609,[-0.21000025]
4610,[-0.21000025]
4611,[-0.21000025]
4612,[-0.21000025]
4613,[0.9197]
4614,[-0.21000025]
4615,[-0.21000025]
4616,[0.7903998]
4617,[-0.21000025]
4618,[0.9722]
4619,[-0.21000025]
4620,[0.9163]
4621,[-0.21000025]
4622,[-0.21000025]
4623,[-0.21000025]
4624,[-0.21000025]
4625,[-0.21000025]
4626,[-0.21000025]
4627,[-0.21000025]
4628,[-0.21000025]
4629,[-0.21000025]
4630,[-0.21000025]
4631,[-0.21000025]
4632,[-0.21000025]
4633,[-0.21000025]
4634,[-0.21000025]
4635,[-0.21000025]
4636,[0.9774]
4637,[-0.21000025]
4638,[-0.21000025]
4639,[-0.21000025]
4640,[-0.21000025]
4641,[-0.21000025]
4642,[0.9778]
4643,[-0.21000025]
4644,[-0.21000025]
4645,[-0.21000025]
4646,[-0.21000025]
4647,[0.92149997]
4648,[-0.21000025]
4649,[0.99619997]
4650,[-0.21000025]
4651,[-0.21000025]
4652,[-0.21000025]
4653,[-0.21000025]
4654,[-0.21000025]
4655,[-0.21000025]
4656,[-0.21000025]
4657,[-0.21000025]
4658,[-0.21000025]
4659,[-0.21000025]
4660,[-0.21000025]
4661,[-0.21000025]
4662,[-0.21000025]
4663,[-0.21000025]
4664,[0.8983]
4665,[0.9381001]
4666,[-0.21000025]
4667,[-0.21000025]
4668,[-0.21000025]
4669,[-0.21000025]
4670,[0.86549985]
4671,[-0.21000025]
4672,[-0.21000025]
4673,[-0.21000025]
4674,[0.9951]
4675,[-0.21000025]
4676,[-0.21000025]
4677,[-0.21000025]
4678,[-0.21000025]
4679,[-0.21000025]
4680,[-0.21000025]
4681,[-0.21000025]
4682,[0.9129]
4683,[-0.21000025]
4684,[-0.21000025]
4685,[-0.21000025]
4686,[-0.21000025]
4687,[-0.21000025]
4688,[-0.21000025]
4689,[-0.21000025]
4690,[-0.21000025]
4691,[-0.21000025]
4692,[-0.21000025]
4693,[-0.21000025]
4694,[-0.21000025]
4695,[-0.21000025]
4696,[-0.21000025]
4697,[0.9246]
4698,[0.9869]
4699,[-0.21000025]
4700,[-0.21000025]
4701,[-0.21000025]
4702,[-0.21000025]
4703,[-0.21000025]
4704,[-0.21000025]
4705,[-0.21000025]
4706,[-0.21000025]
4707,[-0.21000025]
4708,[-0.21000025]
4709,[-0.21000025]
4710,[0.8343999]
4711,[-0.21000025]
4712,[0.94320005]
4713,[-0.21000025]
4714,[-0.21000025]
4715,[-0.21000025]
4716,[-0.21000025]
4717,[-0.21000025]
4718,[-0.21000025]
4719,[-0.21000025]
4720,[-0.21000025]
4721,[-0.21000025]
4722,[-0.21000025]
4723,[0.8211998]
4724,[-0.21000025]
4725,[-0.21000025]
4726,[-0.21000025]
4727,[-0.21000025]
4728,[-0.21000025]
4729,[-0.21000025]
4730,[-0.21000025]
4731,[-0.21000025]
4732,[-0.21000025]
4733,[-0.21000025]
4734,[-0.21000025]
4735,[-0.21000025]
4736,[-0.21000025]
4737,[-0.21000025]
4738,[-0.21000025]
4739,[-0.21000025]
4740,[-0.21000025]
4741,[-0.21000025]
4742,[-0.21000025]
4743,[-0.21000025]
4744,[-0.21000025]
4745,[-0.21000025]
4746,[0.83419985]
4747,[-0.21000025]
4748,[-0.21000025]
4749,[-0.21000025]
4750,[-0.21000025]
4751,[-0.21000025]
4752,[0.98300004]
4753,[-0.21000025]
4754,[-0.21000025]
4755,[-0.21000025]
4756,[-0.21000025]
4757,[-0.21000025]
4758,[-0.21000025]
4759,[-0.21000025]
4760,[-0.21000025]
4761,[-0.21000025]
4762,[-0.21000025]
4763,[-0.21000025]
4764,[-0.21000025]
4765,[-0.21000025]
4766,[-0.21000025]
4767,[-0.21000025]
4768,[-0.21000025]
4769,[-0.21000025]
4770,[-0.21000025]
4771,[-0.21000025]
4772,[-0.21000025]
4773,[-0.21000025]
4774,[-0.21000025]
4775,[-0.21000025]
4776,[-0.21000025]
4777,[0.9384001]
4778,[-0.21000025]
4779,[-0.21000025]
4780,[-0.21000025]
4781,[-0.21000025]
4782,[-0.21000025]
4783,[-0.21000025]
4784,[-0.21000025]
4785,[0.8943]
4786,[-0.21000025]
4787,[-0.21000025]
4788,[-0.21000025]
4789,[-0.21000025]
4790,[-0.21000025]
4791,[-0.21000025]
4792,[0.7934997]
4793,[-0.21000025]
4794,[-0.21000025]
4795,[-0.21000025]
4796,[-0.21000025]
4797,[-0.21000025]
4798,[-0.21000025]
4799,[-0.21000025]
4800,[-0.21000025]
4801,[-0.21000025]
4802,[-0.21000025]
4803,[-0.21000025]
4804,[-0.21000025]
4805,[-0.21000025]
4806,[-0.21000025]
4807,[-0.21000025]
4808,[-0.21000025]
4809,[-0.21000025]
4810,[-0.21000025]
4811,[-0.21000025]
4812,[0.8145998]
4813,[-0.21000025]
4814,[-0.21000025]
4815,[0.9632]
4816,[-0.21000025]
4817,[-0.21000025]
4818,[-0.21000025]
4819,[0.82009983]
4820,[0.9562]
4821,[-0.21000025]
4822,[-0.21000025]
4823,[0.9863]
4824,[-0.21000025]
4825,[-0.21000025]
4826,[-0.21000025]
4827,[-0.21000025]
4828,[-0.21000025]
4829,[-0.21000025]
4830,[-0.21000025]
4831,[-0.21000025]
4832,[-0.21000025]
4833,[0.94240004]
4834,[0.9672]
4835,[-0.21000025]
4836,[-0.21000025]
4837,[-0.21000025]
4838,[-0.21000025]
4839,[-0.21000025]
4840,[-0.21000025]
4841,[-0.21000025]
4842,[-0.21000025]
4843,[-0.21000025]
4844,[-0.21000025]
4845,[0.9103]
4846,[-0.21000025]
4847,[-0.21000025]
4848,[-0.21000025]
4849,[-0.21000025]
4850,[-0.21000025]
4851,[0.891]
4852,[-0.21000025]
4853,[-0.21000025]
4854,[-0.21000025]
4855,[-0.21000025]
4856,[-0.21000025]
4857,[-0.21000025]
4858,[-0.21000025]
4859,[-0.21000025]
4860,[-0.21000025]
4861,[-0.21000025]
4862,[0.88299996]
4863,[-0.21000025]
4864,[-0.21000025]
4865,[-0.21000025]
4866,[-0.21000025]
4867,[-0.21000025]
4868,[-0.21000025]
4869,[-0.21000025]
4870,[-0.21000025]
4871,[-0.21000025]
4872,[-0.21000025]
4873,[0.86169994]
4874,[-0.21000025]
4875,[-0.21000025]
4876,[-0.21000025]
4877,[-0.21000025]
4878,[-0.21000025]
4879,[-0.21000025]
4880,[-0.21000025]
4881,[-0.21000025]
4882,[-0.21000025]
4883,[-0.21000025]
4884,[-0.21000025]
4885,[-0.21000025]
4886,[-0.21000025]
4887,[-0.21000025]
4888,[-0.21000025]
4889,[-0.21000025]
4890,[-0.21000025]
4891,[-0.21000025]
4892,[-0.21000025]
4893,[-0.21000025]
4894,[0.9163]
4895,[-0.21000025]
4896,[-0.21000025]
4897,[-0.21000025]
4898,[-0.21000025]
4899,[-0.21000025]
4900,[-0.21000025]
4901,[-0.21000025]
4902,[-0.21000025]
4903,[-0.21000025]
4904,[-0.21000025]
4905,[-0.21000025]
4906,[-0.21000025]
4907,[-0.21000025]
4908,[0.9250001]
4909,[-0.21000025]
4910,[-0.21000025]
4911,[-0.21000025]
4912,[-0.21000025]
4913,[-0.21000025]
4914,[-0.21000025]
4915,[-0.21000025]
4916,[0.9642]
4917,[-0.21000025]
4918,[-0.21000025]
4919,[-0.21000025]
4920,[-0.21000025]
4921,[-0.21000025]
4922,[-0.21000025]
4923,[-0.21000025]
4924,[-0.21000025]
4925,[-0.21000025]
4926,[-0.21000025]
4927,[0.8545999]
4928,[0.97080004]
4929,[-0.21000025]
4930,[-0.21000025]
4931,[-0.21000025]
4932,[-0.21000025]
4933,[-0.21000025]
4934,[-0.21000025]
4935,[-0.21000025]
4936,[0.9864]
4937,[-0.21000025]
4938,[0.9823]
4939,[-0.21000025]
4940,[0.97400004]
4941,[-0.21000025]
4942,[-0.21000025]
4943,[-0.21000025]
4944,[-0.21000025]
4945,[-0.21000025]
4946,[-0.21000025]
4947,[-0.21000025]
4948,[-0.21000025]
4949,[-0.21000025]
4950,[-0.21000025]
4951,[-0.21000025]
4952,[-0.21000025]
4953,[-0.21000025]
4954,[-0.21000025]
4955,[0.94320005]
4956,[-0.21000025]
4957,[0.8456999]
4958,[-0.21000025]
4959,[-0.21000025]
4960,[-0.21000025]
4961,[-0.21000025]
4962,[0.84249985]
4963,[-0.21000025]
4964,[-0.21000025]
4965,[-0.21000025]
4966,[-0.21000025]
4967,[0.8716999]
4968,[-0.21000025]
4969,[-0.21000025]
4970,[-0.21000025]
4971,[-0.21000025]
4972,[-0.21000025]
4973,[0.8144998]
4974,[-0.21000025]
4975,[0.977]
4976,[-0.21000025]
4977,[-0.21000025]
4978,[-0.21000025]
4979,[-0.21000025]
4980,[-0.21000025]
4981,[-0.21000025]
4982,[-0.21000025]
4983,[-0.21000025]
4984,[-0.21000025]
4985,[-0.21000025]
4986,[-0.21000025]
4987,[0.8153998]
4988,[-0.21000025]
4989,[-0.21000025]
4990,[-0.21000025]
4991,[0.9536]
4992,[-0.21000025]
4993,[-0.21000025]
4994,[-0.21000025]
4995,[-0.21000025]
4996,[-0.21000025]
4997,[-0.21000025]
4998,[-0.21000025]
4999,[-0.21000025]
5000,[0.7956998]
