Episodio,Puntaje
1,[-115.996445]
2,[-54.125748]
3,[-93.49277]
4,[-114.95433]
5,[-115.9935]
6,[-101.870255]
7,[-68.19241]
8,[-112.70854]
9,[-106.0555]
10,[-115.99933]
11,[-103.647934]
12,[-40.15059]
13,[-103.67233]
14,[-115.47998]
15,[-115.99931]
16,[-95.70839]
17,[24.107407]
18,[-52.587173]
19,[-115.61311]
20,[-103.87195]
21,[-105.76723]
22,[-89.876785]
23,[-112.956894]
24,[-104.81741]
25,[-67.75581]
26,[-104.23599]
27,[-67.98485]
28,[-107.95198]
29,[-58.29355]
30,[-115.99838]
31,[-98.65633]
32,[-88.34485]
33,[-115.97928]
34,[-105.77785]
35,[-105.85478]
36,[-115.97653]
37,[-86.61641]
38,[-114.68376]
39,[-81.1095]
40,[-114.33963]
41,[-91.72519]
42,[-33.551025]
43,[-115.99431]
44,[121.624985]
45,[-115.779526]
46,[-73.873795]
47,[-84.982285]
48,[-108.30316]
49,[-56.810837]
50,[-115.99509]
51,[-60.049377]
52,[-104.66687]
53,[63.181885]
54,[-98.606964]
55,[-112.075134]
56,[-103.61873]
57,[-46.37059]
58,[-106.5269]
59,[-103.096924]
60,[-44.671814]
61,[-80.672455]
62,[-115.97882]
63,[-87.34584]
64,[-115.9756]
65,[-69.60535]
66,[-58.377182]
67,[-72.25685]
68,[-115.650406]
69,[-115.90709]
70,[-109.92047]
71,[-106.479935]
72,[-69.0175]
73,[-87.8768]
74,[-78.776184]
75,[-79.47427]
76,[-103.49156]
77,[-115.98956]
78,[-115.97826]
79,[-82.061066]
80,[-113.41341]
81,[-94.34299]
82,[-115.975586]
83,[-112.64276]
84,[-94.702576]
85,[-115.99727]
86,[-89.53012]
87,[-115.19435]
88,[-7.7355957]
89,[-115.89752]
90,[-39.444473]
91,[-96.83035]
92,[-109.45108]
93,[-87.84187]
94,[-54.380936]
95,[-115.97569]
96,[-82.047775]
97,[-109.92221]
98,[-100.08339]
99,[-2.380127]
100,[-107.49481]
101,[-66.282684]
102,[-115.97577]
103,[-43.200256]
104,[-95.805725]
105,[-81.07881]
106,[-111.9268]
107,[-88.66222]
108,[-89.784225]
109,[-69.42198]
110,[-110.81467]
111,[-87.55255]
112,[-106.46515]
113,[-2.5877075]
114,[-88.39392]
115,[-100.58142]
116,[-85.466034]
117,[-84.92325]
118,[-35.22499]
119,[-115.43196]
120,[-96.15515]
121,[-114.471344]
122,[-104.39311]
123,[-105.5623]
124,[-82.08989]
125,[-91.54309]
126,[-71.79999]
127,[-92.613235]
128,[-48.68895]
129,[-112.63249]
130,[-115.97569]
131,[-48.395966]
132,[-115.793625]
133,[-93.54523]
134,[-61.74608]
135,[-115.9986]
136,[-115.992325]
137,[-105.01352]
138,[-85.17499]
139,[-93.782974]
140,[-90.37578]
141,[-66.98457]
142,[-115.975784]
143,[-73.39244]
144,[-91.5836]
145,[-115.8947]
146,[-48.52852]
147,[-115.90958]
148,[-86.88548]
149,[-115.78644]
150,[-85.524734]
151,[-105.94739]
152,[-72.02812]
153,[-96.61589]
154,[-110.07176]
155,[-101.26445]
156,[-95.85086]
157,[-70.59918]
158,[-106.23363]
159,[-114.597946]
160,[-101.0542]
161,[-102.5143]
162,[-80.71022]
163,[-102.91417]
164,[-75.81546]
165,[-29.14972]
166,[-75.34271]
167,[-61.24536]
168,[-50.62883]
169,[-108.01399]
170,[-97.03458]
171,[-82.84944]
172,[-115.88185]
173,[-115.98773]
174,[-115.9946]
175,[-95.80649]
176,[-94.29086]
177,[-98.922]
178,[-69.60864]
179,[-106.62564]
180,[-79.06816]
181,[-110.05841]
182,[-48.982193]
183,[-88.00496]
184,[-91.75592]
185,[-87.8129]
186,[298.98508]
187,[-100.936615]
188,[-87.33867]
189,[-53.15326]
190,[-56.08008]
191,[-92.26695]
192,[-66.42552]
193,[-115.99716]
194,[-90.63277]
195,[-57.18927]
196,[-101.21927]
197,[-115.98711]
198,[-90.02397]
199,[-115.99451]
200,[-107.79237]
201,[-115.835144]
202,[-115.932434]
203,[-115.93184]
204,[-115.98094]
205,[-100.4081]
206,[-78.66702]
207,[-103.27112]
208,[-96.87659]
209,[-107.32562]
210,[-70.64809]
211,[-79.60881]
212,[-72.74266]
213,[-115.99431]
214,[-96.47896]
215,[-83.75427]
216,[-102.88461]
217,[-59.595016]
218,[-106.52719]
219,[-37.201065]
220,[-101.59192]
221,[-106.645386]
222,[-58.475098]
223,[-56.150833]
224,[-102.34973]
225,[-113.66521]
226,[-115.95732]
227,[-99.32144]
228,[-70.82666]
229,[-90.49103]
230,[-99.15428]
231,[-91.37396]
232,[-30.156845]
233,[-112.186066]
234,[-97.16063]
235,[-105.37007]
236,[-83.476166]
237,[-105.64465]
238,[-29.113647]
239,[-81.420425]
240,[-112.757675]
241,[-115.99225]
242,[-82.46132]
243,[-52.762436]
244,[-110.84187]
245,[-115.55707]
246,[-58.452972]
247,[-104.38049]
248,[-101.95845]
249,[-91.135574]
250,[-115.98016]
251,[-115.975784]
252,[-102.04634]
253,[-114.30313]
254,[-115.99225]
255,[-109.149475]
256,[-108.85831]
257,[-115.943695]
258,[-69.94145]
259,[-51.516266]
260,[-95.30499]
261,[-115.99713]
262,[-111.92441]
263,[-112.562546]
264,[-106.088455]
265,[-51.378525]
266,[-69.7424]
267,[-64.09914]
268,[3.1478424]
269,[-58.637436]
270,[-115.978836]
271,[-99.967834]
272,[-89.630325]
273,[-115.15674]
274,[-105.953705]
275,[-114.468994]
276,[-99.0647]
277,[-109.41052]
278,[-112.516235]
279,[-115.3452]
280,[124.1976]
281,[-94.518555]
282,[-97.57468]
283,[-112.41708]
284,[-57.93785]
285,[-96.784744]
286,[-112.465485]
287,[-61.367554]
288,[-66.01044]
289,[-99.56029]
290,[-115.15077]
291,[-115.98126]
292,[-73.817825]
293,[-115.32956]
294,[-95.83838]
295,[-100.85576]
296,[-99.89404]
297,[-113.89488]
298,[-115.22456]
299,[-95.13086]
300,[-48.946182]
301,[-83.0206]
302,[-47.9028]
303,[-115.33217]
304,[-96.43799]
305,[-95.77501]
306,[-53.994736]
307,[-115.879715]
308,[-115.20741]
309,[-109.884964]
310,[-49.65326]
311,[-81.648224]
312,[-73.25293]
313,[-46.78511]
314,[-113.701645]
315,[-108.90376]
316,[-101.64003]
317,[-97.58475]
318,[-46.91974]
319,[-78.449265]
320,[-96.74133]
321,[-101.30286]
322,[-59.119217]
323,[-77.11362]
324,[-53.59323]
325,[-102.321365]
326,[-93.810715]
327,[-113.36066]
328,[-115.975784]
329,[-115.99573]
330,[-94.178955]
331,[-48.228943]
332,[-111.73419]
333,[-62.13347]
334,[-99.21333]
335,[-114.785355]
336,[-90.19084]
337,[-55.567]
338,[-112.31058]
339,[-45.005234]
340,[-82.25197]
341,[-91.87868]
342,[-107.43404]
343,[-104.32315]
344,[-86.09303]
345,[-77.80707]
346,[-108.83757]
347,[-113.461044]
348,[-34.351974]
349,[-115.96805]
350,[-23.456177]
351,[-115.882614]
352,[-107.89224]
353,[-82.60791]
354,[-95.296005]
355,[-49.7527]
356,[-109.32649]
357,[-90.62584]
358,[-39.912354]
359,[-92.65022]
360,[-85.95451]
361,[-111.72063]
362,[-110.49437]
363,[-93.608795]
364,[-110.78708]
365,[-113.46301]
366,[-18.09877]
367,[-108.99953]
368,[-115.97633]
369,[-115.074646]
370,[-113.75165]
371,[-115.19655]
372,[-104.99773]
373,[-107.4671]
374,[-115.84305]
375,[-102.046234]
376,[-76.233444]
377,[-110.152435]
378,[-114.27283]
379,[-90.3604]
380,[-109.09726]
381,[-115.995026]
382,[-100.70662]
383,[-92.34114]
384,[-85.13292]
385,[-59.486786]
386,[-108.56761]
387,[-87.88307]
388,[-60.62224]
389,[-51.347305]
390,[-89.68428]
391,[-115.98651]
392,[-114.275024]
393,[-113.96915]
394,[-102.366745]
395,[-94.03026]
396,[-115.9756]
397,[-94.29364]
398,[-90.91399]
399,[-112.858154]
400,[-115.98839]
401,[-69.07379]
402,[-115.980576]
403,[12.366196]
404,[107.92857]
405,[-102.72894]
406,[-103.40613]
407,[-91.1496]
408,[-87.85933]
409,[-115.992355]
410,[-105.656784]
411,[-84.00105]
412,[-113.47252]
413,[-114.767365]
414,[-111.622696]
415,[-115.9756]
416,[-65.91272]
417,[-115.99431]
418,[-80.03635]
419,[-73.27637]
420,[-11.361282]
421,[-110.4153]
422,[-70.88359]
423,[-109.60782]
424,[-115.97569]
425,[-94.40173]
426,[-67.43666]
427,[-111.01097]
428,[-115.99388]
429,[-41.41954]
430,[-112.1384]
431,[-113.47145]
432,[-91.61217]
433,[-77.32718]
434,[-88.77225]
435,[-110.02425]
436,[-106.29166]
437,[-114.806595]
438,[-107.70595]
439,[-104.22528]
440,[-86.54155]
441,[-97.72447]
442,[-115.977936]
443,[-115.9756]
444,[-95.907196]
445,[-100.38434]
446,[-96.1611]
447,[-41.05185]
448,[-115.87262]
449,[-99.54631]
450,[-113.21481]
451,[-81.25911]
452,[-84.881256]
453,[-67.04555]
454,[-115.97615]
455,[-115.99713]
456,[-113.16272]
457,[-30.045197]
458,[-83.9469]
459,[162.05272]
460,[-114.880875]
461,[-101.81209]
462,[-64.74855]
463,[-115.91164]
464,[-103.58806]
465,[-93.81279]
466,[-115.9756]
467,[6.4832764]
468,[-33.19284]
469,[-105.62062]
470,[-111.68271]
471,[-53.56906]
472,[-108.24176]
473,[-22.217697]
474,[-99.69031]
475,[-115.99092]
476,[17.274918]
477,[-113.70575]
478,[-114.87761]
479,[-108.88435]
480,[-115.976364]
481,[-115.97577]
482,[-93.569336]
483,[-112.98291]
484,[-115.9875]
485,[-115.99928]
486,[-113.77466]
487,[-115.34033]
488,[-39.66249]
489,[-40.892303]
490,[-115.99437]
491,[-85.048294]
492,[-74.59296]
493,[-115.95003]
494,[-113.16341]
495,[-105.33209]
496,[-109.785324]
497,[-107.6077]
498,[-94.13406]
499,[-97.90825]
500,[-115.9783]
501,[-42.68109]
502,[-54.10678]
503,[-1.1935577]
504,[-115.97601]
505,[-98.17752]
506,[-78.70538]
507,[-81.90056]
508,[-115.38107]
509,[-95.313675]
510,[-115.67407]
511,[-82.38754]
512,[-66.04202]
513,[-55.359894]
514,[-115.998856]
515,[-66.01863]
516,[-80.68396]
517,[-62.803757]
518,[-115.97653]
519,[-108.26651]
520,[-81.62689]
521,[-115.312836]
522,[-115.6445]
523,[-111.940414]
524,[-42.27124]
525,[-30.380615]
526,[-111.670685]
527,[-49.79805]
528,[-33.99405]
529,[60.628433]
530,[-115.99713]
531,[-111.305084]
532,[-78.63693]
533,[-85.30025]
534,[-60.04509]
535,[-89.185974]
536,[-115.936844]
537,[-115.958984]
538,[-102.15758]
539,[-115.96422]
540,[-115.99225]
541,[-105.205414]
542,[-98.44969]
543,[-95.05849]
544,[-115.90735]
545,[-109.68602]
546,[-73.947876]
547,[-71.54176]
548,[-80.05975]
549,[-90.791]
550,[-97.483246]
551,[-115.98772]
552,[-115.99451]
553,[-115.90471]
554,[-69.885056]
555,[-81.10248]
556,[-113.94365]
557,[-56.780365]
558,[-115.99713]
559,[-87.59238]
560,[-78.54639]
561,[-115.97885]
562,[-103.889984]
563,[-115.84459]
564,[-73.98198]
565,[-94.71118]
566,[-115.99928]
567,[-115.86795]
568,[-91.92047]
569,[-103.60057]
570,[-70.36789]
571,[-75.42326]
572,[-115.97633]
573,[-59.353912]
574,[-63.235794]
575,[-115.975876]
576,[-47.920288]
577,[-71.81175]
578,[-115.99362]
579,[-115.9778]
580,[-96.04866]
581,[-67.84715]
582,[-115.86496]
583,[-69.24748]
584,[-100.8907]
585,[-107.64725]
586,[-72.308975]
587,[-89.40657]
588,[-110.32118]
589,[-42.703598]
590,[-87.985016]
591,[-53.212982]
592,[-114.785675]
593,[-85.68388]
594,[-109.2639]
595,[-115.996445]
596,[-88.04431]
597,[-66.722305]
598,[-91.688995]
599,[-115.9756]
600,[-77.84949]
601,[-92.26129]
602,[-92.28377]
603,[-111.288956]
604,[-105.23114]
605,[-115.997925]
606,[-107.78319]
607,[-115.97952]
608,[-76.57094]
609,[-80.814835]
610,[-112.78815]
611,[-115.97577]
612,[-115.871]
613,[240.72342]
614,[-106.70717]
615,[-115.98712]
616,[-115.99805]
617,[-97.506226]
618,[-84.204056]
619,[-63.441895]
620,[-69.436005]
621,[-87.00729]
622,[-115.97615]
623,[-101.01213]
624,[-97.791595]
625,[-112.492966]
626,[-107.32045]
627,[-77.28334]
628,[-96.93593]
629,[-70.01178]
630,[-114.096664]
631,[-78.38486]
632,[-112.611664]
633,[-114.13051]
634,[-115.913864]
635,[-110.328094]
636,[-90.91025]
637,[-73.982864]
638,[-57.39157]
639,[-96.23465]
640,[-106.7791]
641,[-52.588104]
642,[-106.91458]
643,[-79.82881]
644,[-113.21001]
645,[-115.98894]
646,[-115.81935]
647,[-63.87117]
648,[-64.07262]
649,[-109.807846]
650,[-96.07349]
651,[-93.40312]
652,[-114.20943]
653,[-75.92256]
654,[-115.95479]
655,[-83.257355]
656,[-115.99713]
657,[-115.97615]
658,[-83.10849]
659,[-68.15086]
660,[-89.2466]
661,[-108.572754]
662,[-47.927048]
663,[-92.72133]
664,[-83.32999]
665,[-115.98961]
666,[-109.75462]
667,[-20.177246]
668,[-95.15756]
669,[-115.94978]
670,[-98.48489]
671,[-20.238358]
672,[-73.13225]
673,[-109.5574]
674,[-29.341751]
675,[-85.3598]
676,[57.75232]
677,[-115.99785]
678,[-66.53482]
679,[-111.04794]
680,[-115.988525]
681,[-115.99716]
682,[-33.049026]
683,[-76.49039]
684,[-95.12126]
685,[-94.0789]
686,[-104.947845]
687,[-115.98982]
688,[-115.97633]
689,[-115.95871]
690,[-99.17206]
691,[-109.39531]
692,[-115.916855]
693,[-110.1219]
694,[-96.143326]
695,[-95.77417]
696,[-114.77382]
697,[-88.93848]
698,[-57.23294]
699,[-83.967255]
700,[-74.375015]
701,[-81.12433]
702,[-101.77052]
703,[-95.357605]
704,[-75.02998]
705,[-89.75017]
706,[-99.824936]
707,[-102.10664]
708,[-77.441666]
709,[-115.872375]
710,[-115.97615]
711,[-89.501526]
712,[-103.05832]
713,[-104.799545]
714,[-115.99724]
715,[-115.99025]
716,[-115.97601]
717,[-115.975784]
718,[-105.228546]
719,[-115.99643]
720,[-114.855896]
721,[-115.355865]
722,[-102.50456]
723,[-45.417847]
724,[-115.95256]
725,[-108.589066]
726,[-82.29184]
727,[-67.19087]
728,[-115.97916]
729,[-48.864456]
730,[-61.479492]
731,[-115.97577]
732,[-62.498856]
733,[-105.933304]
734,[-100.1302]
735,[-88.21762]
736,[-91.62486]
737,[-115.9774]
738,[17.751724]
739,[-97.236465]
740,[-101.23523]
741,[-65.95694]
742,[-16.859558]
743,[-115.99364]
744,[-115.99643]
745,[-96.87648]
746,[12.556976]
747,[-93.26796]
748,[-98.22325]
749,[-115.98328]
750,[-115.99716]
751,[-107.15294]
752,[-72.23753]
753,[-98.04486]
754,[-106.63995]
755,[-115.77757]
756,[-115.88904]
757,[-102.68292]
758,[-106.389755]
759,[-115.67984]
760,[-83.04614]
761,[57.756256]
762,[-43.64218]
763,[-115.85516]
764,[-115.97615]
765,[-115.97963]
766,[-87.02806]
767,[-115.905365]
768,[-87.88907]
769,[-39.349045]
770,[-115.99451]
771,[-99.641556]
772,[-115.59544]
773,[-113.703415]
774,[-68.81366]
775,[-58.374863]
776,[-92.14223]
777,[-101.40062]
778,[-110.75545]
779,[-103.11783]
780,[-106.40248]
781,[-109.75665]
782,[-109.18436]
783,[-99.89586]
784,[-115.839035]
785,[-43.041107]
786,[-60.166885]
787,[-115.9989]
788,[-115.97885]
789,[-115.0535]
790,[499.23413]
791,[-51.684174]
792,[-107.84816]
793,[-111.83188]
794,[-115.97589]
795,[-115.21956]
796,[-86.428406]
797,[-109.66844]
798,[-72.75227]
799,[-71.840256]
800,[-94.949615]
801,[16.819397]
802,[-95.640945]
803,[-115.98595]
804,[-99.08032]
805,[-115.96692]
806,[-115.99716]
807,[-103.89043]
808,[-69.43463]
809,[-37.30237]
810,[-72.355286]
811,[-72.64429]
812,[-52.848053]
813,[-115.99716]
814,[-86.16818]
815,[-115.99713]
816,[-107.31322]
817,[-106.43901]
818,[-115.97652]
819,[-104.09558]
820,[-113.655304]
821,[-56.487152]
822,[-115.99431]
823,[-100.67006]
824,[55.06192]
825,[-9.330582]
826,[-82.80383]
827,[-88.33011]
828,[-60.227417]
829,[-74.09398]
830,[-51.510117]
831,[-92.86186]
832,[-91.119354]
833,[-112.538055]
834,[-26.204102]
835,[-73.132]
836,[-89.5323]
837,[-80.5294]
838,[-115.97569]
839,[-115.942]
840,[-97.185196]
841,[-115.91507]
842,[-87.87125]
843,[-114.222534]
844,[-91.93442]
845,[-115.88399]
846,[-112.94017]
847,[-115.99655]
848,[-105.13986]
849,[-78.3237]
850,[-115.3369]
851,[-115.9756]
852,[196.79744]
853,[-115.26637]
854,[-112.73543]
855,[-115.978806]
856,[-26.826172]
857,[-111.300064]
858,[-105.2139]
859,[-114.112595]
860,[-115.82416]
861,[-115.88185]
862,[-115.9756]
863,[-115.99716]
864,[-115.99724]
865,[-107.49179]
866,[-82.43782]
867,[-49.76172]
868,[-115.97632]
869,[-96.89249]
870,[-75.493286]
871,[-67.00873]
872,[-111.58122]
873,[-98.738266]
874,[-107.69983]
875,[-60.83705]
876,[-109.29355]
877,[-98.10722]
878,[-100.87149]
879,[-49.899796]
880,[-98.43492]
881,[-82.67862]
882,[-52.414597]
883,[-113.08191]
884,[-103.85112]
885,[-115.998566]
886,[-41.958923]
887,[-96.63161]
888,[-106.80147]
889,[-85.90268]
890,[-115.067566]
891,[-67.4742]
892,[-92.64723]
893,[-95.653046]
894,[-115.923416]
895,[-114.39859]
896,[-109.89842]
897,[-101.41121]
898,[-107.21893]
899,[-102.54378]
900,[-115.97615]
901,[-99.91466]
902,[-67.95058]
903,[-112.00917]
904,[-104.181946]
905,[-112.07085]
906,[-115.194336]
907,[-69.81412]
908,[-85.30817]
909,[-108.07921]
910,[-115.99754]
911,[-76.23653]
912,[-94.917114]
913,[-111.32651]
914,[-69.22058]
915,[-91.76605]
916,[-88.66962]
917,[-108.352234]
918,[-63.454346]
919,[-115.97673]
920,[-107.5417]
921,[-83.89783]
922,[-104.92976]
923,[-94.58212]
924,[-109.40672]
925,[-107.045074]
926,[-103.66342]
927,[-96.49977]
928,[-115.98651]
929,[-78.791626]
930,[-47.954727]
931,[-57.840103]
932,[-111.79318]
933,[-90.98004]
934,[-113.383224]
935,[-115.912735]
936,[-93.272]
937,[-24.000565]
938,[-115.88435]
939,[-115.94594]
940,[-115.99158]
941,[-63.15294]
942,[-62.267303]
943,[-99.461624]
944,[-59.624542]
945,[-94.32185]
946,[-115.60231]
947,[-97.660034]
948,[-82.40268]
949,[-93.27104]
950,[-63.055496]
951,[-107.048645]
952,[-112.439835]
953,[-82.331924]
954,[-113.73222]
955,[-92.66635]
956,[78.99286]
957,[-62.540375]
958,[-109.607025]
959,[-41.162796]
960,[-112.10744]
961,[-109.91429]
962,[-97.04726]
963,[-115.01875]
964,[-100.79405]
965,[-115.97333]
966,[-115.32007]
967,[-107.28163]
968,[-115.668365]
969,[-115.823975]
970,[-73.767044]
971,[-107.894394]
972,[-108.78035]
973,[-107.2867]
974,[-115.995026]
975,[-115.9756]
976,[-91.53546]
977,[-92.975204]
978,[-92.592224]
979,[-106.02986]
980,[-112.22359]
981,[-46.722992]
982,[-103.90932]
983,[-36.43666]
984,[-115.9774]
985,[-95.52664]
986,[-79.55719]
987,[-92.54791]
988,[-79.124954]
989,[-76.89134]
990,[-110.68117]
991,[-102.98804]
992,[-115.99571]
993,[-49.422882]
994,[-115.98711]
995,[-74.65277]
996,[-74.5643]
997,[-107.81668]
998,[-115.98537]
999,[-99.42323]
1000,[-111.395676]
1001,[-97.16142]
1002,[-115.83478]
1003,[-80.2449]
1004,[-113.29167]
1005,[-102.24957]
1006,[-95.85039]
1007,[-91.73561]
1008,[-71.375305]
1009,[-85.765335]
1010,[-115.945145]
1011,[-92.01758]
1012,[-91.327225]
1013,[-114.72362]
1014,[-115.87979]
1015,[-110.02467]
1016,[-94.93866]
1017,[-115.98959]
1018,[-83.61406]
1019,[-115.669785]
1020,[-115.99716]
1021,[-55.16722]
1022,[-115.99713]
1023,[-66.06511]
1024,[-114.680466]
1025,[-108.49559]
1026,[-115.9881]
1027,[-94.91058]
1028,[-115.97865]
1029,[-71.79431]
1030,[-63.352676]
1031,[-115.944824]
1032,[-95.06743]
1033,[-103.55109]
1034,[-112.90584]
1035,[-107.5477]
1036,[-115.6971]
1037,[-115.93089]
1038,[-87.8461]
1039,[-0.26065063]
1040,[-85.94827]
1041,[-44.87291]
1042,[-115.88661]
1043,[-112.911896]
1044,[-92.16275]
1045,[-115.94124]
1046,[-45.99852]
1047,[-115.99713]
1048,[-81.700165]
1049,[-115.96559]
1050,[-115.892044]
1051,[-99.1447]
1052,[-78.74495]
1053,[-115.996445]
1054,[-114.70398]
1055,[-112.43234]
1056,[-99.39891]
1057,[-115.977646]
1058,[-100.46904]
1059,[-115.99501]
1060,[-105.94331]
1061,[-89.23071]
1062,[-44.6187]
1063,[-70.35655]
1064,[-114.5211]
1065,[-112.578674]
1066,[-96.94336]
1067,[-115.51701]
1068,[-22.95839]
1069,[-105.76062]
1070,[-94.100555]
1071,[-110.65491]
1072,[-115.95906]
1073,[-96.03342]
1074,[-78.927246]
1075,[-103.83685]
1076,[-115.92067]
1077,[-103.55972]
1078,[-36.552505]
1079,[-100.23479]
1080,[-37.366394]
1081,[-61.637466]
1082,[104.65613]
1083,[-1.0816956]
1084,[14.651093]
1085,[-115.99263]
1086,[-72.65625]
1087,[-101.87866]
1088,[-115.984634]
1089,[-55.508987]
1090,[-98.63139]
1091,[-91.58522]
1092,[-115.99133]
1093,[-84.79053]
1094,[-111.98367]
1095,[-37.34659]
1096,[-84.893326]
1097,[-9.014603]
1098,[-109.32915]
1099,[-98.79318]
1100,[-84.056076]
1101,[-96.57127]
1102,[-115.9801]
1103,[-114.34903]
1104,[-76.18309]
1105,[-115.906006]
1106,[-87.11702]
1107,[-110.54628]
1108,[-115.96088]
1109,[-115.99158]
1110,[-81.48105]
1111,[-68.07333]
1112,[-114.38902]
1113,[-93.61789]
1114,[-97.44212]
1115,[-89.912125]
1116,[-115.99556]
1117,[-98.385376]
1118,[-8.174606]
1119,[-94.85829]
1120,[-111.975464]
1121,[-88.631805]
1122,[-97.736404]
1123,[-96.77702]
1124,[-88.15152]
1125,[-115.975586]
1126,[-113.5249]
1127,[-79.09505]
1128,[-115.99722]
1129,[107.09909]
1130,[-115.97569]
1131,[-87.360565]
1132,[-61.14409]
1133,[-115.98961]
1134,[221.64877]
1135,[-96.30922]
1136,[-114.03116]
1137,[-113.0544]
1138,[-71.23953]
1139,[-56.733734]
1140,[-99.17293]
1141,[-110.045334]
1142,[-63.657547]
1143,[-115.986374]
1144,[15.01532]
1145,[-99.104935]
1146,[-115.95207]
1147,[-115.9756]
1148,[-71.703354]
1149,[-115.15674]
1150,[-115.90831]
1151,[-114.61218]
1152,[-113.069855]
1153,[-112.96152]
1154,[-112.797134]
1155,[-95.59395]
1156,[-115.89427]
1157,[-113.84793]
1158,[-102.38037]
1159,[-115.98721]
1160,[-98.551346]
1161,[-88.54271]
1162,[-80.31059]
1163,[-115.92215]
1164,[-115.97713]
1165,[-115.99225]
1166,[-95.91205]
1167,[-87.91612]
1168,[-80.237]
1169,[-115.99716]
1170,[-65.34076]
1171,[-115.70859]
1172,[-83.25192]
1173,[155.23375]
1174,[-45.235947]
1175,[-75.03606]
1176,[-106.028366]
1177,[-31.832382]
1178,[-112.24129]
1179,[-115.99226]
1180,[-71.809906]
1181,[-92.34477]
1182,[-111.64424]
1183,[-109.9344]
1184,[-63.54564]
1185,[-115.88977]
1186,[-104.03702]
1187,[-115.93747]
1188,[-96.07161]
1189,[-115.97409]
1190,[-93.49153]
1191,[-115.95261]
1192,[-90.37637]
1193,[-61.203262]
1194,[-115.98427]
1195,[-103.08534]
1196,[-81.70233]
1197,[28.516235]
1198,[-83.30727]
1199,[-115.935135]
1200,[-97.697556]
1201,[-108.7404]
1202,[-95.935684]
1203,[-9.927612]
1204,[-72.55136]
1205,[-86.12848]
1206,[-90.354355]
1207,[-106.41872]
1208,[-115.99431]
1209,[-115.99785]
1210,[-115.97635]
1211,[-107.620026]
1212,[-108.50766]
1213,[-67.87158]
1214,[-82.47861]
1215,[-77.57831]
1216,[-62.123367]
1217,[-114.15866]
1218,[-115.99928]
1219,[-110.00775]
1220,[-98.241745]
1221,[-104.89807]
1222,[-101.486206]
1223,[-81.3743]
1224,[-115.99432]
1225,[-114.26317]
1226,[-115.99364]
1227,[-115.95355]
1228,[-102.37804]
1229,[-28.099228]
1230,[-76.339554]
1231,[-109.857254]
1232,[-115.020905]
1233,[-88.71327]
1234,[-86.3853]
1235,[-59.0244]
1236,[-115.946045]
1237,[-89.29335]
1238,[-22.787796]
1239,[-97.78308]
1240,[-59.61873]
1241,[-115.75389]
1242,[-101.36516]
1243,[-81.3813]
1244,[-77.94379]
1245,[24.278229]
1246,[-109.27902]
1247,[-29.63176]
1248,[-111.707886]
1249,[-39.93976]
1250,[-71.64398]
1251,[-104.867325]
1252,[-115.97818]
1253,[-113.82936]
1254,[-82.00119]
1255,[-87.534424]
1256,[-89.88992]
1257,[-47.352722]
1258,[-105.817245]
1259,[-47.290512]
1260,[-115.99025]
1261,[-106.46916]
1262,[-32.933624]
1263,[-115.995026]
1264,[-110.84883]
1265,[-88.97162]
1266,[-62.19374]
1267,[-89.39432]
1268,[-1.5578156]
1269,[-96.72899]
1270,[-1.7192383]
1271,[-115.23137]
1272,[-93.80803]
1273,[-15.2061615]
1274,[-115.9704]
1275,[-71.617325]
1276,[-83.50914]
1277,[-100.64752]
1278,[-82.83942]
1279,[-18.190048]
1280,[-105.1138]
1281,[-113.91823]
1282,[50.53238]
1283,[-58.557877]
1284,[-102.18451]
1285,[-92.77811]
1286,[-62.768143]
1287,[-67.88974]
1288,[-69.59076]
1289,[-86.65762]
1290,[-94.819885]
1291,[-83.10692]
1292,[-85.845825]
1293,[-115.99159]
1294,[-77.03725]
1295,[-100.854675]
1296,[-34.229263]
1297,[-18.385284]
1298,[-115.99716]
1299,[-109.03265]
1300,[-70.68756]
1301,[-75.602936]
1302,[-78.05092]
1303,[-115.975876]
1304,[-99.310745]
1305,[-74.782715]
1306,[-115.975784]
1307,[-40.208572]
1308,[-90.851105]
1309,[-104.1024]
1310,[-84.74901]
1311,[-99.8129]
1312,[-115.995026]
1313,[-112.62399]
1314,[-57.779343]
1315,[-102.15729]
1316,[-96.62297]
1317,[-114.528275]
1318,[-94.6069]
1319,[-113.63779]
1320,[-113.688385]
1321,[-107.12897]
1322,[-67.65221]
1323,[-72.97046]
1324,[-115.49873]
1325,[-111.224304]
1326,[-110.241104]
1327,[-56.932617]
1328,[-86.591644]
1329,[-91.607285]
1330,[-114.94478]
1331,[-115.98712]
1332,[-115.96916]
1333,[66.43021]
1334,[-115.45705]
1335,[-105.74037]
1336,[-34.538666]
1337,[-115.99786]
1338,[-97.0641]
1339,[-77.31644]
1340,[-101.033844]
1341,[-115.98172]
1342,[-115.99199]
1343,[-93.33351]
1344,[-75.00644]
1345,[-113.36473]
1346,[-98.039474]
1347,[-72.8477]
1348,[-104.60379]
1349,[-115.975586]
1350,[-94.19919]
1351,[-99.44531]
1352,[-115.99713]
1353,[-87.350266]
1354,[-111.28204]
1355,[-70.12987]
1356,[-91.013245]
1357,[-110.826645]
1358,[-32.59169]
1359,[-115.985825]
1360,[-86.53496]
1361,[-45.454636]
1362,[-87.776184]
1363,[-108.80827]
1364,[-86.86484]
1365,[-71.77467]
1366,[-101.8826]
1367,[-47.986725]
1368,[-78.74095]
1369,[-115.97563]
1370,[-89.67102]
1371,[-88.93088]
1372,[-73.66452]
1373,[-114.27905]
1374,[-52.474014]
1375,[-115.35341]
1376,[-92.578156]
1377,[-52.666138]
1378,[-98.656296]
1379,[-102.5242]
1380,[-15.707367]
1381,[-115.97923]
1382,[-65.509766]
1383,[-50.510437]
1384,[-104.440125]
1385,[-43.75592]
1386,[-113.72522]
1387,[-115.99431]
1388,[-37.018143]
1389,[-29.153854]
1390,[-26.520767]
1391,[-89.38789]
1392,[-93.329544]
1393,[-97.287094]
1394,[-86.59883]
1395,[-91.133835]
1396,[-75.54013]
1397,[-114.90953]
1398,[-115.16026]
1399,[-115.97577]
1400,[-92.20105]
1401,[-115.975784]
1402,[-82.80951]
1403,[-31.519867]
1404,[-100.866]
1405,[-113.82654]
1406,[-115.60039]
1407,[-115.9418]
1408,[-88.4319]
1409,[-90.99501]
1410,[-48.60179]
1411,[-58.972244]
1412,[-113.522385]
1413,[-114.99582]
1414,[-115.975784]
1415,[-108.74431]
1416,[-90.78291]
1417,[-72.49278]
1418,[-66.97569]
1419,[-105.50958]
1420,[-65.05571]
1421,[-82.37419]
1422,[-83.619446]
1423,[-110.53122]
1424,[-115.99571]
1425,[-115.98888]
1426,[-115.99931]
1427,[-115.458435]
1428,[-88.82062]
1429,[-104.59682]
1430,[-115.347946]
1431,[-110.9426]
1432,[-26.395294]
1433,[-91.05289]
1434,[-54.68631]
1435,[-115.97922]
1436,[-34.081207]
1437,[-58.570312]
1438,[-108.93501]
1439,[-64.06563]
1440,[-97.32024]
1441,[-70.076126]
1442,[-115.97565]
1443,[-60.147842]
1444,[20.233643]
1445,[-111.70465]
1446,[-79.391495]
1447,[-115.98053]
1448,[-115.998566]
1449,[-100.95299]
1450,[-80.62111]
1451,[-87.06442]
1452,[-112.29024]
1453,[-115.92522]
1454,[-113.68794]
1455,[-105.80769]
1456,[-112.5271]
1457,[-84.92833]
1458,[-108.91641]
1459,[-115.99716]
1460,[-98.09628]
1461,[-56.953476]
1462,[-115.84784]
1463,[-108.74034]
1464,[-65.11792]
1465,[-97.92848]
1466,[-72.95378]
1467,[-46.48761]
1468,[-92.5741]
1469,[-94.718414]
1470,[-108.916534]
1471,[-108.25841]
1472,[-101.269196]
1473,[-115.97896]
1474,[-101.468185]
1475,[-99.51425]
1476,[-112.45172]
1477,[-115.984634]
1478,[-115.66106]
1479,[-113.20639]
1480,[-99.939575]
1481,[-115.99722]
1482,[-92.67882]
1483,[-91.12143]
1484,[-94.754166]
1485,[-115.245514]
1486,[-53.89612]
1487,[-102.30138]
1488,[-115.95261]
1489,[-92.03305]
1490,[-45.329086]
1491,[-89.868225]
1492,[-99.39505]
1493,[-109.37486]
1494,[-115.9411]
1495,[-115.99805]
1496,[-115.99722]
1497,[-115.95708]
1498,[-89.439285]
1499,[-43.288666]
1500,[-83.91983]
1501,[-110.762955]
1502,[-71.24414]
1503,[-93.77043]
1504,[-115.95761]
1505,[-86.637665]
1506,[-113.420654]
1507,[-107.552216]
1508,[-115.98834]
1509,[61.96965]
1510,[-102.48717]
1511,[-115.20586]
1512,[-71.23082]
1513,[-115.998566]
1514,[-108.880005]
1515,[-105.9651]
1516,[-97.8788]
1517,[-71.8932]
1518,[-115.98645]
1519,[-112.66228]
1520,[-115.97682]
1521,[-104.713974]
1522,[-52.954178]
1523,[-89.794815]
1524,[-104.50581]
1525,[-13.419373]
1526,[-73.24985]
1527,[26.215225]
1528,[-105.4137]
1529,[-91.20532]
1530,[-115.93007]
1531,[-10.738998]
1532,[-108.49907]
1533,[-114.04901]
1534,[-89.10065]
1535,[-115.96733]
1536,[-114.81323]
1537,[-107.924805]
1538,[-113.01898]
1539,[-74.03163]
1540,[-82.15544]
1541,[-93.727005]
1542,[-36.089584]
1543,[-115.975586]
1544,[-111.72682]
1545,[-98.03131]
1546,[-74.00754]
1547,[-68.52873]
1548,[-115.92197]
1549,[-114.68637]
1550,[-102.38536]
1551,[281.4788]
1552,[-105.81894]
1553,[-115.995026]
1554,[233.23563]
1555,[-25.213043]
1556,[-115.99713]
1557,[-115.97638]
1558,[-115.97652]
1559,[-113.639465]
1560,[-101.592545]
1561,[-107.03929]
1562,[-70.28664]
1563,[-7.48909]
1564,[-78.30086]
1565,[-100.24344]
1566,[-2.5752563]
1567,[-113.364975]
1568,[-110.22015]
1569,[-115.99431]
1570,[-58.194946]
1571,[-73.46985]
1572,[-115.433624]
1573,[-58.32422]
1574,[-102.27939]
1575,[-92.670685]
1576,[-42.297195]
1577,[-115.9756]
1578,[-85.05354]
1579,[-115.99457]
1580,[-103.412155]
1581,[-77.789505]
1582,[-105.41379]
1583,[-115.975784]
1584,[-115.98602]
1585,[-113.77988]
1586,[-89.59633]
1587,[-74.091064]
1588,[-62.762344]
1589,[-96.38635]
1590,[-115.98248]
1591,[-114.97955]
1592,[-93.20891]
1593,[-113.98596]
1594,[-99.113785]
1595,[-84.11337]
1596,[-14.080185]
1597,[-106.918915]
1598,[-72.68028]
1599,[-59.09291]
1600,[-115.99243]
1601,[-112.11879]
1602,[-111.26512]
1603,[-112.664246]
1604,[-107.90433]
1605,[-115.09859]
1606,[-106.1707]
1607,[-115.89755]
1608,[-101.35669]
1609,[-112.030655]
1610,[-101.257385]
1611,[-114.91551]
1612,[-114.338455]
1613,[-112.61943]
1614,[-84.080246]
1615,[-105.954666]
1616,[-73.860245]
1617,[-15.639664]
1618,[-111.70941]
1619,[-53.998596]
1620,[-108.391495]
1621,[-72.92839]
1622,[-68.24654]
1623,[-96.59413]
1624,[-75.5246]
1625,[-115.99742]
1626,[-60.700714]
1627,[-113.69267]
1628,[-113.36072]
1629,[-35.328873]
1630,[-115.97577]
1631,[-106.190735]
1632,[-104.00729]
1633,[-115.97569]
1634,[-83.64902]
1635,[-115.9756]
1636,[-110.20006]
1637,[-115.99501]
1638,[-106.90086]
1639,[-57.52173]
1640,[-94.13382]
1641,[141.17546]
1642,[-92.84445]
1643,[-110.56596]
1644,[-92.38338]
1645,[-86.14171]
1646,[-89.43747]
1647,[-72.905975]
1648,[-1.7778473]
1649,[-102.28174]
1650,[-105.235565]
1651,[-86.4281]
1652,[-74.99167]
1653,[-100.462326]
1654,[-112.10222]
1655,[-77.54938]
1656,[-115.99457]
1657,[-88.14552]
1658,[-115.97664]
1659,[-84.028015]
1660,[-97.900665]
1661,[-94.05403]
1662,[-115.201416]
1663,[-89.994156]
1664,[-48.227585]
1665,[-113.29643]
1666,[-108.61725]
1667,[-115.99159]
1668,[-115.8015]
1669,[-59.900284]
1670,[-101.30382]
1671,[-115.72745]
1672,[-92.9297]
1673,[-88.75659]
1674,[-115.97615]
1675,[-108.77092]
1676,[-113.64606]
1677,[-84.21202]
1678,[-93.36058]
1679,[-42.68573]
1680,[-99.51636]
1681,[-103.02727]
1682,[-90.49516]
1683,[-105.16873]
1684,[-21.19609]
1685,[-105.80226]
1686,[-94.23399]
1687,[-102.3595]
1688,[-110.69519]
1689,[-115.92192]
1690,[-95.16304]
1691,[-72.00209]
1692,[-87.24365]
1693,[-109.88463]
1694,[-115.97836]
1695,[-114.5513]
1696,[-98.66165]
1697,[-106.229034]
1698,[-115.98276]
1699,[-62.972122]
1700,[-108.33168]
1701,[-70.70946]
1702,[-115.90593]
1703,[-65.17111]
1704,[-95.38429]
1705,[-115.98758]
1706,[-75.43901]
1707,[-90.23172]
1708,[-73.80197]
1709,[-62.340134]
1710,[-95.81433]
1711,[12.800674]
1712,[-115.9756]
1713,[-105.991974]
1714,[-65.79294]
1715,[-94.64853]
1716,[-108.040054]
1717,[-111.679886]
1718,[-114.19873]
1719,[-115.88469]
1720,[-115.97748]
1721,[-115.90823]
1722,[-101.1425]
1723,[-51.63742]
1724,[-83.568344]
1725,[-114.54097]
1726,[-105.40413]
1727,[-110.823166]
1728,[62.74823]
1729,[-54.78154]
1730,[-96.70863]
1731,[-71.787704]
1732,[-108.57475]
1733,[-17.96196]
1734,[-106.956436]
1735,[-104.076706]
1736,[-104.517426]
1737,[-115.99716]
1738,[-110.46016]
1739,[275.4409]
1740,[-114.46011]
1741,[-115.995026]
1742,[-82.548065]
1743,[-114.716446]
1744,[-96.102585]
1745,[-115.97569]
1746,[-53.053253]
1747,[-60.745728]
1748,[-104.41254]
1749,[-88.9762]
1750,[-76.6396]
1751,[-68.26732]
1752,[-104.59955]
1753,[-115.96936]
1754,[-86.50862]
1755,[-115.905365]
1756,[-107.386185]
1757,[-98.77501]
1758,[-37.901337]
1759,[-80.43581]
1760,[-110.59398]
1761,[-89.757675]
1762,[68.49234]
1763,[-75.37712]
1764,[-112.59636]
1765,[49.00534]
1766,[-115.21881]
1767,[-115.99226]
1768,[-115.90964]
1769,[-111.60802]
1770,[-114.71149]
1771,[-115.963776]
1772,[-115.92822]
1773,[-69.19913]
1774,[-110.543976]
1775,[-71.328]
1776,[-19.96437]
1777,[-37.626434]
1778,[-69.62245]
1779,[-115.957306]
1780,[-109.14693]
1781,[-77.582016]
1782,[-95.888916]
1783,[-52.81871]
1784,[-54.64624]
1785,[-56.58513]
1786,[-85.04895]
1787,[-93.66559]
1788,[-115.91351]
1789,[-108.72293]
1790,[-115.194336]
1791,[-44.95018]
1792,[-89.8358]
1793,[-115.93817]
1794,[-33.07985]
1795,[-111.67134]
1796,[-115.66977]
1797,[-115.94142]
1798,[-115.99716]
1799,[-115.92378]
1800,[-112.59717]
1801,[-115.31056]
1802,[-39.933685]
1803,[-8.5784]
1804,[-33.48578]
1805,[-97.35748]
1806,[-113.28032]
1807,[-68.59366]
1808,[-29.159302]
1809,[-114.0513]
1810,[-67.61282]
1811,[-115.9756]
1812,[-57.519867]
1813,[-88.07744]
1814,[-115.77139]
1815,[-100.]
1816,[-105.810776]
1817,[-115.99226]
1818,[-57.901245]
1819,[-103.30823]
1820,[-113.75214]
1821,[-112.65588]
1822,[-102.48634]
1823,[-88.916275]
1824,[-115.975586]
1825,[-113.85646]
1826,[-106.83687]
1827,[-115.66144]
1828,[-111.16759]
1829,[-88.92789]
1830,[-103.78523]
1831,[-72.213715]
1832,[-114.98192]
1833,[-115.97751]
1834,[-103.87981]
1835,[-82.387024]
1836,[-114.40373]
1837,[-111.96144]
1838,[-111.21585]
1839,[-115.995865]
1840,[-110.48979]
1841,[-115.924194]
1842,[-39.984985]
1843,[-100.17795]
1844,[-109.59494]
1845,[-104.90309]
1846,[-115.98346]
1847,[-86.26538]
1848,[-20.445694]
1849,[-98.37488]
1850,[-112.57295]
1851,[-24.44609]
1852,[-67.913376]
1853,[-26.642853]
1854,[-110.953064]
1855,[-81.850845]
1856,[-100.62456]
1857,[-115.98483]
1858,[-99.34155]
1859,[-113.03284]
1860,[112.79787]
1861,[-115.97633]
1862,[-76.29274]
1863,[-115.98016]
1864,[-38.322693]
1865,[-42.493988]
1866,[-47.132248]
1867,[-95.84796]
1868,[-37.427902]
1869,[-110.71362]
1870,[-17.848297]
1871,[-34.04454]
1872,[-105.11842]
1873,[-90.744675]
1874,[-115.99225]
1875,[-111.02118]
1876,[-101.77655]
1877,[-115.99863]
1878,[-93.20529]
1879,[-115.975876]
1880,[-115.90689]
1881,[-89.94911]
1882,[-90.47174]
1883,[-113.750916]
1884,[-115.999725]
1885,[-62.242508]
1886,[-111.08249]
1887,[-108.4581]
1888,[-64.18205]
1889,[-115.48349]
1890,[-110.60652]
1891,[-115.99713]
1892,[-95.59262]
1893,[-105.6436]
1894,[-73.835175]
1895,[-97.76338]
1896,[-115.89029]
1897,[-114.39053]
1898,[-56.295547]
1899,[-69.33087]
1900,[-113.733795]
1901,[-5.936432]
1902,[-101.48926]
1903,[-101.42502]
1904,[-96.87459]
1905,[-109.49617]
1906,[20.682861]
1907,[-113.79077]
1908,[-86.15779]
1909,[-115.997406]
1910,[-101.181595]
1911,[-115.98639]
1912,[-115.975784]
1913,[-97.63562]
1914,[-114.55095]
1915,[-85.71898]
1916,[-88.05144]
1917,[-115.987564]
1918,[-84.89995]
1919,[-95.41875]
1920,[-81.68863]
1921,[-115.99724]
1922,[-115.9756]
1923,[-105.838104]
1924,[-114.87952]
1925,[-107.11659]
1926,[-94.73326]
1927,[-106.70407]
1928,[-70.19319]
1929,[-115.93875]
1930,[-102.566666]
1931,[-115.92464]
1932,[-115.88475]
1933,[-115.92549]
1934,[-115.646194]
1935,[-59.561752]
1936,[-115.22778]
1937,[-0.52519226]
1938,[-87.85504]
1939,[-115.992065]
1940,[-88.99823]
1941,[-115.98711]
1942,[-104.052505]
1943,[-106.7668]
1944,[-68.64311]
1945,[-108.08029]
1946,[-96.88344]
1947,[-102.98564]
1948,[-115.32962]
1949,[-112.12616]
1950,[-113.07956]
1951,[-92.61835]
1952,[-87.1452]
1953,[-99.83206]
1954,[-96.96593]
1955,[-115.97565]
1956,[-40.836456]
1957,[-59.011917]
1958,[-100.81886]
1959,[-30.434845]
1960,[-95.51849]
1961,[-100.881546]
1962,[67.058014]
1963,[-109.07024]
1964,[-111.481766]
1965,[0.6765137]
1966,[-115.926926]
1967,[-95.29176]
1968,[6.282608]
1969,[-71.024414]
1970,[-44.60919]
1971,[-102.20819]
1972,[-113.04309]
1973,[-108.15047]
1974,[-46.31215]
1975,[-91.24179]
1976,[-98.68413]
1977,[-111.03073]
1978,[-98.21568]
1979,[-64.087524]
1980,[-113.79193]
1981,[-30.940125]
1982,[-94.21785]
1983,[-83.41011]
1984,[-82.72032]
1985,[-115.91295]
1986,[-100.22534]
1987,[-115.51332]
1988,[-112.592545]
1989,[-102.30548]
1990,[-80.59198]
1991,[-115.98712]
1992,[-95.99634]
1993,[-63.97812]
1994,[218.66971]
1995,[-57.541107]
1996,[-111.068634]
1997,[-111.9969]
1998,[-94.23311]
1999,[-98.95007]
2000,[-84.07292]
