Episodio,Puntaje
1,[-115.98857]
2,[52.63376]
3,[16.962234]
4,[-43.491837]
5,[66.47398]
6,[-115.93709]
7,[85.22925]
8,[-115.95584]
9,[557.1902]
10,[3.519577]
11,[-91.25604]
12,[-64.143555]
13,[76.69252]
14,[2278.4194]
15,[2278.0044]
16,[-101.10571]
17,[-115.83574]
18,[-45.26677]
19,[-36.50856]
20,[2278.8872]
21,[301.83966]
22,[2277.7515]
23,[-115.929565]
24,[-113.93211]
25,[-115.95534]
26,[-90.42485]
27,[-25.828354]
28,[30.2538]
29,[-115.74751]
30,[2279.5557]
31,[163.60611]
32,[50.922134]
33,[11.838715]
34,[2276.6738]
35,[49.42044]
36,[-22.45227]
37,[744.92957]
38,[30.191772]
39,[-78.86328]
40,[-97.450714]
41,[44.3869]
42,[-97.784164]
43,[2279.9905]
44,[-106.61781]
45,[-67.71794]
46,[29.448685]
47,[66.728546]
48,[115.69287]
49,[-22.45543]
50,[-60.708557]
51,[-98.47606]
52,[40.52385]
53,[-113.489716]
54,[-51.741516]
55,[830.8654]
56,[-112.037125]
57,[-78.18672]
58,[-90.93385]
59,[-36.621857]
60,[-25.75766]
61,[-31.70375]
62,[-115.927505]
63,[58.82585]
64,[9.791061]
65,[83.00282]
66,[-103.43805]
67,[-95.45567]
68,[2278.034]
69,[109.47209]
70,[-115.91066]
71,[-105.06456]
72,[2276.8345]
73,[2278.9941]
74,[-101.89311]
75,[83.07239]
76,[-64.476]
77,[-115.95412]
78,[-93.80698]
79,[-110.17503]
80,[-107.09975]
81,[-93.93263]
82,[-102.797165]
83,[-115.88844]
84,[-111.07347]
85,[-67.352264]
86,[2278.1086]
87,[-89.55899]
88,[80.523636]
89,[-95.35004]
90,[-115.91223]
91,[-115.913864]
92,[84.333405]
93,[594.8346]
94,[-93.772934]
95,[176.36427]
96,[-49.4317]
97,[-107.143875]
98,[-115.88661]
99,[95.40614]
100,[109.18994]
101,[-5.134735]
102,[91.68918]
103,[47.328796]
104,[-50.924377]
105,[-72.50133]
106,[2279.5554]
107,[-75.27063]
108,[-70.65987]
109,[-92.07526]
110,[-56.932907]
111,[2276.7666]
112,[2277.0642]
113,[-111.56061]
114,[72.58087]
115,[111.24895]
116,[-106.93164]
117,[88.2755]
118,[-23.744797]
119,[-112.96445]
120,[-103.52234]
121,[-115.74365]
122,[95.44858]
123,[60.46147]
124,[-15.935394]
125,[2278.3975]
126,[189.78578]
127,[2278.4211]
128,[-94.33667]
129,[-115.929565]
130,[551.67395]
131,[-115.827515]
132,[62.13391]
133,[-83.19899]
134,[-61.641586]
135,[-96.86243]
136,[43.957535]
137,[2277.2146]
138,[2278.982]
139,[22.053787]
140,[-49.66693]
141,[-68.95288]
142,[-64.47975]
143,[-115.8029]
144,[156.81703]
145,[-86.40347]
146,[-105.76561]
147,[56.876495]
148,[-10.333282]
149,[15.7547]
150,[54.966736]
151,[-110.44719]
152,[-94.85405]
153,[-16.929886]
154,[-22.962082]
155,[-16.071243]
156,[-104.6151]
157,[-68.63846]
158,[144.61598]
159,[554.53186]
160,[89.01555]
161,[-15.081589]
162,[-24.453201]
163,[-42.32361]
164,[-82.83377]
165,[71.02197]
166,[-115.91077]
167,[129.45218]
168,[-86.31845]
169,[-83.92398]
170,[-54.636856]
171,[-24.109268]
172,[542.87024]
173,[2276.8032]
174,[-88.40596]
175,[-63.073853]
176,[-115.85823]
177,[-58.257385]
178,[150.39563]
179,[-103.91278]
180,[135.21423]
181,[94.84793]
182,[-115.99693]
183,[-10.7083435]
184,[-105.1402]
185,[563.6937]
186,[-88.75992]
187,[2277.7656]
188,[-45.998886]
189,[93.27763]
190,[36.147736]
191,[-56.441803]
192,[-78.38377]
193,[53.641083]
194,[2277.1782]
195,[571.0728]
196,[80.84088]
197,[-106.97885]
198,[63.151016]
199,[-115.83919]
200,[-100.500046]
201,[296.3126]
202,[132.2231]
203,[55.453247]
204,[586.69635]
205,[74.03058]
206,[59.184677]
207,[-91.75983]
208,[2277.289]
209,[684.2655]
210,[-54.392715]
211,[3.0459747]
212,[176.49126]
213,[-10.312363]
214,[-74.8009]
215,[153.48883]
216,[121.034805]
217,[2277.838]
218,[-115.899445]
219,[-115.82124]
220,[2279.7476]
221,[-56.02382]
222,[164.82701]
223,[2279.837]
224,[-62.484406]
225,[-94.0307]
226,[2278.0024]
227,[141.84277]
228,[-111.7525]
229,[-59.877716]
230,[-97.735916]
231,[2277.7969]
232,[77.872345]
233,[556.3396]
234,[2276.9307]
235,[-34.102097]
236,[-57.441727]
237,[2278.4026]
238,[-76.84537]
239,[-80.71074]
240,[750.196]
241,[-49.619385]
242,[-115.90456]
243,[-105.68219]
244,[-115.993774]
245,[-110.28705]
246,[124.14525]
247,[-100.269135]
248,[-21.273544]
249,[-98.29451]
250,[-55.36827]
251,[2279.6216]
252,[-48.853333]
253,[-113.92517]
254,[91.45271]
255,[2280.776]
256,[-72.927124]
257,[6.5910187]
258,[75.55798]
259,[-115.93349]
260,[-106.90001]
261,[-101.82938]
262,[6.690796]
263,[2276.5088]
264,[547.3897]
265,[-43.24852]
266,[-83.01495]
267,[-110.35123]
268,[-101.63548]
269,[-111.97885]
270,[-27.148499]
271,[337.2697]
272,[74.23132]
273,[-60.093292]
274,[-115.82124]
275,[226.24628]
276,[85.67566]
277,[-107.6828]
278,[60.322495]
279,[-0.7106476]
280,[-115.88837]
281,[-54.150467]
282,[-115.86542]
283,[-105.45862]
284,[-115.947174]
285,[-59.072754]
286,[-80.945526]
287,[-106.74541]
288,[73.64296]
289,[-94.90721]
290,[2276.0474]
291,[2278.5403]
292,[-60.013687]
293,[224.2662]
294,[95.68825]
295,[-106.26291]
296,[-96.69998]
297,[-115.99774]
298,[-40.499557]
299,[-110.64885]
300,[2277.732]
301,[-27.504974]
302,[30.317383]
303,[69.815384]
304,[-115.83118]
305,[2277.4465]
306,[1.8276367]
307,[-40.567932]
308,[3.2384186]
309,[116.05321]
310,[-106.777695]
311,[547.522]
312,[-72.292755]
313,[-91.8461]
314,[53.847473]
315,[124.978]
316,[-108.66553]
317,[13.0383]
318,[93.843994]
319,[57.73564]
320,[80.56372]
321,[16.834167]
322,[653.05774]
323,[-115.956314]
324,[32.165115]
325,[46.12448]
326,[-106.48888]
327,[-30.891373]
328,[1.7866364]
329,[-14.492355]
330,[29.473099]
331,[322.9569]
332,[49.344727]
333,[-28.988281]
334,[-92.75067]
335,[-115.90784]
336,[-100.571365]
337,[114.2225]
338,[-85.86702]
339,[2277.8638]
340,[-108.14252]
341,[-110.4324]
342,[132.28099]
343,[32.49965]
344,[-112.79323]
345,[539.7121]
346,[2276.262]
347,[67.975815]
348,[22.30664]
349,[-7.4319]
350,[567.7591]
351,[127.556046]
352,[46.89258]
353,[-114.806946]
354,[1.5509796]
355,[-98.257904]
356,[127.9539]
357,[-43.08029]
358,[34.709396]
359,[2277.0388]
360,[-53.874664]
361,[-87.88614]
362,[12.7234955]
363,[-53.35327]
364,[221.44202]
365,[-90.923676]
366,[85.905334]
367,[-55.44966]
368,[42.053604]
369,[117.94626]
370,[-63.0511]
371,[53.42781]
372,[66.33658]
373,[-83.422134]
374,[99.30136]
375,[29.603775]
376,[25.360596]
377,[-26.414246]
378,[341.6394]
379,[312.60608]
380,[-78.86162]
381,[559.77246]
382,[-23.033081]
383,[2276.626]
384,[-72.65727]
385,[95.3461]
386,[-109.741974]
387,[-115.98328]
388,[-106.457275]
389,[-26.836624]
390,[-111.15959]
391,[-107.2764]
392,[-102.70833]
393,[-115.72835]
394,[-86.29788]
395,[-55.528152]
396,[-90.907]
397,[-115.88919]
398,[-20.962067]
399,[-16.72641]
400,[-73.66402]
401,[80.76909]
402,[24.119934]
403,[70.76367]
404,[612.52234]
405,[-115.912094]
406,[2276.9805]
407,[-34.320328]
408,[-115.9373]
409,[94.36055]
410,[-100.35002]
411,[94.44498]
412,[2276.6714]
413,[-115.951126]
414,[80.462906]
415,[-115.956314]
416,[-107.408066]
417,[25.822128]
418,[2276.1704]
419,[37.226654]
420,[35.75142]
421,[97.43959]
422,[-109.74585]
423,[-115.94472]
424,[-115.95424]
425,[-32.786774]
426,[21.065704]
427,[-2.5046692]
428,[-4.2137146]
429,[178.28297]
430,[2279.212]
431,[8.545715]
432,[-108.47104]
433,[-22.206955]
434,[-79.410995]
435,[-115.82124]
436,[-69.27437]
437,[-115.89255]
438,[2276.6003]
439,[2278.0325]
440,[68.83461]
441,[57.086594]
442,[-105.28174]
443,[5.5513763]
444,[106.15816]
445,[15.538666]
446,[487.77948]
447,[-115.85707]
448,[-84.13576]
449,[-53.073196]
450,[-13.651962]
451,[-115.87042]
452,[2279.4214]
453,[57.608154]
454,[-101.19432]
455,[2278.7917]
456,[2277.3306]
457,[2277.1235]
458,[-115.93349]
459,[2278.8843]
460,[-28.499634]
461,[2278.7444]
462,[-67.25966]
463,[-102.76871]
464,[-112.90074]
465,[-58.45378]
466,[2278.6653]
467,[295.3673]
468,[71.85326]
469,[104.43703]
470,[99.45355]
471,[-94.26575]
472,[94.612015]
473,[2282.1921]
474,[2278.0107]
475,[-92.27951]
476,[-80.60048]
477,[15.13266]
478,[2276.7837]
479,[2279.1455]
480,[398.83606]
481,[-54.4915]
482,[195.16193]
483,[-106.48372]
484,[-94.51601]
485,[-115.499695]
486,[-57.096573]
487,[38.489395]
488,[65.20563]
489,[150.19746]
490,[529.3546]
491,[322.37653]
492,[-48.02887]
493,[2276.5164]
494,[-25.565765]
495,[-106.25206]
496,[36.266083]
497,[104.43761]
498,[-104.129776]
499,[-115.88579]
500,[-115.83919]
501,[6.710907]
502,[-106.03322]
503,[-114.88127]
504,[-86.51367]
505,[47.604248]
506,[-71.38153]
507,[38.213165]
508,[-87.272766]
509,[-108.97304]
510,[570.02124]
511,[-113.984924]
512,[-44.842606]
513,[8.964706]
514,[2276.024]
515,[-97.14046]
516,[116.90604]
517,[-115.88664]
518,[-107.80679]
519,[-57.610245]
520,[-115.779434]
521,[20.948486]
522,[-104.44455]
523,[2278.6785]
524,[109.84352]
525,[129.68257]
526,[100.513504]
527,[-64.473145]
528,[-115.93349]
529,[-76.71953]
530,[99.06235]
531,[722.1119]
532,[-110.352585]
533,[289.1756]
534,[-51.595398]
535,[41.80368]
536,[113.81296]
537,[35.764343]
538,[-115.62137]
539,[-106.945816]
540,[-7.305252]
541,[2277.5608]
542,[-115.83919]
543,[-104.69339]
544,[583.41003]
545,[122.691666]
546,[-3.6904602]
547,[-71.91629]
548,[-45.491684]
549,[56.848907]
550,[10.943161]
551,[91.1772]
552,[2277.6365]
553,[2278.9678]
554,[-115.96518]
555,[-107.86438]
556,[-17.701935]
557,[2276.5652]
558,[2280.3044]
559,[-109.16336]
560,[-35.1743]
561,[-109.4415]
562,[-115.87044]
563,[-115.7592]
564,[-100.44931]
565,[-115.94524]
566,[59.709885]
567,[-93.41606]
568,[21.597672]
569,[-7.838562]
570,[-108.59895]
571,[27.3723]
572,[-108.66354]
573,[-114.35347]
574,[-89.3802]
575,[-106.89467]
576,[-76.3858]
577,[-115.89604]
578,[-111.43089]
579,[6.831787]
580,[-5.8818054]
581,[-115.77562]
582,[76.51741]
583,[-28.703384]
584,[-1.385086]
585,[-115.93349]
586,[116.27223]
587,[738.2158]
588,[36.274963]
589,[-95.88452]
590,[-112.87492]
591,[-52.60498]
592,[-112.302414]
593,[165.38913]
594,[-19.596924]
595,[-45.07054]
596,[-115.976746]
597,[2279.3208]
598,[125.903015]
599,[-106.9935]
600,[-89.93689]
601,[-114.68912]
602,[-78.489685]
603,[316.52237]
604,[-65.12784]
605,[-115.93349]
606,[-112.209885]
607,[-115.690765]
608,[-108.41391]
609,[2276.9417]
610,[-2.442978]
611,[-115.93317]
612,[7.6115265]
613,[-86.353546]
614,[64.7473]
615,[-115.88847]
616,[2277.069]
617,[-71.485]
618,[-115.83794]
619,[-104.6201]
620,[-115.80339]
621,[-115.7272]
622,[110.67624]
623,[-99.6286]
624,[-107.00989]
625,[-115.83919]
626,[30.230179]
627,[-73.12305]
628,[-101.21419]
629,[30.986633]
630,[105.149994]
631,[6.3144684]
632,[64.730774]
633,[-27.96553]
634,[-110.93974]
635,[44.895065]
636,[2277.6963]
637,[569.4555]
638,[50.05104]
639,[2279.203]
640,[604.42004]
641,[12.242203]
642,[98.49277]
643,[-82.3185]
644,[-109.106995]
645,[-113.48547]
646,[-105.282776]
647,[-115.955475]
648,[-105.657684]
649,[-105.4411]
650,[119.897995]
651,[742.15356]
652,[-66.642166]
653,[-115.948654]
654,[73.66017]
655,[-115.87778]
656,[94.05675]
657,[-23.613022]
658,[-10.610306]
659,[2276.6133]
660,[2280.308]
661,[4.6227417]
662,[-75.815384]
663,[7.0890045]
664,[2278.2559]
665,[-63.606155]
666,[-102.57794]
667,[2279.0186]
668,[69.20705]
669,[-69.453156]
670,[669.2086]
671,[-88.49672]
672,[-106.50978]
673,[2.9748383]
674,[135.29114]
675,[-12.334]
676,[47.927902]
677,[-112.3513]
678,[-113.64287]
679,[-115.94731]
680,[544.0912]
681,[63.548218]
682,[94.15738]
683,[-114.68483]
684,[160.20137]
685,[-45.02385]
686,[-103.7543]
687,[2276.8271]
688,[-96.605194]
689,[-4.2604065]
690,[-52.786606]
691,[166.39816]
692,[-102.71495]
693,[2279.4224]
694,[-110.738754]
695,[-91.356155]
696,[33.607544]
697,[93.17525]
698,[127.12752]
699,[-106.16589]
700,[-10.099838]
701,[2277.3572]
702,[-108.28392]
703,[-56.72017]
704,[-115.933365]
705,[548.37054]
706,[-44.21367]
707,[-61.267593]
708,[102.41542]
709,[683.9361]
710,[-1.6864929]
711,[-103.9061]
712,[2276.5286]
713,[-95.10826]
714,[161.03015]
715,[-60.30609]
716,[-106.82185]
717,[-106.80199]
718,[-115.99484]
719,[2278.3594]
720,[551.63794]
721,[60.335464]
722,[85.017]
723,[-115.78395]
724,[164.90964]
725,[88.01149]
726,[232.22488]
727,[166.65027]
728,[-113.8797]
729,[-78.24095]
730,[-96.31232]
731,[-84.91072]
732,[-43.195206]
733,[-14.362625]
734,[2277.384]
735,[62.229645]
736,[-4.111084]
737,[-56.451477]
738,[48.089584]
739,[141.3144]
740,[-115.910416]
741,[566.7337]
742,[-6.6898956]
743,[54.08348]
744,[-115.93315]
745,[-112.48602]
746,[-115.93349]
747,[-115.95537]
748,[-46.997925]
749,[-29.134903]
750,[-19.964508]
751,[-109.9818]
752,[64.46706]
753,[-97.71379]
754,[295.35364]
755,[-38.232574]
756,[10.444077]
757,[-76.02081]
758,[-109.598755]
759,[2276.7563]
760,[88.72989]
761,[55.461517]
762,[103.969406]
763,[-115.921875]
764,[31.249847]
765,[629.6557]
766,[-77.87802]
767,[2277.8872]
768,[2276.275]
769,[2278.17]
770,[94.961975]
771,[-78.664856]
772,[-108.68541]
773,[52.833206]
774,[-76.49988]
775,[-48.770355]
776,[160.41603]
777,[-82.0737]
778,[17.80307]
779,[532.525]
780,[145.4164]
781,[-90.80005]
782,[-51.93651]
783,[-73.89569]
784,[558.8929]
785,[-10.963486]
786,[-112.53035]
787,[-0.85157776]
788,[-36.453156]
789,[-94.512344]
790,[-59.458633]
791,[-115.93295]
792,[532.34937]
793,[743.09265]
794,[-105.71956]
795,[-110.556946]
796,[-65.00159]
797,[11.37529]
798,[-104.77202]
799,[69.179214]
800,[613.7458]
801,[-108.264084]
802,[-115.98784]
803,[-79.205795]
804,[162.93951]
805,[-109.48624]
806,[-110.64462]
807,[-8.195541]
808,[31.026047]
809,[130.48209]
810,[37.111115]
811,[41.68434]
812,[607.8968]
813,[26.020676]
814,[-97.80138]
815,[-115.956635]
816,[-114.68251]
817,[-83.25067]
818,[-115.9897]
819,[121.8454]
820,[-115.873856]
821,[-99.128815]
822,[-81.53133]
823,[17.657883]
824,[-79.50047]
825,[226.3586]
826,[-30.38829]
827,[-102.125854]
828,[2.58313]
829,[2278.5334]
830,[-7.531372]
831,[27.739014]
832,[-20.835373]
833,[-9.677521]
834,[-67.07832]
835,[-30.660095]
836,[117.30382]
837,[-90.197586]
838,[316.7791]
839,[-104.03511]
840,[100.46309]
841,[734.1655]
842,[2277.8484]
843,[353.79272]
844,[-10.835129]
845,[6.3549194]
846,[2277.6914]
847,[-108.89711]
848,[-103.774]
849,[-57.435623]
850,[222.57118]
851,[-52.964005]
852,[-92.637344]
853,[-89.811844]
854,[-104.0164]
855,[87.936646]
856,[147.3819]
857,[99.01405]
858,[-115.82124]
859,[-9.746002]
860,[-33.61003]
861,[29.09523]
862,[144.5497]
863,[-86.39877]
864,[548.8583]
865,[-115.95557]
866,[-24.485382]
867,[-115.97746]
868,[-115.81148]
869,[251.54573]
870,[96.580185]
871,[-114.15546]
872,[-98.0374]
873,[32.576782]
874,[96.61827]
875,[153.32646]
876,[2279.5166]
877,[-39.2359]
878,[-113.84732]
879,[-92.656906]
880,[119.045364]
881,[2276.2456]
882,[719.6183]
883,[85.57042]
884,[74.31955]
885,[2278.4688]
886,[-66.42815]
887,[-7.606781]
888,[2278.223]
889,[-56.468246]
890,[-74.58496]
891,[-99.147644]
892,[98.457]
893,[-115.9111]
894,[-107.863434]
895,[2277.3105]
896,[50.988663]
897,[-64.72029]
898,[313.64648]
899,[-43.1136]
900,[-96.306656]
901,[-115.93512]
902,[479.17096]
903,[-58.548584]
904,[2276.0107]
905,[-111.754196]
906,[-105.35568]
907,[31.469574]
908,[41.3925]
909,[-105.62215]
910,[-87.8521]
911,[-115.987625]
912,[70.408554]
913,[18.222397]
914,[2281.566]
915,[-24.700592]
916,[-112.80766]
917,[348.16412]
918,[-111.661835]
919,[-17.874344]
920,[30.550354]
921,[48.643814]
922,[71.82196]
923,[-115.87517]
924,[133.88593]
925,[-115.95816]
926,[-102.455734]
927,[-35.297974]
928,[2276.6372]
929,[-11.831238]
930,[-19.49231]
931,[-67.04805]
932,[-112.19336]
933,[-106.20877]
934,[-93.91551]
935,[190.26045]
936,[127.366104]
937,[2281.058]
938,[-101.232834]
939,[2278.6406]
940,[-103.69275]
941,[20.109879]
942,[-115.70415]
943,[636.0869]
944,[2278.2354]
945,[-86.38606]
946,[-106.805405]
947,[-102.56764]
948,[-21.38272]
949,[-115.84657]
950,[83.391464]
951,[2278.854]
952,[537.055]
953,[-112.36226]
954,[-45.08809]
955,[44.994507]
956,[2278.2556]
957,[-54.011597]
958,[-115.93268]
959,[2278.6545]
960,[-58.786926]
961,[2.4974213]
962,[-44.572144]
963,[71.45799]
964,[61.965622]
965,[2276.8315]
966,[-105.928665]
967,[-112.07677]
968,[2276.4973]
969,[64.83922]
970,[-67.47635]
971,[2277.5142]
972,[108.25548]
973,[30.171967]
974,[5.589096]
975,[557.50134]
976,[561.6217]
977,[-113.49638]
978,[143.70314]
979,[600.02625]
980,[-107.83659]
981,[-72.42299]
982,[25.777405]
983,[-101.98253]
984,[71.82469]
985,[-25.55899]
986,[106.675476]
987,[-83.13837]
988,[143.37914]
989,[-41.889435]
990,[139.79065]
991,[-115.993256]
992,[-39.703598]
993,[40.079117]
994,[-27.644623]
995,[-64.222916]
996,[-114.06885]
997,[-57.38292]
998,[-106.50784]
999,[2278.7664]
1000,[2277.4028]
1001,[-29.92601]
1002,[-84.115036]
1003,[0.67689514]
1004,[-74.86804]
1005,[-70.90631]
1006,[-79.07582]
1007,[-108.71092]
1008,[87.008286]
1009,[-3.0623322]
1010,[-99.82468]
1011,[-102.486984]
1012,[-39.007523]
1013,[-115.95613]
1014,[-83.981766]
1015,[-35.366714]
1016,[48.37381]
1017,[2279.1685]
1018,[130.53055]
1019,[17.076462]
1020,[-77.49252]
1021,[-110.42975]
1022,[-73.37181]
1023,[-106.42558]
1024,[-114.594406]
1025,[-74.77785]
1026,[-80.45125]
1027,[11.807571]
1028,[-73.971954]
1029,[14.22139]
1030,[-115.80339]
1031,[-115.888306]
1032,[23.474777]
1033,[-107.212296]
1034,[-112.40045]
1035,[640.91754]
1036,[-55.857407]
1037,[-115.907425]
1038,[0.09657288]
1039,[-82.524826]
1040,[-113.85458]
1041,[720.89465]
1042,[-36.271103]
1043,[-86.31824]
1044,[-68.40689]
1045,[96.62805]
1046,[745.7313]
1047,[59.689957]
1048,[-66.56468]
1049,[132.03453]
1050,[549.8545]
1051,[-115.978485]
1052,[-94.10149]
1053,[2277.177]
1054,[217.25565]
1055,[-115.91206]
1056,[43.177185]
1057,[82.337524]
1058,[-62.1062]
1059,[-56.256866]
1060,[-82.122894]
1061,[-115.955536]
1062,[-115.967224]
1063,[-81.91907]
1064,[-78.95526]
1065,[2276.9492]
1066,[-55.57527]
1067,[-43.949036]
1068,[-96.26358]
1069,[2276.5269]
1070,[-115.93555]
1071,[27.589294]
1072,[-94.70865]
1073,[100.22301]
1074,[-115.9946]
1075,[-85.86841]
1076,[-77.236465]
1077,[36.725113]
1078,[-43.957153]
1079,[2279.6042]
1080,[-84.347305]
1081,[-62.124374]
1082,[572.2494]
1083,[213.13457]
1084,[145.01476]
1085,[94.12367]
1086,[273.165]
1087,[12.099747]
1088,[119.88504]
1089,[-115.93349]
1090,[12.965042]
1091,[152.78572]
1092,[-42.88466]
1093,[-45.551804]
1094,[2276.729]
1095,[-115.911804]
1096,[161.6978]
1097,[134.51756]
1098,[-107.17561]
1099,[-33.20674]
1100,[-110.9212]
1101,[2277.4072]
1102,[-113.071915]
1103,[91.97772]
1104,[-88.734055]
1105,[33.782837]
1106,[-115.756165]
1107,[-84.14044]
1108,[-88.42996]
1109,[-115.77742]
1110,[-85.844955]
1111,[-13.158295]
1112,[-20.310532]
1113,[70.12866]
1114,[107.333405]
1115,[71.467285]
1116,[574.1552]
1117,[75.55351]
1118,[78.11217]
1119,[18.400192]
1120,[-58.585068]
1121,[-76.103546]
1122,[-85.66524]
1123,[138.44762]
1124,[-8.806198]
1125,[149.22713]
1126,[-70.19916]
1127,[2280.6267]
1128,[64.43791]
1129,[215.13737]
1130,[25.87822]
1131,[-98.7762]
1132,[150.0916]
1133,[165.2973]
1134,[-50.815308]
1135,[-61.810425]
1136,[-31.908783]
1137,[2280.457]
1138,[77.21179]
1139,[41.649185]
1140,[10.239349]
1141,[2279.1565]
1142,[70.215866]
1143,[582.1071]
1144,[-115.87172]
1145,[2277.3496]
1146,[42.819]
1147,[-85.32028]
1148,[-64.08444]
1149,[183.73724]
1150,[-57.603027]
1151,[17.879333]
1152,[-79.82712]
1153,[4.5506134]
1154,[-36.704422]
1155,[-112.310074]
1156,[-89.361694]
1157,[557.3514]
1158,[40.443954]
1159,[2279.5017]
1160,[519.88025]
1161,[-111.472824]
1162,[-37.487335]
1163,[2277.2126]
1164,[-45.716293]
1165,[-102.88646]
1166,[-108.17598]
1167,[22.909454]
1168,[-115.50099]
1169,[566.95734]
1170,[94.11258]
1171,[-50.112045]
1172,[43.514313]
1173,[-112.33365]
1174,[2277.289]
1175,[2276.872]
1176,[-40.26834]
1177,[-115.93349]
1178,[-106.35831]
1179,[573.16345]
1180,[2279.0195]
1181,[187.21024]
1182,[69.66252]
1183,[570.2015]
1184,[-100.59726]
1185,[31.987885]
1186,[2276.755]
1187,[30.584473]
1188,[-30.95369]
1189,[-6.631012]
1190,[82.817856]
1191,[71.12532]
1192,[78.97217]
1193,[118.64574]
1194,[-43.820206]
1195,[2281.8223]
1196,[24.779541]
1197,[86.183716]
1198,[-108.338196]
1199,[-30.171387]
1200,[58.782455]
1201,[328.67218]
1202,[122.36508]
1203,[-34.076828]
1204,[130.07774]
1205,[-92.077194]
1206,[-44.70053]
1207,[-111.769455]
1208,[-106.1481]
1209,[-38.43637]
1210,[724.77594]
1211,[10.707779]
1212,[161.52739]
1213,[2.6871643]
1214,[-13.558731]
1215,[-69.52208]
1216,[66.827515]
1217,[748.0342]
1218,[-114.93933]
1219,[552.4488]
1220,[106.95509]
1221,[-5.6153564]
1222,[-92.0863]
1223,[-115.955444]
1224,[111.577194]
1225,[-0.6968384]
1226,[23.493118]
1227,[-96.69031]
1228,[2276.129]
1229,[105.85661]
1230,[83.887726]
1231,[32.417847]
1232,[565.0431]
1233,[85.09392]
1234,[-62.861176]
1235,[-76.04805]
1236,[121.83896]
1237,[42.825928]
1238,[2278.7795]
1239,[-6.64592]
1240,[-7.765854]
1241,[-106.17227]
1242,[-77.32562]
1243,[-60.336044]
1244,[257.14825]
1245,[130.47102]
1246,[-73.432175]
1247,[72.31889]
1248,[224.80894]
1249,[195.58568]
1250,[-97.74869]
1251,[-49.510498]
1252,[-59.47023]
1253,[-30.89737]
1254,[2276.669]
1255,[-71.52536]
1256,[31.2247]
1257,[80.013245]
1258,[101.87996]
1259,[-100.34604]
1260,[110.879395]
1261,[9.013031]
1262,[-115.92728]
1263,[2276.4946]
1264,[-115.940796]
1265,[-74.24266]
1266,[-111.247345]
1267,[-27.721664]
1268,[70.28436]
1269,[54.995438]
1270,[75.61067]
1271,[-115.81584]
1272,[-72.17154]
1273,[-115.89757]
1274,[-106.63733]
1275,[2279.6558]
1276,[-100.9337]
1277,[-91.53276]
1278,[-84.24605]
1279,[74.128006]
1280,[928.6317]
1281,[158.98344]
1282,[-33.38806]
1283,[2278.7876]
1284,[-71.3737]
1285,[264.9336]
1286,[-114.12796]
1287,[-107.42825]
1288,[2278.2288]
1289,[61.123123]
1290,[-96.555435]
1291,[-89.81918]
1292,[-96.41597]
1293,[94.03291]
1294,[30.73497]
1295,[-34.458237]
1296,[2278.0168]
1297,[-97.1626]
1298,[2276.621]
1299,[-115.98952]
1300,[-41.742798]
1301,[128.18932]
1302,[94.658966]
1303,[24.912277]
1304,[110.64603]
1305,[119.99634]
1306,[-109.7825]
1307,[-114.987686]
1308,[-10.693283]
1309,[98.22328]
1310,[-109.182755]
1311,[-59.22841]
1312,[-115.93349]
1313,[-83.02756]
1314,[-72.889984]
1315,[102.82683]
1316,[43.3627]
1317,[-64.62689]
1318,[581.57764]
1319,[-86.87666]
1320,[-105.0999]
1321,[-115.95549]
1322,[-2.971222]
1323,[2278.887]
1324,[2278.3394]
1325,[24.218979]
1326,[-77.80792]
1327,[2277.989]
1328,[-80.886185]
1329,[-67.420334]
1330,[2277.3223]
1331,[71.01941]
1332,[-22.144836]
1333,[87.25647]
1334,[-110.54094]
1335,[100.49678]
1336,[-2.26445]
1337,[-91.0383]
1338,[50.259644]
1339,[572.4517]
1340,[-115.88826]
1341,[-48.71875]
1342,[152.35127]
1343,[-86.86398]
1344,[-53.156616]
1345,[2.8113403]
1346,[542.3241]
1347,[37.289474]
1348,[-90.735]
1349,[-75.84682]
1350,[-112.91455]
1351,[-84.35939]
1352,[-59.771088]
1353,[573.4296]
1354,[-115.93349]
1355,[2278.716]
1356,[2277.603]
1357,[-64.20778]
1358,[31.551956]
1359,[-98.56726]
1360,[-68.66191]
1361,[-110.82626]
1362,[-103.242325]
1363,[2279.8657]
1364,[32.34778]
1365,[2275.9717]
1366,[-115.93349]
1367,[2278.9585]
1368,[55.556107]
1369,[-98.572525]
1370,[685.7606]
1371,[-63.386124]
1372,[-20.675064]
1373,[-115.9308]
1374,[61.752884]
1375,[-109.49696]
1376,[-9.600845]
1377,[-89.20094]
1378,[-77.25044]
1379,[105.541626]
1380,[-109.34436]
1381,[131.83607]
1382,[-102.31961]
1383,[2277.938]
1384,[-115.91109]
1385,[-40.91391]
1386,[-43.90869]
1387,[102.646515]
1388,[0.8359375]
1389,[-114.50305]
1390,[-84.94562]
1391,[2277.5405]
1392,[-115.93349]
1393,[6.176407]
1394,[2277.3257]
1395,[545.71326]
1396,[-115.96214]
1397,[-62.46411]
1398,[270.26068]
1399,[268.3435]
1400,[-108.927]
1401,[-61.06729]
1402,[-102.143295]
1403,[78.31999]
1404,[-53.728745]
1405,[70.64336]
1406,[103.87976]
1407,[23.290894]
1408,[-93.19458]
1409,[2276.1897]
1410,[-58.746674]
1411,[44.803726]
1412,[-41.965378]
1413,[2276.5452]
1414,[-44.34349]
1415,[582.85034]
1416,[120.52553]
1417,[-87.69064]
1418,[-89.88942]
1419,[2278.9229]
1420,[-66.11891]
1421,[114.53926]
1422,[2.904007]
1423,[2280.6572]
1424,[587.38354]
1425,[-50.63481]
1426,[-63.55728]
1427,[-87.40947]
1428,[-114.497086]
1429,[-115.87044]
1430,[-16.630707]
1431,[68.32248]
1432,[2281.1382]
1433,[-57.44037]
1434,[295.46902]
1435,[-114.66055]
1436,[100.03134]
1437,[2277.7156]
1438,[-100.76163]
1439,[13.644196]
1440,[-101.70656]
1441,[575.6795]
1442,[-115.25305]
1443,[39.211258]
1444,[-115.89906]
1445,[9.534668]
1446,[-75.74768]
1447,[-47.084106]
1448,[-79.82472]
1449,[-115.94618]
1450,[-67.40193]
1451,[-85.63077]
1452,[-110.13817]
1453,[-68.88254]
1454,[2276.3215]
1455,[702.1376]
1456,[-30.909988]
1457,[-114.673584]
1458,[-110.51575]
1459,[-111.373474]
1460,[10.680603]
1461,[2281.488]
1462,[26.80989]
1463,[-92.78197]
1464,[-74.93744]
1465,[-94.890564]
1466,[740.6427]
1467,[-66.76218]
1468,[-96.31204]
1469,[-48.35263]
1470,[8.343842]
1471,[147.65575]
1472,[2278.516]
1473,[2277.597]
1474,[9.988876]
1475,[39.922592]
1476,[-108.862015]
1477,[-113.81377]
1478,[119.7003]
1479,[-111.98305]
1480,[29.179062]
1481,[-100.50667]
1482,[-17.378983]
1483,[-115.701614]
1484,[2276.2993]
1485,[2278.5903]
1486,[42.565384]
1487,[41.27942]
1488,[-87.81651]
1489,[-112.054276]
1490,[24.657486]
1491,[-101.55983]
1492,[46.237335]
1493,[2278.5828]
1494,[48.001175]
1495,[-69.05551]
1496,[-99.2112]
1497,[2278.3762]
1498,[-58.728683]
1499,[2277.087]
1500,[2278.7942]
1501,[-99.811966]
1502,[2.8751526]
1503,[2279.2666]
1504,[-105.36977]
1505,[-63.64769]
1506,[-93.469864]
1507,[86.17798]
1508,[2279.4014]
1509,[-95.24182]
1510,[-74.73674]
1511,[-42.30255]
1512,[-60.223297]
1513,[16.359161]
1514,[-8.910431]
1515,[-82.08118]
1516,[304.45612]
1517,[109.06375]
1518,[-115.906006]
1519,[2276.0217]
1520,[95.12619]
1521,[-6.139145]
1522,[141.13383]
1523,[-106.393555]
1524,[-23.921783]
1525,[11.856812]
1526,[-115.79906]
1527,[-18.78804]
1528,[-52.025635]
1529,[122.49599]
1530,[-67.03488]
1531,[114.73627]
1532,[-25.05658]
1533,[-63.279602]
1534,[-103.84161]
1535,[-75.54143]
1536,[-96.55757]
1537,[8.572876]
1538,[40.919052]
1539,[-115.91196]
1540,[-58.069168]
1541,[-63.40094]
1542,[-92.554886]
1543,[-40.590378]
1544,[-106.95921]
1545,[588.1588]
1546,[-77.33301]
1547,[122.52779]
1548,[2276.7422]
1549,[45.220764]
1550,[38.097977]
1551,[57.22896]
1552,[-55.612213]
1553,[733.10614]
1554,[-115.977905]
1555,[-71.169785]
1556,[-43.718643]
1557,[103.824814]
1558,[-85.867065]
1559,[-47.957123]
1560,[-82.62102]
1561,[26.061386]
1562,[-51.639954]
1563,[628.8856]
1564,[-80.082886]
1565,[-69.34628]
1566,[88.85063]
1567,[2278.297]
1568,[-92.89688]
1569,[486.7328]
1570,[-70.90637]
1571,[41.699036]
1572,[-69.88452]
1573,[-51.52661]
1574,[135.91371]
1575,[2280.8652]
1576,[38.51512]
1577,[-40.30989]
1578,[-101.871765]
1579,[158.48857]
1580,[57.170105]
1581,[-112.57527]
1582,[535.8872]
1583,[135.5095]
1584,[-115.929565]
1585,[-115.93349]
1586,[125.691376]
1587,[2279.7837]
1588,[-115.935455]
1589,[-110.10191]
1590,[-106.7449]
1591,[-71.89348]
1592,[-111.22534]
1593,[2278.6475]
1594,[2276.359]
1595,[-86.96971]
1596,[-115.906006]
1597,[560.57324]
1598,[-106.77449]
1599,[96.01085]
1600,[-42.591446]
1601,[-111.59143]
1602,[539.44183]
1603,[-46.707626]
1604,[-88.02394]
1605,[563.5938]
1606,[-79.75093]
1607,[-107.5163]
1608,[-104.36594]
1609,[18.968979]
1610,[2277.3403]
1611,[-115.969406]
1612,[-115.82898]
1613,[51.349747]
1614,[-107.2764]
1615,[13.784988]
1616,[38.713287]
1617,[2277.1948]
1618,[-18.45279]
1619,[-108.53528]
1620,[131.31046]
1621,[108.47807]
1622,[-115.932465]
1623,[13.55159]
1624,[4.3634186]
1625,[-85.85654]
1626,[-56.979828]
1627,[79.23343]
1628,[312.2262]
1629,[148.31079]
1630,[57.52849]
1631,[-101.51456]
1632,[-99.56108]
1633,[-49.233017]
1634,[-89.093094]
1635,[116.570786]
1636,[50.118134]
1637,[-115.972565]
1638,[6.2536163]
1639,[168.29445]
1640,[91.74448]
1641,[2277.1213]
1642,[2278.0356]
1643,[-82.62398]
1644,[-61.23114]
1645,[10.929535]
1646,[96.66347]
1647,[279.13257]
1648,[-42.013016]
1649,[2276.6624]
1650,[-64.93443]
1651,[2279.7234]
1652,[40.42276]
1653,[-61.810608]
1654,[-23.63063]
1655,[-19.762161]
1656,[624.879]
1657,[570.28107]
1658,[-50.307205]
1659,[-65.67737]
1660,[-115.93349]
1661,[2278.4233]
1662,[194.05418]
1663,[-112.21045]
1664,[2276.8394]
1665,[-52.848038]
1666,[-108.384735]
1667,[-79.46306]
1668,[93.18198]
1669,[741.4807]
1670,[-44.48842]
1671,[-10.744064]
1672,[118.60881]
1673,[-33.505417]
1674,[-111.56061]
1675,[-74.47443]
1676,[-58.51866]
1677,[-21.791489]
1678,[-12.598526]
1679,[2281.5764]
1680,[-115.9037]
1681,[2277.6738]
1682,[-76.75284]
1683,[-64.64049]
1684,[-10.383774]
1685,[2278.0977]
1686,[740.1533]
1687,[43.746887]
1688,[-56.44789]
1689,[0.5921936]
1690,[-115.88661]
1691,[20.782318]
1692,[80.74101]
1693,[-52.331665]
1694,[-76.27608]
1695,[-36.44159]
1696,[89.29323]
1697,[-115.37479]
1698,[-38.132034]
1699,[2277.3647]
1700,[644.28064]
1701,[-115.74368]
1702,[691.4669]
1703,[2278.5566]
1704,[41.80777]
1705,[2278.0276]
1706,[-75.4149]
1707,[-115.961395]
1708,[77.72217]
1709,[-91.69493]
1710,[-111.49007]
1711,[10.150742]
1712,[-30.620941]
1713,[51.893982]
1714,[-37.978943]
1715,[2278.1565]
1716,[-115.93718]
1717,[56.744934]
1718,[-49.181366]
1719,[-12.683746]
1720,[9.006012]
1721,[287.39124]
1722,[2276.9763]
1723,[-112.871414]
1724,[2277.341]
1725,[82.17813]
1726,[-68.34952]
1727,[29.505783]
1728,[-110.00838]
1729,[-115.95485]
1730,[38.197266]
1731,[16.85138]
1732,[-88.17282]
1733,[-109.51022]
1734,[-89.31633]
1735,[-113.326645]
1736,[-53.143875]
1737,[-107.019424]
1738,[20.602081]
1739,[2277.0576]
1740,[2282.2178]
1741,[2277.942]
1742,[7.9668427]
1743,[36.71541]
1744,[541.4415]
1745,[-55.873154]
1746,[33.415512]
1747,[-105.36977]
1748,[-70.36563]
1749,[-59.76674]
1750,[-14.096405]
1751,[2277.2114]
1752,[118.78317]
1753,[-3.1213837]
1754,[-115.95114]
1755,[105.82909]
1756,[2281.191]
1757,[-99.21156]
1758,[-25.091888]
1759,[-38.34102]
1760,[-70.8448]
1761,[42.058563]
1762,[2277.5352]
1763,[120.136215]
1764,[2280.1245]
1765,[-115.956375]
1766,[-77.008865]
1767,[-115.93141]
1768,[-103.39331]
1769,[-92.64435]
1770,[-106.18919]
1771,[-26.945938]
1772,[-53.069412]
1773,[-111.46915]
1774,[2278.7063]
1775,[-103.13295]
1776,[192.9641]
1777,[308.43414]
1778,[-109.142914]
1779,[2277.939]
1780,[102.17087]
1781,[12.378616]
1782,[-53.812332]
1783,[151.18953]
1784,[107.04884]
1785,[-89.3031]
1786,[-63.795288]
1787,[-115.97833]
1788,[-100.11055]
1789,[-65.80463]
1790,[-75.1749]
1791,[57.185623]
1792,[-10.342316]
1793,[2279.3313]
1794,[554.6487]
1795,[-95.243805]
1796,[-36.181076]
1797,[-88.46907]
1798,[-115.95279]
1799,[134.72174]
1800,[34.09642]
1801,[611.4827]
1802,[-115.931885]
1803,[126.688354]
1804,[643.16113]
1805,[-52.482666]
1806,[56.482193]
1807,[2276.6548]
1808,[-83.78845]
1809,[-31.622513]
1810,[-73.60756]
1811,[14.859756]
1812,[-85.25897]
1813,[2277.2297]
1814,[-108.09712]
1815,[51.386215]
1816,[-115.888336]
1817,[-0.8117676]
1818,[-90.86136]
1819,[-4.5338593]
1820,[-84.705826]
1821,[-7.9306946]
1822,[-94.990555]
1823,[-115.82907]
1824,[2276.0605]
1825,[-115.60454]
1826,[-115.71231]
1827,[91.208206]
1828,[2278.4817]
1829,[119.20932]
1830,[-115.929565]
1831,[-110.3033]
1832,[-37.516144]
1833,[-108.99194]
1834,[-96.39633]
1835,[84.44597]
1836,[3.4725494]
1837,[61.45114]
1838,[244.51419]
1839,[2278.9556]
1840,[545.20074]
1841,[-77.8927]
1842,[2277.9912]
1843,[2278.934]
1844,[-108.361755]
1845,[-62.40645]
1846,[-2.1546783]
1847,[532.62335]
1848,[-109.46765]
1849,[259.9248]
1850,[-30.67009]
1851,[137.68886]
1852,[34.47499]
1853,[129.15518]
1854,[-72.832306]
1855,[-115.83919]
1856,[54.83464]
1857,[-80.58046]
1858,[-96.97685]
1859,[51.65831]
1860,[-79.219894]
1861,[-85.51767]
1862,[104.50174]
1863,[122.41519]
1864,[-96.52257]
1865,[-100.59419]
1866,[33.902374]
1867,[67.809265]
1868,[-109.1945]
1869,[-9.048859]
1870,[-111.21797]
1871,[-115.97919]
1872,[-101.51329]
1873,[-44.919907]
1874,[119.49802]
1875,[-61.410553]
1876,[-29.123795]
1877,[-115.7592]
1878,[-66.6432]
1879,[30.104874]
1880,[-109.12714]
1881,[-106.42804]
1882,[-115.83919]
1883,[109.10939]
1884,[563.761]
1885,[20.144058]
1886,[-37.76764]
1887,[331.95288]
1888,[88.6559]
1889,[2276.3032]
1890,[2276.9648]
1891,[-109.26282]
1892,[-67.40665]
1893,[-115.92717]
1894,[-115.97769]
1895,[-99.54857]
1896,[-115.908905]
1897,[-61.82469]
1898,[3.9512482]
1899,[-38.627518]
1900,[79.0771]
1901,[-76.9335]
1902,[-115.98122]
1903,[-115.954346]
1904,[106.9191]
1905,[250.87383]
1906,[-56.424744]
1907,[-99.83365]
1908,[-8.507828]
1909,[-108.733]
1910,[55.671097]
1911,[-92.75662]
1912,[638.0536]
1913,[-115.84602]
1914,[-107.6828]
1915,[71.327835]
1916,[2276.663]
1917,[52.680695]
1918,[-86.783264]
1919,[-95.054184]
1920,[544.964]
1921,[2275.9578]
1922,[2279.769]
1923,[-87.571304]
1924,[38.02887]
1925,[37.49379]
1926,[-76.31351]
1927,[-82.909225]
1928,[121.677414]
1929,[-107.11771]
1930,[-84.72026]
1931,[-111.384964]
1932,[-9.008835]
1933,[164.23674]
1934,[-106.804]
1935,[-23.280579]
1936,[-75.9852]
1937,[162.49947]
1938,[-17.212189]
1939,[55.625946]
1940,[-109.82277]
1941,[-104.62361]
1942,[96.39903]
1943,[238.43365]
1944,[559.463]
1945,[42.46115]
1946,[145.59879]
1947,[-63.326157]
1948,[301.11865]
1949,[98.75476]
1950,[-74.92885]
1951,[43.493484]
1952,[-102.85745]
1953,[-105.57306]
1954,[2276.3936]
1955,[-55.935852]
1956,[-107.877106]
1957,[721.3333]
1958,[58.435944]
1959,[538.4731]
1960,[2279.264]
1961,[-51.257675]
1962,[-65.26262]
1963,[-115.815216]
1964,[541.3291]
1965,[4.1188965]
1966,[-39.72339]
1967,[2.8289795]
1968,[738.9007]
1969,[522.3314]
1970,[-56.14273]
1971,[-84.741684]
1972,[100.03688]
1973,[2279.271]
1974,[-15.034775]
1975,[2277.1396]
1976,[-52.357147]
1977,[-41.54985]
1978,[-20.519379]
1979,[54.598907]
1980,[97.670395]
1981,[623.3834]
1982,[-107.48506]
1983,[-28.792068]
1984,[18.459122]
1985,[-9.571655]
1986,[-88.583176]
1987,[2277.3877]
1988,[-70.77702]
1989,[-20.766922]
1990,[-115.956314]
1991,[2279.0808]
1992,[-31.207123]
1993,[57.107193]
1994,[2276.5796]
1995,[-93.83299]
1996,[677.1641]
1997,[2278.2905]
1998,[96.51309]
1999,[91.6754]
2000,[732.1394]
