Episodio,Puntaje
1,[2100.]
2,[2100.]
3,[572.]
4,[380.]
5,[1820.]
6,[2100.]
7,[2100.]
8,[476.]
9,[2100.]
10,[636.]
11,[2100.]
12,[2100.]
13,[2100.]
14,[412.]
15,[1660.]
16,[2100.]
17,[2100.]
18,[636.]
19,[2100.]
20,[2100.]
21,[636.]
22,[2100.]
23,[1276.]
24,[2100.]
25,[1340.]
26,[2100.]
27,[2100.]
28,[2100.]
29,[2100.]
30,[2100.]
31,[2100.]
32,[444.]
33,[2100.]
34,[2100.]
35,[956.]
36,[316.]
37,[2100.]
38,[2100.]
39,[2100.]
40,[444.]
41,[2100.]
42,[476.]
43,[1340.]
44,[2100.]
45,[668.]
46,[2100.]
47,[1820.]
48,[2100.]
49,[284.]
50,[2100.]
51,[380.]
52,[572.]
53,[2100.]
54,[1180.]
55,[2100.]
56,[1436.]
57,[284.]
58,[1244.]
59,[2100.]
60,[2100.]
61,[412.]
62,[1244.]
63,[380.]
64,[860.]
65,[380.]
66,[1788.]
67,[380.]
68,[476.]
69,[2100.]
70,[412.]
71,[2100.]
72,[380.]
73,[316.]
74,[2100.]
75,[476.]
76,[2100.]
77,[2100.]
78,[1116.]
79,[2100.]
80,[2100.]
81,[2100.]
82,[2100.]
83,[2100.]
84,[1276.]
85,[540.]
86,[572.]
87,[2100.]
88,[2100.]
89,[668.]
90,[668.]
91,[2100.]
92,[956.]
93,[380.]
94,[860.]
95,[572.]
96,[860.]
97,[2100.]
98,[892.]
99,[732.]
100,[2100.]
101,[2100.]
102,[2100.]
103,[572.]
104,[1020.]
105,[1404.]
106,[1084.]
107,[892.]
108,[1340.]
109,[2100.]
110,[2100.]
111,[2100.]
112,[1244.]
113,[2100.]
114,[636.]
115,[476.]
116,[2100.]
117,[1980.]
118,[284.]
119,[2100.]
120,[2100.]
121,[2100.]
122,[668.]
123,[2100.]
124,[2100.]
125,[2100.]
126,[380.]
127,[2100.]
128,[1052.]
129,[2100.]
130,[1148.]
131,[764.]
132,[2100.]
133,[2100.]
134,[1340.]
135,[892.]
136,[380.]
137,[284.]
138,[2100.]
139,[2100.]
140,[2100.]
141,[2100.]
142,[796.]
143,[2100.]
144,[2100.]
145,[2100.]
146,[2100.]
147,[1468.]
148,[1148.]
149,[2100.]
150,[380.]
151,[828.]
152,[2100.]
153,[956.]
154,[2100.]
155,[1404.]
156,[1980.]
157,[2100.]
158,[2100.]
159,[2100.]
160,[796.]
161,[2100.]
162,[2100.]
163,[988.]
164,[2100.]
165,[2100.]
166,[1564.]
167,[2100.]
168,[1180.]
169,[2100.]
170,[2100.]
171,[1340.]
172,[2100.]
173,[1180.]
174,[2100.]
175,[2100.]
176,[2100.]
177,[2100.]
178,[348.]
179,[1244.]
180,[988.]
181,[2100.]
182,[1980.]
183,[2100.]
184,[2100.]
185,[2100.]
186,[2100.]
187,[796.]
188,[892.]
189,[2100.]
190,[2100.]
191,[2100.]
192,[2100.]
193,[1532.]
194,[2100.]
195,[2100.]
196,[2100.]
197,[572.]
198,[2100.]
199,[1276.]
200,[2100.]
201,[2100.]
202,[2100.]
203,[2100.]
204,[2100.]
205,[2100.]
206,[380.]
207,[2100.]
208,[2100.]
209,[1404.]
210,[2100.]
211,[2100.]
212,[2100.]
213,[444.]
214,[1596.]
215,[2100.]
216,[2100.]
217,[2100.]
218,[764.]
219,[476.]
220,[2100.]
221,[796.]
222,[2100.]
223,[284.]
224,[2100.]
225,[2100.]
226,[2100.]
227,[2100.]
228,[1596.]
229,[2100.]
230,[2100.]
231,[2100.]
232,[2100.]
233,[316.]
234,[2100.]
235,[2100.]
236,[348.]
237,[2100.]
238,[444.]
239,[2100.]
240,[2100.]
241,[2100.]
242,[1084.]
243,[476.]
244,[2100.]
245,[2100.]
246,[2100.]
247,[732.]
248,[2100.]
249,[1276.]
250,[2100.]
251,[1500.]
252,[636.]
253,[1084.]
254,[2100.]
255,[2100.]
256,[2100.]
257,[2100.]
258,[1980.]
259,[2100.]
260,[860.]
261,[2100.]
262,[2100.]
263,[2100.]
264,[2100.]
265,[2100.]
266,[2100.]
267,[2100.]
268,[2100.]
269,[2100.]
270,[572.]
271,[860.]
272,[2100.]
273,[1340.]
274,[892.]
275,[2100.]
276,[2100.]
277,[2100.]
278,[668.]
279,[2100.]
280,[636.]
281,[2100.]
282,[1468.]
283,[2100.]
284,[2100.]
285,[2100.]
286,[2100.]
287,[380.]
288,[2100.]
289,[2100.]
290,[412.]
291,[988.]
292,[476.]
293,[1788.]
294,[2100.]
295,[2100.]
296,[1596.]
297,[1404.]
298,[2100.]
299,[2100.]
300,[2100.]
301,[2100.]
302,[2100.]
303,[2100.]
304,[1756.]
305,[1052.]
306,[2100.]
307,[2100.]
308,[2100.]
309,[2100.]
310,[2100.]
311,[2100.]
312,[284.]
313,[2100.]
314,[2100.]
315,[2100.]
316,[316.]
317,[2100.]
318,[796.]
319,[2100.]
320,[284.]
321,[2100.]
322,[2100.]
323,[2100.]
324,[2100.]
325,[1276.]
326,[860.]
327,[1180.]
328,[796.]
329,[380.]
330,[1404.]
331,[924.]
332,[1340.]
333,[2100.]
334,[1436.]
335,[2100.]
336,[2100.]
337,[2100.]
338,[2100.]
339,[2100.]
340,[1564.]
341,[2100.]
342,[2100.]
343,[860.]
344,[1404.]
345,[796.]
346,[284.]
347,[476.]
348,[892.]
349,[2100.]
350,[2100.]
351,[2100.]
352,[476.]
353,[284.]
354,[2100.]
355,[2100.]
356,[2100.]
357,[2100.]
358,[2100.]
359,[316.]
360,[2100.]
361,[2100.]
362,[2100.]
363,[2100.]
364,[2100.]
365,[2100.]
366,[1660.]
367,[2100.]
368,[380.]
369,[2100.]
370,[2100.]
371,[2100.]
372,[2100.]
373,[2100.]
374,[2100.]
375,[2100.]
376,[380.]
377,[2100.]
378,[2100.]
379,[2100.]
380,[1308.]
381,[2100.]
382,[1276.]
383,[2100.]
384,[2100.]
385,[2100.]
386,[348.]
387,[2100.]
388,[1628.]
389,[1916.]
390,[476.]
391,[1276.]
392,[2100.]
393,[2100.]
394,[1340.]
395,[2100.]
396,[2100.]
397,[2100.]
398,[892.]
399,[2100.]
400,[2100.]
401,[1276.]
402,[476.]
403,[1180.]
404,[2100.]
405,[1468.]
406,[1628.]
407,[1756.]
408,[1820.]
409,[1500.]
410,[284.]
411,[2100.]
412,[636.]
413,[476.]
414,[572.]
415,[412.]
416,[956.]
417,[2100.]
418,[412.]
419,[412.]
420,[2100.]
421,[924.]
422,[2100.]
423,[2100.]
424,[444.]
425,[2100.]
426,[2100.]
427,[1884.]
428,[668.]
429,[2100.]
430,[284.]
431,[668.]
432,[476.]
433,[2100.]
434,[2100.]
435,[540.]
436,[2100.]
437,[348.]
438,[2100.]
439,[1084.]
440,[2100.]
441,[1916.]
442,[2100.]
443,[1500.]
444,[2100.]
445,[732.]
446,[316.]
447,[2100.]
448,[2100.]
449,[348.]
450,[924.]
451,[2100.]
452,[380.]
453,[2100.]
454,[2100.]
455,[2100.]
456,[2100.]
457,[412.]
458,[2100.]
459,[284.]
460,[380.]
461,[284.]
462,[2100.]
463,[1692.]
464,[732.]
465,[2100.]
466,[1308.]
467,[2100.]
468,[2100.]
469,[2100.]
470,[2100.]
471,[2100.]
472,[2100.]
473,[1596.]
474,[380.]
475,[2100.]
476,[476.]
477,[2100.]
478,[2100.]
479,[1468.]
480,[2100.]
481,[2100.]
482,[2100.]
483,[284.]
484,[380.]
485,[2100.]
486,[380.]
487,[1660.]
488,[284.]
489,[380.]
490,[2100.]
491,[2100.]
492,[604.]
493,[2100.]
494,[1788.]
495,[2100.]
496,[2100.]
497,[2100.]
498,[476.]
499,[540.]
500,[2100.]
501,[1852.]
502,[508.]
503,[2100.]
504,[1180.]
505,[284.]
506,[2100.]
507,[2100.]
508,[2100.]
509,[380.]
510,[1340.]
511,[1340.]
512,[508.]
513,[2100.]
514,[2100.]
515,[924.]
516,[2100.]
517,[2100.]
518,[1916.]
519,[2100.]
520,[2100.]
521,[2100.]
522,[2100.]
523,[2100.]
524,[2100.]
525,[892.]
526,[2100.]
527,[2100.]
528,[2100.]
529,[1628.]
530,[380.]
531,[2100.]
532,[2100.]
533,[2100.]
534,[668.]
535,[2100.]
536,[2100.]
537,[2100.]
538,[2100.]
539,[2100.]
540,[2100.]
541,[2100.]
542,[476.]
543,[2100.]
544,[2100.]
545,[1020.]
546,[2100.]
547,[284.]
548,[348.]
549,[668.]
550,[2100.]
551,[2100.]
552,[2100.]
553,[2100.]
554,[2100.]
555,[2100.]
556,[2100.]
557,[380.]
558,[2100.]
559,[2100.]
560,[2100.]
561,[2100.]
562,[1276.]
563,[1116.]
564,[412.]
565,[2100.]
566,[2100.]
567,[1244.]
568,[2100.]
569,[1564.]
570,[2100.]
571,[380.]
572,[2100.]
573,[1372.]
574,[2100.]
575,[2100.]
576,[380.]
577,[2100.]
578,[2100.]
579,[2100.]
580,[316.]
581,[2100.]
582,[2100.]
583,[2100.]
584,[2100.]
585,[2100.]
586,[1468.]
587,[1276.]
588,[2100.]
589,[380.]
590,[2100.]
591,[316.]
592,[2100.]
593,[2100.]
594,[2100.]
595,[476.]
596,[2100.]
597,[2100.]
598,[2100.]
599,[2100.]
600,[892.]
601,[2100.]
602,[732.]
603,[2100.]
604,[380.]
605,[668.]
606,[476.]
607,[988.]
608,[2100.]
609,[2100.]
610,[1532.]
611,[2100.]
612,[2100.]
613,[2100.]
614,[2100.]
615,[2100.]
616,[2100.]
617,[668.]
618,[284.]
619,[2100.]
620,[1180.]
621,[1180.]
622,[2100.]
623,[2100.]
624,[2100.]
625,[2100.]
626,[2100.]
627,[2100.]
628,[284.]
629,[764.]
630,[2100.]
631,[2100.]
632,[2100.]
633,[316.]
634,[412.]
635,[924.]
636,[2100.]
637,[2100.]
638,[2100.]
639,[2100.]
640,[1020.]
641,[860.]
642,[2100.]
643,[1948.]
644,[1052.]
645,[2100.]
646,[2100.]
647,[2100.]
648,[2100.]
649,[2100.]
650,[2100.]
651,[1436.]
652,[2100.]
653,[2100.]
654,[1052.]
655,[2100.]
656,[2100.]
657,[2100.]
658,[380.]
659,[956.]
660,[2100.]
661,[2100.]
662,[572.]
663,[2100.]
664,[668.]
665,[2100.]
666,[668.]
667,[796.]
668,[1724.]
669,[2100.]
670,[2100.]
671,[508.]
672,[1084.]
673,[2100.]
674,[2100.]
675,[1212.]
676,[700.]
677,[2100.]
678,[380.]
679,[2100.]
680,[796.]
681,[2100.]
682,[2100.]
683,[1276.]
684,[2100.]
685,[2100.]
686,[2100.]
687,[1372.]
688,[2100.]
689,[2100.]
690,[2100.]
691,[2100.]
692,[2100.]
693,[1788.]
694,[2100.]
695,[572.]
696,[2100.]
697,[1756.]
698,[2100.]
699,[2100.]
700,[572.]
701,[412.]
702,[2100.]
703,[476.]
704,[284.]
705,[2100.]
706,[2100.]
707,[2100.]
708,[892.]
709,[796.]
710,[2100.]
711,[2100.]
712,[284.]
713,[2100.]
714,[1468.]
715,[732.]
716,[2100.]
717,[2100.]
718,[1500.]
719,[284.]
720,[2100.]
721,[2100.]
722,[1276.]
723,[2100.]
724,[476.]
725,[1500.]
726,[2100.]
727,[892.]
728,[2100.]
729,[860.]
730,[2100.]
731,[476.]
732,[2100.]
733,[1564.]
734,[476.]
735,[2100.]
736,[2100.]
737,[2100.]
738,[2100.]
739,[316.]
740,[2100.]
741,[316.]
742,[2100.]
743,[2100.]
744,[476.]
745,[2100.]
746,[2100.]
747,[1340.]
748,[1852.]
749,[2100.]
750,[2100.]
751,[380.]
752,[1468.]
753,[1436.]
754,[412.]
755,[2100.]
756,[1756.]
757,[1468.]
758,[1436.]
759,[2100.]
760,[380.]
761,[1980.]
762,[2100.]
763,[1596.]
764,[2100.]
765,[572.]
766,[2100.]
767,[284.]
768,[924.]
769,[380.]
770,[316.]
771,[2100.]
772,[1852.]
773,[1084.]
774,[1276.]
775,[1436.]
776,[956.]
777,[1148.]
778,[2100.]
779,[2100.]
780,[2100.]
781,[604.]
782,[2100.]
783,[1020.]
784,[1532.]
785,[1404.]
786,[1020.]
787,[1660.]
788,[1628.]
789,[2100.]
790,[1212.]
791,[2100.]
792,[2100.]
793,[2100.]
794,[1276.]
795,[2100.]
796,[2100.]
797,[988.]
798,[2100.]
799,[380.]
800,[2100.]
801,[2100.]
802,[2100.]
803,[1340.]
804,[380.]
805,[572.]
806,[2100.]
807,[668.]
808,[2100.]
809,[2100.]
810,[2100.]
811,[892.]
812,[1564.]
813,[1820.]
814,[1116.]
815,[412.]
816,[2100.]
817,[380.]
818,[796.]
819,[2100.]
820,[2100.]
821,[1180.]
822,[604.]
823,[2100.]
824,[796.]
825,[2100.]
826,[2100.]
827,[2100.]
828,[2100.]
829,[2100.]
830,[284.]
831,[2100.]
832,[2100.]
833,[412.]
834,[2100.]
835,[2100.]
836,[2100.]
837,[2100.]
838,[2100.]
839,[1308.]
840,[796.]
841,[668.]
842,[572.]
843,[2100.]
844,[924.]
845,[2100.]
846,[2100.]
847,[284.]
848,[1404.]
849,[2100.]
850,[892.]
851,[540.]
852,[284.]
853,[2100.]
854,[380.]
855,[2100.]
856,[1084.]
857,[2100.]
858,[1948.]
859,[2100.]
860,[2100.]
861,[2100.]
862,[1628.]
863,[1724.]
864,[2100.]
865,[284.]
866,[2100.]
867,[924.]
868,[2100.]
869,[2100.]
870,[2100.]
871,[2100.]
872,[668.]
873,[2100.]
874,[1212.]
875,[2100.]
876,[2100.]
877,[2100.]
878,[2100.]
879,[476.]
880,[2100.]
881,[2100.]
882,[2100.]
883,[2100.]
884,[2100.]
885,[2100.]
886,[2100.]
887,[2100.]
888,[316.]
889,[2100.]
890,[2100.]
891,[2100.]
892,[2100.]
893,[572.]
894,[2100.]
895,[2100.]
896,[2100.]
897,[2100.]
898,[1884.]
899,[2100.]
900,[668.]
901,[2100.]
902,[828.]
903,[1692.]
904,[668.]
905,[1532.]
906,[604.]
907,[1084.]
908,[2100.]
909,[2100.]
910,[956.]
911,[668.]
912,[1788.]
913,[2100.]
914,[1724.]
915,[2100.]
916,[668.]
917,[2100.]
918,[1116.]
919,[2100.]
920,[2100.]
921,[1180.]
922,[572.]
923,[2100.]
924,[2100.]
925,[2100.]
926,[2100.]
927,[2100.]
928,[796.]
929,[1948.]
930,[1212.]
931,[476.]
932,[956.]
933,[2100.]
934,[2100.]
935,[2100.]
936,[508.]
937,[540.]
938,[2100.]
939,[2100.]
940,[2100.]
941,[2100.]
942,[2100.]
943,[2100.]
944,[604.]
945,[2100.]
946,[2100.]
947,[2100.]
948,[2100.]
949,[2100.]
950,[2100.]
951,[2100.]
952,[668.]
953,[476.]
954,[2100.]
955,[1180.]
956,[2100.]
957,[956.]
958,[828.]
959,[2100.]
960,[2100.]
961,[892.]
962,[380.]
963,[2100.]
964,[1084.]
965,[1404.]
966,[540.]
967,[2100.]
968,[2100.]
969,[668.]
970,[892.]
971,[2100.]
972,[2100.]
973,[1308.]
974,[1340.]
975,[2100.]
976,[2100.]
977,[1212.]
978,[2100.]
979,[2100.]
980,[2100.]
981,[2100.]
982,[2100.]
983,[2100.]
984,[2100.]
985,[2100.]
986,[1980.]
987,[2100.]
988,[2100.]
989,[2100.]
990,[2100.]
991,[2100.]
992,[2100.]
993,[700.]
994,[1180.]
995,[2100.]
996,[2100.]
997,[2100.]
998,[2100.]
999,[476.]
1000,[380.]
1001,[1820.]
1002,[700.]
1003,[2100.]
1004,[2100.]
1005,[2100.]
1006,[2100.]
1007,[2100.]
1008,[636.]
1009,[380.]
1010,[2100.]
1011,[604.]
1012,[2100.]
1013,[284.]
1014,[988.]
1015,[796.]
1016,[2100.]
1017,[988.]
1018,[380.]
1019,[2100.]
1020,[572.]
1021,[2100.]
1022,[2100.]
1023,[2100.]
1024,[2100.]
1025,[2100.]
1026,[2100.]
1027,[2100.]
1028,[2100.]
1029,[508.]
1030,[572.]
1031,[1372.]
1032,[1500.]
1033,[1468.]
1034,[1884.]
1035,[2100.]
1036,[732.]
1037,[2100.]
1038,[2100.]
1039,[2100.]
1040,[380.]
1041,[2100.]
1042,[2100.]
1043,[2100.]
1044,[956.]
1045,[572.]
1046,[2100.]
1047,[2100.]
1048,[284.]
1049,[2100.]
1050,[2100.]
1051,[2100.]
1052,[2100.]
1053,[284.]
1054,[1180.]
1055,[636.]
1056,[1852.]
1057,[2100.]
1058,[1276.]
1059,[1340.]
1060,[2100.]
1061,[1212.]
1062,[2100.]
1063,[2100.]
1064,[2100.]
1065,[668.]
1066,[2100.]
1067,[2100.]
1068,[2100.]
1069,[284.]
1070,[1628.]
1071,[380.]
1072,[2100.]
1073,[2100.]
1074,[2100.]
1075,[1212.]
1076,[700.]
1077,[2100.]
1078,[1500.]
1079,[2100.]
1080,[2100.]
1081,[2100.]
1082,[2100.]
1083,[2100.]
1084,[2100.]
1085,[892.]
1086,[1212.]
1087,[2100.]
1088,[2100.]
1089,[380.]
1090,[1020.]
1091,[1916.]
1092,[860.]
1093,[380.]
1094,[380.]
1095,[2100.]
1096,[284.]
1097,[2100.]
1098,[2100.]
1099,[2100.]
1100,[668.]
1101,[2100.]
1102,[1020.]
1103,[2100.]
1104,[2100.]
1105,[1372.]
1106,[2100.]
1107,[2100.]
1108,[2100.]
1109,[2100.]
1110,[2100.]
1111,[2100.]
1112,[700.]
1113,[2100.]
1114,[2100.]
1115,[892.]
1116,[380.]
1117,[1660.]
1118,[1468.]
1119,[540.]
1120,[1596.]
1121,[1724.]
1122,[2100.]
1123,[2100.]
1124,[2100.]
1125,[636.]
1126,[668.]
1127,[2100.]
1128,[988.]
1129,[2100.]
1130,[2100.]
1131,[668.]
1132,[2100.]
1133,[2100.]
1134,[2100.]
1135,[572.]
1136,[2100.]
1137,[668.]
1138,[2100.]
1139,[732.]
1140,[2100.]
1141,[2100.]
1142,[2100.]
1143,[1820.]
1144,[1052.]
1145,[1468.]
1146,[284.]
1147,[668.]
1148,[2100.]
1149,[796.]
1150,[1980.]
1151,[284.]
1152,[2100.]
1153,[668.]
1154,[1532.]
1155,[2100.]
1156,[1212.]
1157,[2100.]
1158,[2100.]
1159,[1980.]
1160,[284.]
1161,[2100.]
1162,[2100.]
1163,[1916.]
1164,[2100.]
1165,[1916.]
1166,[2100.]
1167,[2100.]
1168,[2100.]
1169,[284.]
1170,[2100.]
1171,[380.]
1172,[2100.]
1173,[1916.]
1174,[476.]
1175,[284.]
1176,[2100.]
1177,[1852.]
1178,[2100.]
1179,[1244.]
1180,[1660.]
1181,[1148.]
1182,[284.]
1183,[2100.]
1184,[572.]
1185,[1084.]
1186,[2100.]
1187,[956.]
1188,[2100.]
1189,[1436.]
1190,[412.]
1191,[2100.]
1192,[1084.]
1193,[2100.]
1194,[2100.]
1195,[1276.]
1196,[2100.]
1197,[2100.]
1198,[2100.]
1199,[796.]
1200,[2100.]
1201,[2100.]
1202,[2100.]
1203,[1820.]
1204,[2100.]
1205,[892.]
1206,[476.]
1207,[2100.]
1208,[1852.]
1209,[2100.]
1210,[1404.]
1211,[2100.]
1212,[2100.]
1213,[1276.]
1214,[1180.]
1215,[1628.]
1216,[284.]
1217,[2100.]
1218,[1404.]
1219,[476.]
1220,[2100.]
1221,[2100.]
1222,[860.]
1223,[668.]
1224,[1340.]
1225,[2100.]
1226,[2100.]
1227,[796.]
1228,[2100.]
1229,[2100.]
1230,[2100.]
1231,[2100.]
1232,[2100.]
1233,[2100.]
1234,[700.]
1235,[1436.]
1236,[1564.]
1237,[956.]
1238,[2100.]
1239,[2100.]
1240,[380.]
1241,[2100.]
1242,[1148.]
1243,[2100.]
1244,[2100.]
1245,[2100.]
1246,[1724.]
1247,[2100.]
1248,[444.]
1249,[2100.]
1250,[1532.]
1251,[2100.]
1252,[476.]
1253,[2100.]
1254,[2100.]
1255,[2100.]
1256,[2100.]
1257,[2100.]
1258,[1596.]
1259,[284.]
1260,[2100.]
1261,[412.]
1262,[348.]
1263,[2100.]
1264,[796.]
1265,[284.]
1266,[892.]
1267,[2100.]
1268,[988.]
1269,[2100.]
1270,[796.]
1271,[1468.]
1272,[284.]
1273,[380.]
1274,[2100.]
1275,[2100.]
1276,[2100.]
1277,[2100.]
1278,[1084.]
1279,[2100.]
1280,[284.]
1281,[2100.]
1282,[2100.]
1283,[1084.]
1284,[284.]
1285,[1820.]
1286,[924.]
1287,[2100.]
1288,[2100.]
1289,[1180.]
1290,[2100.]
1291,[2100.]
1292,[2100.]
1293,[284.]
1294,[444.]
1295,[1308.]
1296,[668.]
1297,[956.]
1298,[2100.]
1299,[2100.]
1300,[1468.]
1301,[2100.]
1302,[604.]
1303,[2100.]
1304,[2100.]
1305,[2100.]
1306,[2100.]
1307,[2100.]
1308,[2100.]
1309,[572.]
1310,[604.]
1311,[2100.]
1312,[284.]
1313,[1404.]
1314,[2100.]
1315,[2100.]
1316,[2100.]
1317,[988.]
1318,[2100.]
1319,[1084.]
1320,[636.]
1321,[2100.]
1322,[956.]
1323,[2100.]
1324,[2100.]
1325,[1340.]
1326,[380.]
1327,[892.]
1328,[572.]
1329,[668.]
1330,[892.]
1331,[540.]
1332,[764.]
1333,[540.]
1334,[2100.]
1335,[2100.]
1336,[2100.]
1337,[284.]
1338,[1084.]
1339,[2100.]
1340,[2100.]
1341,[284.]
1342,[444.]
1343,[2100.]
1344,[572.]
1345,[2100.]
1346,[2100.]
1347,[572.]
1348,[2100.]
1349,[1212.]
1350,[2100.]
1351,[284.]
1352,[2100.]
1353,[668.]
1354,[1692.]
1355,[1532.]
1356,[1788.]
1357,[2100.]
1358,[2100.]
1359,[2100.]
1360,[1468.]
1361,[284.]
1362,[476.]
1363,[2100.]
1364,[2100.]
1365,[2100.]
1366,[2100.]
1367,[2100.]
1368,[380.]
1369,[1500.]
1370,[2100.]
1371,[2100.]
1372,[1788.]
1373,[284.]
1374,[2100.]
1375,[1052.]
1376,[2100.]
1377,[1244.]
1378,[668.]
1379,[668.]
1380,[476.]
1381,[988.]
1382,[2100.]
1383,[2100.]
1384,[572.]
1385,[572.]
1386,[2100.]
1387,[2100.]
1388,[2100.]
1389,[2100.]
1390,[2100.]
1391,[2100.]
1392,[2100.]
1393,[2100.]
1394,[284.]
1395,[476.]
1396,[284.]
1397,[2100.]
1398,[796.]
1399,[444.]
1400,[316.]
1401,[2100.]
1402,[2100.]
1403,[2100.]
1404,[2100.]
1405,[2100.]
1406,[2100.]
1407,[2100.]
1408,[2100.]
1409,[1788.]
1410,[1788.]
1411,[2100.]
1412,[1276.]
1413,[284.]
1414,[1916.]
1415,[1980.]
1416,[956.]
1417,[1276.]
1418,[2100.]
1419,[2100.]
1420,[1020.]
1421,[380.]
1422,[2100.]
1423,[2100.]
1424,[1276.]
1425,[1084.]
1426,[2100.]
1427,[476.]
1428,[2100.]
1429,[508.]
1430,[348.]
1431,[476.]
1432,[764.]
1433,[828.]
1434,[1852.]
1435,[2100.]
1436,[2100.]
1437,[2100.]
1438,[2100.]
1439,[956.]
1440,[2100.]
1441,[732.]
1442,[380.]
1443,[2100.]
1444,[2100.]
1445,[2100.]
1446,[380.]
1447,[1916.]
1448,[2100.]
1449,[2100.]
1450,[2100.]
1451,[444.]
1452,[764.]
1453,[1372.]
1454,[1244.]
1455,[1596.]
1456,[2100.]
1457,[2100.]
1458,[316.]
1459,[1468.]
1460,[1532.]
1461,[2100.]
1462,[2100.]
1463,[2100.]
1464,[2100.]
1465,[572.]
1466,[2100.]
1467,[1276.]
1468,[2100.]
1469,[2100.]
1470,[2100.]
1471,[2100.]
1472,[796.]
1473,[2100.]
1474,[2100.]
1475,[2100.]
1476,[2100.]
1477,[2100.]
1478,[1660.]
1479,[2100.]
1480,[2100.]
1481,[2100.]
1482,[2100.]
1483,[2100.]
1484,[732.]
1485,[2100.]
1486,[2100.]
1487,[2100.]
1488,[284.]
1489,[2100.]
1490,[1340.]
1491,[2100.]
1492,[444.]
1493,[284.]
1494,[1180.]
1495,[2100.]
1496,[2100.]
1497,[380.]
1498,[668.]
1499,[2100.]
1500,[2100.]
1501,[2100.]
1502,[2100.]
1503,[2100.]
1504,[2100.]
1505,[284.]
1506,[2100.]
1507,[2100.]
1508,[2100.]
1509,[380.]
1510,[1884.]
1511,[2100.]
1512,[2100.]
1513,[956.]
1514,[2100.]
1515,[348.]
1516,[2100.]
1517,[1244.]
1518,[1468.]
1519,[2100.]
1520,[2100.]
1521,[2100.]
1522,[2100.]
1523,[1308.]
1524,[604.]
1525,[316.]
1526,[2100.]
1527,[1692.]
1528,[2100.]
1529,[2100.]
1530,[1340.]
1531,[2100.]
1532,[380.]
1533,[2100.]
1534,[924.]
1535,[2100.]
1536,[1244.]
1537,[2100.]
1538,[2100.]
1539,[732.]
1540,[2100.]
1541,[2100.]
1542,[764.]
1543,[1116.]
1544,[1596.]
1545,[1244.]
1546,[2100.]
1547,[2100.]
1548,[2100.]
1549,[2100.]
1550,[2100.]
1551,[2100.]
1552,[2100.]
1553,[2100.]
1554,[2100.]
1555,[2100.]
1556,[476.]
1557,[284.]
1558,[2100.]
1559,[2100.]
1560,[2100.]
1561,[2100.]
1562,[2100.]
1563,[1564.]
1564,[924.]
1565,[284.]
1566,[2100.]
1567,[2100.]
1568,[668.]
1569,[2100.]
1570,[1404.]
1571,[1340.]
1572,[1500.]
1573,[2100.]
1574,[2100.]
1575,[1372.]
1576,[412.]
1577,[892.]
1578,[2100.]
1579,[2100.]
1580,[2100.]
1581,[2100.]
1582,[668.]
1583,[1564.]
1584,[348.]
1585,[2100.]
1586,[316.]
1587,[2100.]
1588,[892.]
1589,[1276.]
1590,[380.]
1591,[1180.]
1592,[2100.]
1593,[2100.]
1594,[1180.]
1595,[380.]
1596,[2100.]
1597,[2100.]
1598,[2100.]
1599,[1340.]
1600,[2100.]
1601,[668.]
1602,[1788.]
1603,[2100.]
1604,[2100.]
1605,[2100.]
1606,[2100.]
1607,[2100.]
1608,[668.]
1609,[892.]
1610,[2100.]
1611,[1820.]
1612,[764.]
1613,[2100.]
1614,[604.]
1615,[2100.]
1616,[2100.]
1617,[2100.]
1618,[2100.]
1619,[476.]
1620,[2100.]
1621,[2100.]
1622,[1596.]
1623,[2100.]
1624,[2100.]
1625,[284.]
1626,[2100.]
1627,[1628.]
1628,[2100.]
1629,[2100.]
1630,[700.]
1631,[2100.]
1632,[540.]
1633,[2100.]
1634,[860.]
1635,[2100.]
1636,[924.]
1637,[2100.]
1638,[2100.]
1639,[380.]
1640,[2100.]
1641,[508.]
1642,[2100.]
1643,[412.]
1644,[380.]
1645,[2100.]
1646,[2100.]
1647,[1532.]
1648,[668.]
1649,[2100.]
1650,[540.]
1651,[828.]
1652,[476.]
1653,[1724.]
1654,[348.]
1655,[2100.]
1656,[348.]
1657,[2100.]
1658,[2100.]
1659,[380.]
1660,[988.]
1661,[2100.]
1662,[2100.]
1663,[284.]
1664,[796.]
1665,[2100.]
1666,[2100.]
1667,[2100.]
1668,[444.]
1669,[764.]
1670,[1660.]
1671,[2100.]
1672,[2100.]
1673,[284.]
1674,[2100.]
1675,[2100.]
1676,[2100.]
1677,[284.]
1678,[2100.]
1679,[1276.]
1680,[444.]
1681,[2100.]
1682,[1116.]
1683,[2100.]
1684,[2100.]
1685,[2100.]
1686,[2100.]
1687,[572.]
1688,[2100.]
1689,[1180.]
1690,[2100.]
1691,[1596.]
1692,[348.]
1693,[284.]
1694,[2100.]
1695,[2100.]
1696,[2100.]
1697,[476.]
1698,[2100.]
1699,[2100.]
1700,[1436.]
1701,[1628.]
1702,[2100.]
1703,[2100.]
1704,[2100.]
1705,[2100.]
1706,[1148.]
1707,[732.]
1708,[2100.]
1709,[2100.]
1710,[508.]
1711,[2100.]
1712,[2100.]
1713,[380.]
1714,[2100.]
1715,[508.]
1716,[2100.]
1717,[2100.]
1718,[2100.]
1719,[2100.]
1720,[2100.]
1721,[2100.]
1722,[2100.]
1723,[1084.]
1724,[2100.]
1725,[2100.]
1726,[2100.]
1727,[1756.]
1728,[476.]
1729,[2100.]
1730,[988.]
1731,[1564.]
1732,[1084.]
1733,[2100.]
1734,[2100.]
1735,[2100.]
1736,[2100.]
1737,[2100.]
1738,[1532.]
1739,[2100.]
1740,[2100.]
1741,[2100.]
1742,[1980.]
1743,[2100.]
1744,[2100.]
1745,[316.]
1746,[348.]
1747,[2100.]
1748,[988.]
1749,[636.]
1750,[2100.]
1751,[2100.]
1752,[1052.]
1753,[2100.]
1754,[2100.]
1755,[1148.]
1756,[2100.]
1757,[2100.]
1758,[2100.]
1759,[1180.]
1760,[604.]
1761,[1340.]
1762,[284.]
1763,[508.]
1764,[2100.]
1765,[2100.]
1766,[284.]
1767,[444.]
1768,[572.]
1769,[700.]
1770,[2100.]
1771,[1500.]
1772,[796.]
1773,[2100.]
1774,[2100.]
1775,[668.]
1776,[2100.]
1777,[668.]
1778,[348.]
1779,[1308.]
1780,[2100.]
1781,[2100.]
1782,[476.]
1783,[1564.]
1784,[2100.]
1785,[2100.]
1786,[572.]
1787,[1052.]
1788,[2100.]
1789,[2100.]
1790,[2100.]
1791,[2100.]
1792,[2100.]
1793,[924.]
1794,[764.]
1795,[1148.]
1796,[828.]
1797,[1724.]
1798,[2100.]
1799,[284.]
1800,[476.]
1801,[2100.]
1802,[476.]
1803,[348.]
1804,[1404.]
1805,[668.]
1806,[1404.]
1807,[284.]
1808,[2100.]
1809,[476.]
1810,[1564.]
1811,[2100.]
1812,[2100.]
1813,[2100.]
1814,[1372.]
1815,[860.]
1816,[2100.]
1817,[2100.]
1818,[2100.]
1819,[2100.]
1820,[2100.]
1821,[2100.]
1822,[476.]
1823,[572.]
1824,[1244.]
1825,[2100.]
1826,[1436.]
1827,[2100.]
1828,[2100.]
1829,[2100.]
1830,[2100.]
1831,[2100.]
1832,[2100.]
1833,[668.]
1834,[2100.]
1835,[2100.]
1836,[2100.]
1837,[2100.]
1838,[572.]
1839,[2100.]
1840,[1980.]
1841,[2100.]
1842,[2100.]
1843,[796.]
1844,[572.]
1845,[1468.]
1846,[2100.]
1847,[412.]
1848,[572.]
1849,[732.]
1850,[924.]
1851,[2100.]
1852,[2100.]
1853,[1244.]
1854,[2100.]
1855,[1084.]
1856,[1692.]
1857,[2100.]
1858,[2100.]
1859,[1468.]
1860,[1276.]
1861,[2100.]
1862,[1372.]
1863,[796.]
1864,[2100.]
1865,[2100.]
1866,[380.]
1867,[1020.]
1868,[284.]
1869,[668.]
1870,[2100.]
1871,[2100.]
1872,[2100.]
1873,[2100.]
1874,[1724.]
1875,[1020.]
1876,[1052.]
1877,[764.]
1878,[2100.]
1879,[1180.]
1880,[2100.]
1881,[2100.]
1882,[2100.]
1883,[2100.]
1884,[2100.]
1885,[476.]
1886,[572.]
1887,[1276.]
1888,[1724.]
1889,[828.]
1890,[2100.]
1891,[2100.]
1892,[1308.]
1893,[2100.]
1894,[2100.]
1895,[2100.]
1896,[284.]
1897,[2100.]
1898,[2100.]
1899,[2100.]
1900,[764.]
1901,[988.]
1902,[284.]
1903,[956.]
1904,[700.]
1905,[1468.]
1906,[2100.]
1907,[380.]
1908,[1020.]
1909,[2100.]
1910,[2100.]
1911,[1692.]
1912,[1180.]
1913,[2100.]
1914,[764.]
1915,[1084.]
1916,[1884.]
1917,[668.]
1918,[892.]
1919,[284.]
1920,[2100.]
1921,[1212.]
1922,[2100.]
1923,[1244.]
1924,[2100.]
1925,[2100.]
1926,[1020.]
1927,[2100.]
1928,[2100.]
1929,[2100.]
1930,[316.]
1931,[2100.]
1932,[2100.]
1933,[2100.]
1934,[412.]
1935,[2100.]
1936,[2100.]
1937,[2100.]
1938,[2100.]
1939,[1468.]
1940,[2100.]
1941,[412.]
1942,[284.]
1943,[668.]
1944,[2100.]
1945,[2100.]
1946,[1532.]
1947,[1660.]
1948,[764.]
1949,[1820.]
1950,[892.]
1951,[2100.]
1952,[2100.]
1953,[284.]
1954,[2100.]
1955,[2100.]
1956,[2100.]
1957,[2100.]
1958,[1212.]
1959,[2100.]
1960,[444.]
1961,[2100.]
1962,[2100.]
1963,[2100.]
1964,[2100.]
1965,[2100.]
1966,[2100.]
1967,[2100.]
1968,[668.]
1969,[2100.]
1970,[2100.]
1971,[2100.]
1972,[988.]
1973,[380.]
1974,[2100.]
1975,[380.]
1976,[860.]
1977,[1852.]
1978,[1532.]
1979,[2100.]
1980,[572.]
1981,[860.]
1982,[2100.]
1983,[828.]
1984,[2100.]
1985,[2100.]
1986,[2100.]
1987,[1724.]
1988,[1276.]
1989,[2100.]
1990,[2100.]
1991,[540.]
1992,[1692.]
1993,[2100.]
1994,[2100.]
1995,[2100.]
1996,[2100.]
1997,[1820.]
1998,[2100.]
1999,[2100.]
2000,[1244.]
2001,[2100.]
2002,[988.]
2003,[2100.]
2004,[2100.]
2005,[412.]
2006,[2100.]
2007,[2100.]
2008,[2100.]
2009,[1916.]
2010,[572.]
2011,[444.]
2012,[2100.]
2013,[380.]
2014,[476.]
2015,[2100.]
2016,[2100.]
2017,[2100.]
2018,[380.]
2019,[2100.]
2020,[572.]
2021,[2100.]
2022,[2100.]
2023,[380.]
2024,[2100.]
2025,[1692.]
2026,[2100.]
2027,[2100.]
2028,[540.]
2029,[380.]
2030,[1404.]
2031,[2100.]
2032,[988.]
2033,[2100.]
2034,[2100.]
2035,[476.]
2036,[2100.]
2037,[2100.]
2038,[2100.]
2039,[572.]
2040,[2100.]
2041,[700.]
2042,[2100.]
2043,[2100.]
2044,[2100.]
2045,[2100.]
2046,[380.]
2047,[1500.]
2048,[1436.]
2049,[1116.]
2050,[2100.]
2051,[2100.]
2052,[508.]
2053,[2100.]
2054,[2100.]
2055,[828.]
2056,[2100.]
2057,[2100.]
2058,[668.]
2059,[1820.]
2060,[2100.]
2061,[2100.]
2062,[2100.]
2063,[1628.]
2064,[2100.]
2065,[1628.]
2066,[892.]
2067,[476.]
2068,[2100.]
2069,[1308.]
2070,[2100.]
2071,[2100.]
2072,[1180.]
2073,[2100.]
2074,[2100.]
2075,[2100.]
2076,[2100.]
2077,[732.]
2078,[1340.]
2079,[1116.]
2080,[2100.]
2081,[2100.]
2082,[444.]
2083,[2100.]
2084,[316.]
2085,[2100.]
2086,[1212.]
2087,[1180.]
2088,[444.]
2089,[2100.]
2090,[2100.]
2091,[2100.]
2092,[2100.]
2093,[2100.]
2094,[2100.]
2095,[2100.]
2096,[2100.]
2097,[2100.]
2098,[380.]
2099,[476.]
2100,[476.]
2101,[2100.]
2102,[1884.]
2103,[284.]
2104,[2100.]
2105,[1660.]
2106,[2100.]
2107,[2100.]
2108,[1788.]
2109,[860.]
2110,[2100.]
2111,[2100.]
2112,[796.]
2113,[2100.]
2114,[2100.]
2115,[2100.]
2116,[380.]
2117,[348.]
2118,[2100.]
2119,[1788.]
2120,[2100.]
2121,[284.]
2122,[2100.]
2123,[476.]
2124,[2100.]
2125,[988.]
2126,[2100.]
2127,[476.]
2128,[1340.]
2129,[1244.]
2130,[284.]
2131,[2100.]
2132,[1884.]
2133,[1084.]
2134,[2100.]
2135,[2100.]
2136,[2100.]
2137,[1532.]
2138,[956.]
2139,[2100.]
2140,[2100.]
2141,[2100.]
2142,[2100.]
2143,[2100.]
2144,[2100.]
2145,[1692.]
2146,[2100.]
2147,[2100.]
2148,[2100.]
2149,[1084.]
2150,[476.]
2151,[1564.]
2152,[668.]
2153,[380.]
2154,[2100.]
2155,[1468.]
2156,[2100.]
2157,[2100.]
2158,[2100.]
2159,[892.]
2160,[2100.]
2161,[2100.]
2162,[284.]
2163,[2100.]
2164,[2100.]
2165,[2100.]
2166,[2100.]
2167,[796.]
2168,[2100.]
2169,[2100.]
2170,[2100.]
2171,[668.]
2172,[2100.]
2173,[1948.]
2174,[2100.]
2175,[2100.]
2176,[2100.]
2177,[2100.]
2178,[380.]
2179,[380.]
2180,[2100.]
2181,[1020.]
2182,[284.]
2183,[796.]
2184,[1116.]
2185,[2100.]
2186,[1148.]
2187,[284.]
2188,[2100.]
2189,[380.]
2190,[1660.]
2191,[2100.]
2192,[668.]
2193,[2100.]
2194,[1436.]
2195,[2100.]
2196,[2100.]
2197,[2100.]
2198,[2100.]
2199,[2100.]
2200,[828.]
2201,[2100.]
2202,[1532.]
2203,[572.]
2204,[2100.]
2205,[1788.]
2206,[2100.]
2207,[2100.]
2208,[1116.]
2209,[2100.]
2210,[2100.]
2211,[2100.]
2212,[1276.]
2213,[2100.]
2214,[2100.]
2215,[828.]
2216,[572.]
2217,[2100.]
2218,[2100.]
2219,[2100.]
2220,[444.]
2221,[604.]
2222,[2100.]
2223,[1692.]
2224,[1532.]
2225,[380.]
2226,[1084.]
2227,[2100.]
2228,[2100.]
2229,[380.]
2230,[2100.]
2231,[2100.]
2232,[284.]
2233,[2100.]
2234,[2100.]
2235,[2100.]
2236,[636.]
2237,[2100.]
2238,[2100.]
2239,[2100.]
2240,[2100.]
2241,[2100.]
2242,[2100.]
2243,[2100.]
2244,[2100.]
2245,[2100.]
2246,[732.]
2247,[1788.]
2248,[2100.]
2249,[412.]
2250,[2100.]
2251,[2100.]
2252,[2100.]
2253,[828.]
2254,[1468.]
2255,[2100.]
2256,[1660.]
2257,[2100.]
2258,[2100.]
2259,[2100.]
2260,[1308.]
2261,[2100.]
2262,[2100.]
2263,[2100.]
2264,[2100.]
2265,[2100.]
2266,[1212.]
2267,[668.]
2268,[1564.]
2269,[1468.]
2270,[1628.]
2271,[2100.]
2272,[2100.]
2273,[2100.]
2274,[2100.]
2275,[1084.]
2276,[1148.]
2277,[2100.]
2278,[2100.]
2279,[380.]
2280,[2100.]
2281,[1244.]
2282,[2100.]
2283,[2100.]
2284,[2100.]
2285,[2100.]
2286,[1468.]
2287,[2100.]
2288,[1116.]
2289,[2100.]
2290,[2100.]
2291,[1820.]
2292,[892.]
2293,[2100.]
2294,[2100.]
2295,[2100.]
2296,[2100.]
2297,[2100.]
2298,[2100.]
2299,[380.]
2300,[1884.]
2301,[1244.]
2302,[284.]
2303,[1276.]
2304,[444.]
2305,[1244.]
2306,[1308.]
2307,[2100.]
2308,[1500.]
2309,[2100.]
2310,[2100.]
2311,[2100.]
2312,[892.]
2313,[2100.]
2314,[2100.]
2315,[2100.]
2316,[2100.]
2317,[956.]
2318,[1372.]
2319,[1116.]
2320,[444.]
2321,[2100.]
2322,[2100.]
2323,[892.]
2324,[476.]
2325,[700.]
2326,[1660.]
2327,[2100.]
2328,[2100.]
2329,[1852.]
2330,[2100.]
2331,[2100.]
2332,[892.]
2333,[2100.]
2334,[700.]
2335,[380.]
2336,[1020.]
2337,[476.]
2338,[604.]
2339,[2100.]
2340,[2100.]
2341,[2100.]
2342,[380.]
2343,[2100.]
2344,[2100.]
2345,[2100.]
2346,[2100.]
2347,[2100.]
2348,[2100.]
2349,[2100.]
2350,[668.]
2351,[1468.]
2352,[2100.]
2353,[892.]
2354,[668.]
2355,[2100.]
2356,[1084.]
2357,[988.]
2358,[2100.]
2359,[2100.]
2360,[892.]
2361,[2100.]
2362,[1724.]
2363,[2100.]
2364,[572.]
2365,[284.]
2366,[572.]
2367,[2100.]
2368,[380.]
2369,[476.]
2370,[668.]
2371,[2100.]
2372,[2100.]
2373,[2100.]
2374,[2100.]
2375,[924.]
2376,[892.]
2377,[1180.]
2378,[2100.]
2379,[284.]
2380,[2100.]
2381,[2100.]
2382,[2100.]
2383,[2100.]
2384,[380.]
2385,[2100.]
2386,[2100.]
2387,[2100.]
2388,[1180.]
2389,[1628.]
2390,[2100.]
2391,[1884.]
2392,[2100.]
2393,[284.]
2394,[1948.]
2395,[2100.]
2396,[2100.]
2397,[2100.]
2398,[2100.]
2399,[892.]
2400,[476.]
2401,[1372.]
2402,[1916.]
2403,[1052.]
2404,[2100.]
2405,[2100.]
2406,[2100.]
2407,[2100.]
2408,[2100.]
2409,[380.]
2410,[2100.]
2411,[2100.]
2412,[2100.]
2413,[924.]
2414,[284.]
2415,[2100.]
2416,[2100.]
2417,[2100.]
2418,[2100.]
2419,[1180.]
2420,[2100.]
2421,[1372.]
2422,[1180.]
2423,[2100.]
2424,[2100.]
2425,[2100.]
2426,[2100.]
2427,[2100.]
2428,[412.]
2429,[2100.]
2430,[2100.]
2431,[2100.]
2432,[316.]
2433,[2100.]
2434,[2100.]
2435,[476.]
2436,[1692.]
2437,[284.]
2438,[2100.]
2439,[2100.]
2440,[732.]
2441,[892.]
2442,[2100.]
2443,[2100.]
2444,[2100.]
2445,[1148.]
2446,[2100.]
2447,[2100.]
2448,[2100.]
2449,[2100.]
2450,[1468.]
2451,[2100.]
2452,[1468.]
2453,[2100.]
2454,[1244.]
2455,[2100.]
2456,[2100.]
2457,[700.]
2458,[2100.]
2459,[828.]
2460,[2100.]
2461,[2100.]
2462,[476.]
2463,[2100.]
2464,[2100.]
2465,[1724.]
2466,[988.]
2467,[2100.]
2468,[2100.]
2469,[2100.]
2470,[2100.]
2471,[2100.]
2472,[2100.]
2473,[668.]
2474,[572.]
2475,[2100.]
2476,[2100.]
2477,[316.]
2478,[2100.]
2479,[1500.]
2480,[2100.]
2481,[380.]
2482,[1084.]
2483,[1436.]
2484,[732.]
2485,[2100.]
2486,[2100.]
2487,[796.]
2488,[2100.]
2489,[2100.]
2490,[2100.]
2491,[2100.]
2492,[2100.]
2493,[1148.]
2494,[476.]
2495,[2100.]
2496,[2100.]
2497,[892.]
2498,[2100.]
2499,[956.]
2500,[2100.]
2501,[2100.]
2502,[956.]
2503,[668.]
2504,[2100.]
2505,[1244.]
2506,[1468.]
2507,[1884.]
2508,[284.]
2509,[2100.]
2510,[1500.]
2511,[604.]
2512,[444.]
2513,[1916.]
2514,[2100.]
2515,[316.]
2516,[284.]
2517,[988.]
2518,[2100.]
2519,[2100.]
2520,[2100.]
2521,[2100.]
2522,[2100.]
2523,[1788.]
2524,[2100.]
2525,[2100.]
2526,[540.]
2527,[2100.]
2528,[2100.]
2529,[2100.]
2530,[2100.]
2531,[1468.]
2532,[988.]
2533,[2100.]
2534,[2100.]
2535,[1788.]
2536,[380.]
2537,[1372.]
2538,[2100.]
2539,[2100.]
2540,[2100.]
2541,[2100.]
2542,[2100.]
2543,[2100.]
2544,[2100.]
2545,[476.]
2546,[2100.]
2547,[476.]
2548,[2100.]
2549,[1948.]
2550,[380.]
2551,[2100.]
2552,[476.]
2553,[2100.]
2554,[764.]
2555,[1980.]
2556,[572.]
2557,[2100.]
2558,[2100.]
2559,[2100.]
2560,[2100.]
2561,[1404.]
2562,[2100.]
2563,[2100.]
2564,[2100.]
2565,[796.]
2566,[2100.]
2567,[1276.]
2568,[2100.]
2569,[2100.]
2570,[1340.]
2571,[2100.]
2572,[2100.]
2573,[1052.]
2574,[668.]
2575,[956.]
2576,[2100.]
2577,[284.]
2578,[1148.]
2579,[1500.]
2580,[380.]
2581,[2100.]
2582,[2100.]
2583,[2100.]
2584,[2100.]
2585,[2100.]
2586,[380.]
2587,[1308.]
2588,[764.]
2589,[2100.]
2590,[2100.]
2591,[380.]
2592,[2100.]
2593,[2100.]
2594,[2100.]
2595,[2100.]
2596,[2100.]
2597,[1372.]
2598,[2100.]
2599,[1276.]
2600,[2100.]
2601,[572.]
2602,[2100.]
2603,[1724.]
2604,[2100.]
2605,[1724.]
2606,[284.]
2607,[2100.]
2608,[2100.]
2609,[2100.]
2610,[2100.]
2611,[700.]
2612,[2100.]
2613,[540.]
2614,[2100.]
2615,[732.]
2616,[412.]
2617,[284.]
2618,[2100.]
2619,[732.]
2620,[284.]
2621,[572.]
2622,[2100.]
2623,[2100.]
2624,[2100.]
2625,[572.]
2626,[2100.]
2627,[2100.]
2628,[1564.]
2629,[508.]
2630,[2100.]
2631,[2100.]
2632,[892.]
2633,[956.]
2634,[2100.]
2635,[2100.]
2636,[284.]
2637,[2100.]
2638,[2100.]
2639,[1340.]
2640,[2100.]
2641,[2100.]
2642,[2100.]
2643,[2100.]
2644,[1052.]
2645,[572.]
2646,[2100.]
2647,[1404.]
2648,[2100.]
2649,[1564.]
2650,[2100.]
2651,[1948.]
2652,[2100.]
2653,[2100.]
2654,[1052.]
2655,[380.]
2656,[2100.]
2657,[1212.]
2658,[1948.]
2659,[2100.]
2660,[2100.]
2661,[1500.]
2662,[2100.]
2663,[892.]
2664,[2100.]
2665,[2100.]
2666,[2100.]
2667,[476.]
2668,[1276.]
2669,[2100.]
2670,[1372.]
2671,[380.]
2672,[380.]
2673,[2100.]
2674,[2100.]
2675,[2100.]
2676,[2100.]
2677,[2100.]
2678,[1180.]
2679,[2100.]
2680,[284.]
2681,[2100.]
2682,[412.]
2683,[2100.]
2684,[2100.]
2685,[2100.]
2686,[2100.]
2687,[2100.]
2688,[2100.]
2689,[2100.]
2690,[892.]
2691,[2100.]
2692,[476.]
2693,[2100.]
2694,[2100.]
2695,[2100.]
2696,[860.]
2697,[2100.]
2698,[2100.]
2699,[700.]
2700,[1660.]
2701,[284.]
2702,[284.]
2703,[412.]
2704,[796.]
2705,[1276.]
2706,[2100.]
2707,[348.]
2708,[2100.]
2709,[540.]
2710,[700.]
2711,[1180.]
2712,[1756.]
2713,[380.]
2714,[476.]
2715,[668.]
2716,[412.]
2717,[732.]
2718,[2100.]
2719,[1820.]
2720,[1564.]
2721,[2100.]
2722,[2100.]
2723,[2100.]
2724,[1404.]
2725,[1372.]
2726,[2100.]
2727,[988.]
2728,[1052.]
2729,[924.]
2730,[2100.]
2731,[2100.]
2732,[1884.]
2733,[1404.]
2734,[892.]
2735,[2100.]
2736,[1564.]
2737,[380.]
2738,[2100.]
2739,[2100.]
2740,[1788.]
2741,[668.]
2742,[1980.]
2743,[828.]
2744,[1692.]
2745,[2100.]
2746,[2100.]
2747,[2100.]
2748,[476.]
2749,[988.]
2750,[2100.]
2751,[2100.]
2752,[2100.]
2753,[2100.]
2754,[2100.]
2755,[1788.]
2756,[1948.]
2757,[2100.]
2758,[2100.]
2759,[1884.]
2760,[2100.]
2761,[2100.]
2762,[2100.]
2763,[2100.]
2764,[2100.]
2765,[2100.]
2766,[2100.]
2767,[2100.]
2768,[2100.]
2769,[2100.]
2770,[572.]
2771,[2100.]
2772,[2100.]
2773,[2100.]
2774,[2100.]
2775,[2100.]
2776,[1052.]
2777,[2100.]
2778,[412.]
2779,[1404.]
2780,[2100.]
2781,[380.]
2782,[476.]
2783,[668.]
2784,[2100.]
2785,[2100.]
2786,[2100.]
2787,[2100.]
2788,[284.]
2789,[2100.]
2790,[2100.]
2791,[2100.]
2792,[2100.]
2793,[796.]
2794,[1244.]
2795,[572.]
2796,[2100.]
2797,[700.]
2798,[2100.]
2799,[2100.]
2800,[284.]
2801,[1148.]
2802,[2100.]
2803,[2100.]
2804,[540.]
2805,[1180.]
2806,[636.]
2807,[2100.]
2808,[2100.]
2809,[2100.]
2810,[2100.]
2811,[2100.]
2812,[2100.]
2813,[1692.]
2814,[380.]
2815,[2100.]
2816,[2100.]
2817,[508.]
2818,[2100.]
2819,[956.]
2820,[2100.]
2821,[2100.]
2822,[2100.]
2823,[2100.]
2824,[2100.]
2825,[1724.]
2826,[2100.]
2827,[2100.]
2828,[668.]
2829,[924.]
2830,[2100.]
2831,[412.]
2832,[2100.]
2833,[284.]
2834,[2100.]
2835,[2100.]
2836,[860.]
2837,[508.]
2838,[1308.]
2839,[2100.]
2840,[1180.]
2841,[2100.]
2842,[2100.]
2843,[1244.]
2844,[2100.]
2845,[1596.]
2846,[2100.]
2847,[2100.]
2848,[2100.]
2849,[380.]
2850,[2100.]
2851,[1948.]
2852,[1948.]
2853,[380.]
2854,[892.]
2855,[1436.]
2856,[1756.]
2857,[796.]
2858,[2100.]
2859,[892.]
2860,[988.]
2861,[2100.]
2862,[892.]
2863,[988.]
2864,[2100.]
2865,[2100.]
2866,[2100.]
2867,[2100.]
2868,[2100.]
2869,[380.]
2870,[284.]
2871,[2100.]
2872,[2100.]
2873,[2100.]
2874,[2100.]
2875,[1372.]
2876,[348.]
2877,[284.]
2878,[2100.]
2879,[2100.]
2880,[892.]
2881,[2100.]
2882,[892.]
2883,[572.]
2884,[1308.]
2885,[2100.]
2886,[1244.]
2887,[284.]
2888,[796.]
2889,[2100.]
2890,[1500.]
2891,[572.]
2892,[2100.]
2893,[2100.]
2894,[1852.]
2895,[2100.]
2896,[444.]
2897,[828.]
2898,[1500.]
2899,[1180.]
2900,[2100.]
2901,[2100.]
2902,[380.]
2903,[764.]
2904,[284.]
2905,[1084.]
2906,[2100.]
2907,[2100.]
2908,[796.]
2909,[2100.]
2910,[924.]
2911,[2100.]
2912,[2100.]
2913,[2100.]
2914,[2100.]
2915,[1564.]
2916,[2100.]
2917,[2100.]
2918,[892.]
2919,[2100.]
2920,[412.]
2921,[1692.]
2922,[2100.]
2923,[2100.]
2924,[380.]
2925,[2100.]
2926,[1948.]
2927,[2100.]
2928,[1020.]
2929,[2100.]
2930,[380.]
2931,[2100.]
2932,[2100.]
2933,[892.]
2934,[2100.]
2935,[1052.]
2936,[2100.]
2937,[988.]
2938,[2100.]
2939,[2100.]
2940,[2100.]
2941,[636.]
2942,[2100.]
2943,[2100.]
2944,[1084.]
2945,[2100.]
2946,[668.]
2947,[2100.]
2948,[2100.]
2949,[700.]
2950,[2100.]
2951,[284.]
2952,[2100.]
2953,[2100.]
2954,[2100.]
2955,[2100.]
2956,[2100.]
2957,[1532.]
2958,[2100.]
2959,[2100.]
2960,[476.]
2961,[796.]
2962,[2100.]
2963,[380.]
2964,[2100.]
2965,[860.]
2966,[572.]
2967,[2100.]
2968,[2100.]
2969,[2100.]
2970,[1404.]
2971,[2100.]
2972,[380.]
2973,[1404.]
2974,[2100.]
2975,[700.]
2976,[2100.]
2977,[1660.]
2978,[2100.]
2979,[444.]
2980,[2100.]
2981,[2100.]
2982,[860.]
2983,[2100.]
2984,[2100.]
2985,[2100.]
2986,[2100.]
2987,[988.]
2988,[1180.]
2989,[2100.]
2990,[508.]
2991,[2100.]
2992,[1436.]
2993,[2100.]
2994,[2100.]
2995,[1564.]
2996,[284.]
2997,[2100.]
2998,[2100.]
2999,[2100.]
3000,[2100.]
3001,[2100.]
3002,[2100.]
3003,[2100.]
3004,[2100.]
3005,[860.]
3006,[2100.]
3007,[1852.]
3008,[2100.]
3009,[988.]
3010,[2100.]
3011,[2100.]
3012,[1948.]
3013,[1820.]
3014,[2100.]
3015,[2100.]
3016,[284.]
3017,[2100.]
3018,[380.]
3019,[2100.]
3020,[2100.]
3021,[1948.]
3022,[2100.]
3023,[2100.]
3024,[2100.]
3025,[2100.]
3026,[2100.]
3027,[700.]
3028,[2100.]
3029,[1116.]
3030,[828.]
3031,[988.]
3032,[1404.]
3033,[700.]
3034,[2100.]
3035,[668.]
3036,[2100.]
3037,[2100.]
3038,[2100.]
3039,[2100.]
3040,[1532.]
3041,[2100.]
3042,[2100.]
3043,[2100.]
3044,[2100.]
3045,[2100.]
3046,[284.]
3047,[2100.]
3048,[476.]
3049,[2100.]
3050,[2100.]
3051,[2100.]
3052,[284.]
3053,[284.]
3054,[2100.]
3055,[476.]
3056,[892.]
3057,[668.]
3058,[380.]
3059,[604.]
3060,[540.]
3061,[1404.]
3062,[2100.]
3063,[1948.]
3064,[2100.]
3065,[2100.]
3066,[2100.]
3067,[2100.]
3068,[2100.]
3069,[2100.]
3070,[2100.]
3071,[2100.]
3072,[2100.]
3073,[2100.]
3074,[1820.]
3075,[1532.]
3076,[668.]
3077,[1436.]
3078,[2100.]
3079,[668.]
3080,[1596.]
3081,[2100.]
3082,[1404.]
3083,[2100.]
3084,[2100.]
3085,[1980.]
3086,[2100.]
3087,[924.]
3088,[2100.]
3089,[2100.]
3090,[2100.]
3091,[2100.]
3092,[2100.]
3093,[1340.]
3094,[1308.]
3095,[636.]
3096,[2100.]
3097,[2100.]
3098,[2100.]
3099,[2100.]
3100,[2100.]
3101,[476.]
3102,[2100.]
3103,[2100.]
3104,[1180.]
3105,[1276.]
3106,[668.]
3107,[2100.]
3108,[668.]
3109,[2100.]
3110,[2100.]
3111,[2100.]
3112,[2100.]
3113,[1020.]
3114,[1148.]
3115,[2100.]
3116,[924.]
3117,[892.]
3118,[2100.]
3119,[2100.]
3120,[2100.]
3121,[2100.]
3122,[2100.]
3123,[2100.]
3124,[2100.]
3125,[2100.]
3126,[2100.]
3127,[2100.]
3128,[1308.]
3129,[2100.]
3130,[380.]
3131,[2100.]
3132,[316.]
3133,[2100.]
3134,[988.]
3135,[2100.]
3136,[2100.]
3137,[2100.]
3138,[1308.]
3139,[2100.]
3140,[508.]
3141,[604.]
3142,[2100.]
3143,[2100.]
3144,[1660.]
3145,[476.]
3146,[2100.]
3147,[284.]
3148,[636.]
3149,[444.]
3150,[2100.]
3151,[2100.]
3152,[1276.]
3153,[2100.]
3154,[2100.]
3155,[2100.]
3156,[2100.]
3157,[1948.]
3158,[2100.]
3159,[2100.]
3160,[2100.]
3161,[2100.]
3162,[2100.]
3163,[2100.]
3164,[2100.]
3165,[924.]
3166,[1788.]
3167,[508.]
3168,[540.]
3169,[380.]
3170,[2100.]
3171,[2100.]
3172,[2100.]
3173,[892.]
3174,[412.]
3175,[2100.]
3176,[924.]
3177,[892.]
3178,[572.]
3179,[2100.]
3180,[668.]
3181,[2100.]
3182,[1180.]
3183,[2100.]
3184,[1436.]
3185,[2100.]
3186,[2100.]
3187,[2100.]
3188,[2100.]
3189,[380.]
3190,[1244.]
3191,[2100.]
3192,[2100.]
3193,[668.]
3194,[380.]
3195,[732.]
3196,[1948.]
3197,[540.]
3198,[2100.]
3199,[2100.]
3200,[2100.]
3201,[668.]
3202,[1404.]
3203,[2100.]
3204,[2100.]
3205,[2100.]
3206,[1052.]
3207,[2100.]
3208,[284.]
3209,[2100.]
3210,[2100.]
3211,[2100.]
3212,[1244.]
3213,[2100.]
3214,[1884.]
3215,[380.]
3216,[2100.]
3217,[2100.]
3218,[2100.]
3219,[2100.]
3220,[2100.]
3221,[2100.]
3222,[924.]
3223,[2100.]
3224,[2100.]
3225,[2100.]
3226,[1564.]
3227,[2100.]
3228,[2100.]
3229,[956.]
3230,[1084.]
3231,[892.]
3232,[2100.]
3233,[860.]
3234,[2100.]
3235,[2100.]
3236,[2100.]
3237,[2100.]
3238,[2100.]
3239,[2100.]
3240,[1116.]
3241,[2100.]
3242,[860.]
3243,[2100.]
3244,[2100.]
3245,[2100.]
3246,[732.]
3247,[2100.]
3248,[2100.]
3249,[540.]
3250,[1820.]
3251,[764.]
3252,[796.]
3253,[604.]
3254,[1468.]
3255,[2100.]
3256,[764.]
3257,[2100.]
3258,[412.]
3259,[828.]
3260,[540.]
3261,[2100.]
3262,[2100.]
3263,[2100.]
3264,[828.]
3265,[860.]
3266,[2100.]
3267,[2100.]
3268,[1436.]
3269,[1500.]
3270,[2100.]
3271,[2100.]
3272,[2100.]
3273,[2100.]
3274,[380.]
3275,[796.]
3276,[2100.]
3277,[668.]
3278,[444.]
3279,[2100.]
3280,[764.]
3281,[2100.]
3282,[2100.]
3283,[2100.]
3284,[668.]
3285,[2100.]
3286,[2100.]
3287,[2100.]
3288,[2100.]
3289,[2100.]
3290,[2100.]
3291,[2100.]
3292,[1404.]
3293,[284.]
3294,[2100.]
3295,[1340.]
3296,[2100.]
3297,[380.]
3298,[2100.]
3299,[2100.]
3300,[348.]
3301,[604.]
3302,[2100.]
3303,[476.]
3304,[2100.]
3305,[2100.]
3306,[2100.]
3307,[2100.]
3308,[2100.]
3309,[2100.]
3310,[2100.]
3311,[284.]
3312,[2100.]
3313,[892.]
3314,[2100.]
3315,[2100.]
3316,[1500.]
3317,[2100.]
3318,[1020.]
3319,[2100.]
3320,[2100.]
3321,[2100.]
3322,[380.]
3323,[2100.]
3324,[2100.]
3325,[2100.]
3326,[2100.]
3327,[2100.]
3328,[2100.]
3329,[476.]
3330,[2100.]
3331,[380.]
3332,[1084.]
3333,[1788.]
3334,[668.]
3335,[796.]
3336,[1244.]
3337,[2100.]
3338,[2100.]
3339,[412.]
3340,[1660.]
3341,[572.]
3342,[796.]
3343,[860.]
3344,[1244.]
3345,[508.]
3346,[2100.]
3347,[2100.]
3348,[2100.]
3349,[380.]
3350,[2100.]
3351,[572.]
3352,[2100.]
3353,[2100.]
3354,[2100.]
3355,[1372.]
3356,[1468.]
3357,[2100.]
3358,[636.]
3359,[1884.]
3360,[2100.]
3361,[2100.]
3362,[2100.]
3363,[988.]
3364,[2100.]
3365,[2100.]
3366,[380.]
3367,[2100.]
3368,[604.]
3369,[732.]
3370,[2100.]
3371,[2100.]
3372,[1980.]
3373,[1788.]
3374,[604.]
3375,[2100.]
3376,[2100.]
3377,[2100.]
3378,[2100.]
3379,[1820.]
3380,[2100.]
3381,[1884.]
3382,[476.]
3383,[988.]
3384,[2100.]
3385,[700.]
3386,[796.]
3387,[2100.]
3388,[284.]
3389,[1372.]
3390,[380.]
3391,[924.]
3392,[2100.]
3393,[2100.]
3394,[2100.]
3395,[2100.]
3396,[2100.]
3397,[2100.]
3398,[540.]
3399,[668.]
3400,[2100.]
3401,[2100.]
3402,[2100.]
3403,[2100.]
3404,[764.]
3405,[2100.]
3406,[1820.]
3407,[508.]
3408,[2100.]
3409,[2100.]
3410,[2100.]
3411,[2100.]
3412,[2100.]
3413,[2100.]
3414,[2100.]
3415,[2100.]
3416,[2100.]
3417,[2100.]
3418,[412.]
3419,[2100.]
3420,[988.]
3421,[796.]
3422,[2100.]
3423,[1724.]
3424,[2100.]
3425,[2100.]
3426,[668.]
3427,[2100.]
3428,[988.]
3429,[2100.]
3430,[380.]
3431,[476.]
3432,[572.]
3433,[2100.]
3434,[1532.]
3435,[2100.]
3436,[572.]
3437,[2100.]
3438,[348.]
3439,[2100.]
3440,[2100.]
3441,[1052.]
3442,[2100.]
3443,[2100.]
3444,[2100.]
3445,[2100.]
3446,[2100.]
3447,[1404.]
3448,[2100.]
3449,[2100.]
3450,[476.]
3451,[476.]
3452,[2100.]
3453,[2100.]
3454,[2100.]
3455,[1916.]
3456,[2100.]
3457,[572.]
3458,[2100.]
3459,[348.]
3460,[2100.]
3461,[2100.]
3462,[2100.]
3463,[2100.]
3464,[2100.]
3465,[2100.]
3466,[2100.]
3467,[2100.]
3468,[2100.]
3469,[348.]
3470,[284.]
3471,[2100.]
3472,[2100.]
3473,[764.]
3474,[2100.]
3475,[2100.]
3476,[380.]
3477,[924.]
3478,[1180.]
3479,[2100.]
3480,[2100.]
3481,[2100.]
3482,[284.]
3483,[284.]
3484,[316.]
3485,[2100.]
3486,[1852.]
3487,[2100.]
3488,[380.]
3489,[1276.]
3490,[284.]
3491,[988.]
3492,[2100.]
3493,[284.]
3494,[2100.]
3495,[2100.]
3496,[444.]
3497,[636.]
3498,[2100.]
3499,[2100.]
3500,[2100.]
3501,[668.]
3502,[444.]
3503,[2100.]
3504,[636.]
3505,[2100.]
3506,[2100.]
3507,[956.]
3508,[2100.]
3509,[348.]
3510,[2100.]
3511,[2100.]
3512,[604.]
3513,[1468.]
3514,[380.]
3515,[572.]
3516,[2100.]
3517,[1788.]
3518,[1564.]
3519,[380.]
3520,[1916.]
3521,[2100.]
3522,[1244.]
3523,[2100.]
3524,[2100.]
3525,[732.]
3526,[2100.]
3527,[1244.]
3528,[1596.]
3529,[2100.]
3530,[2100.]
3531,[2100.]
3532,[444.]
3533,[2100.]
3534,[2100.]
3535,[2100.]
3536,[2100.]
3537,[2100.]
3538,[2100.]
3539,[1372.]
3540,[668.]
3541,[924.]
3542,[2100.]
3543,[2100.]
3544,[2100.]
3545,[2100.]
3546,[2100.]
3547,[732.]
3548,[380.]
3549,[2100.]
3550,[1276.]
3551,[2100.]
3552,[348.]
3553,[2100.]
3554,[284.]
3555,[828.]
3556,[2100.]
3557,[2100.]
3558,[2100.]
3559,[2100.]
3560,[2100.]
3561,[540.]
3562,[2100.]
3563,[380.]
3564,[2100.]
3565,[1276.]
3566,[2100.]
3567,[1308.]
3568,[1276.]
3569,[380.]
3570,[2100.]
3571,[892.]
3572,[2100.]
3573,[2100.]
3574,[2100.]
3575,[2100.]
3576,[2100.]
3577,[1788.]
3578,[1564.]
3579,[1820.]
3580,[2100.]
3581,[1308.]
3582,[1116.]
3583,[1148.]
3584,[2100.]
3585,[956.]
3586,[2100.]
3587,[444.]
3588,[2100.]
3589,[1916.]
3590,[1212.]
3591,[924.]
3592,[380.]
3593,[284.]
3594,[668.]
3595,[2100.]
3596,[1788.]
3597,[476.]
3598,[2100.]
3599,[2100.]
3600,[2100.]
3601,[284.]
3602,[1244.]
3603,[892.]
3604,[284.]
3605,[1212.]
3606,[988.]
3607,[2100.]
3608,[988.]
3609,[1596.]
3610,[380.]
3611,[476.]
3612,[2100.]
3613,[2100.]
3614,[348.]
3615,[2100.]
3616,[2100.]
3617,[380.]
3618,[2100.]
3619,[1180.]
3620,[2100.]
3621,[1660.]
3622,[2100.]
3623,[2100.]
3624,[2100.]
3625,[2100.]
3626,[2100.]
3627,[284.]
3628,[2100.]
3629,[796.]
3630,[2100.]
3631,[1180.]
3632,[2100.]
3633,[2100.]
3634,[2100.]
3635,[1628.]
3636,[2100.]
3637,[2100.]
3638,[2100.]
3639,[988.]
3640,[2100.]
3641,[2100.]
3642,[2100.]
3643,[2100.]
3644,[2100.]
3645,[2100.]
3646,[2100.]
3647,[2100.]
3648,[2100.]
3649,[1340.]
3650,[2100.]
3651,[2100.]
3652,[2100.]
3653,[572.]
3654,[2100.]
3655,[700.]
3656,[1180.]
3657,[2100.]
3658,[956.]
3659,[2100.]
3660,[2100.]
3661,[2100.]
3662,[2100.]
3663,[2100.]
3664,[2100.]
3665,[1244.]
3666,[540.]
3667,[892.]
3668,[2100.]
3669,[988.]
3670,[380.]
3671,[444.]
3672,[1372.]
3673,[956.]
3674,[2100.]
3675,[988.]
3676,[2100.]
3677,[1116.]
3678,[2100.]
3679,[2100.]
3680,[2100.]
3681,[2100.]
3682,[2100.]
3683,[2100.]
3684,[2100.]
3685,[892.]
3686,[764.]
3687,[572.]
3688,[2100.]
3689,[892.]
3690,[2100.]
3691,[2100.]
3692,[956.]
3693,[2100.]
3694,[988.]
3695,[1180.]
3696,[2100.]
3697,[380.]
3698,[2100.]
3699,[2100.]
3700,[2100.]
3701,[1084.]
3702,[380.]
3703,[572.]
3704,[2100.]
3705,[2100.]
3706,[2100.]
3707,[1308.]
3708,[572.]
3709,[2100.]
3710,[2100.]
3711,[476.]
3712,[732.]
3713,[700.]
3714,[2100.]
3715,[2100.]
3716,[2100.]
3717,[1436.]
3718,[2100.]
3719,[2100.]
3720,[1980.]
3721,[380.]
3722,[380.]
3723,[2100.]
3724,[380.]
3725,[1276.]
3726,[1244.]
3727,[924.]
3728,[380.]
3729,[2100.]
3730,[1468.]
3731,[2100.]
3732,[444.]
3733,[2100.]
3734,[284.]
3735,[2100.]
3736,[2100.]
3737,[764.]
3738,[2100.]
3739,[2100.]
3740,[476.]
3741,[508.]
3742,[2100.]
3743,[1724.]
3744,[1980.]
3745,[2100.]
3746,[796.]
3747,[2100.]
3748,[2100.]
3749,[2100.]
3750,[2100.]
3751,[1820.]
3752,[1244.]
3753,[476.]
3754,[2100.]
3755,[2100.]
3756,[2100.]
3757,[2100.]
3758,[508.]
3759,[764.]
3760,[924.]
3761,[380.]
3762,[2100.]
3763,[1148.]
3764,[2100.]
3765,[1756.]
3766,[2100.]
3767,[2100.]
3768,[1116.]
3769,[2100.]
3770,[476.]
3771,[1596.]
3772,[1180.]
3773,[828.]
3774,[668.]
3775,[2100.]
3776,[2100.]
3777,[2100.]
3778,[1724.]
3779,[2100.]
3780,[668.]
3781,[1148.]
3782,[2100.]
3783,[2100.]
3784,[2100.]
3785,[2100.]
3786,[348.]
3787,[1020.]
3788,[2100.]
3789,[636.]
3790,[2100.]
3791,[2100.]
3792,[1756.]
3793,[892.]
3794,[2100.]
3795,[2100.]
3796,[2100.]
3797,[2100.]
3798,[2100.]
3799,[1372.]
3800,[2100.]
3801,[1436.]
3802,[892.]
3803,[1564.]
3804,[2100.]
3805,[2100.]
3806,[2100.]
3807,[2100.]
3808,[2100.]
3809,[2100.]
3810,[2100.]
3811,[668.]
3812,[2100.]
3813,[2100.]
3814,[1084.]
3815,[2100.]
3816,[508.]
3817,[1212.]
3818,[284.]
3819,[2100.]
3820,[2100.]
3821,[1692.]
3822,[2100.]
3823,[284.]
3824,[2100.]
3825,[988.]
3826,[2100.]
3827,[668.]
3828,[1564.]
3829,[2100.]
3830,[2100.]
3831,[2100.]
3832,[2100.]
3833,[2100.]
3834,[540.]
3835,[1532.]
3836,[668.]
3837,[988.]
3838,[2100.]
3839,[988.]
3840,[1532.]
3841,[2100.]
3842,[988.]
3843,[2100.]
3844,[2100.]
3845,[2100.]
3846,[988.]
3847,[1276.]
3848,[2100.]
3849,[1020.]
3850,[2100.]
3851,[860.]
3852,[636.]
3853,[2100.]
3854,[380.]
3855,[1372.]
3856,[2100.]
3857,[284.]
3858,[1372.]
3859,[2100.]
3860,[2100.]
3861,[380.]
3862,[700.]
3863,[892.]
3864,[2100.]
3865,[668.]
3866,[444.]
3867,[1404.]
3868,[1308.]
3869,[2100.]
3870,[796.]
3871,[476.]
3872,[380.]
3873,[2100.]
3874,[2100.]
3875,[412.]
3876,[2100.]
3877,[2100.]
3878,[1500.]
3879,[2100.]
3880,[2100.]
3881,[540.]
3882,[860.]
3883,[956.]
3884,[380.]
3885,[2100.]
3886,[2100.]
3887,[572.]
3888,[2100.]
3889,[2100.]
3890,[2100.]
3891,[1276.]
3892,[828.]
3893,[2100.]
3894,[2100.]
3895,[2100.]
3896,[2100.]
3897,[1276.]
3898,[1084.]
3899,[476.]
3900,[1468.]
3901,[1564.]
3902,[2100.]
3903,[796.]
3904,[2100.]
3905,[1276.]
3906,[2100.]
3907,[1180.]
3908,[572.]
3909,[1084.]
3910,[668.]
3911,[444.]
3912,[2100.]
3913,[1212.]
3914,[380.]
3915,[668.]
3916,[2100.]
3917,[892.]
3918,[1404.]
3919,[2100.]
3920,[348.]
3921,[700.]
3922,[1244.]
3923,[764.]
3924,[2100.]
3925,[572.]
3926,[1756.]
3927,[2100.]
3928,[2100.]
3929,[2100.]
3930,[2100.]
3931,[2100.]
3932,[2100.]
3933,[2100.]
3934,[2100.]
3935,[444.]
3936,[2100.]
3937,[2100.]
3938,[1852.]
3939,[2100.]
3940,[1628.]
3941,[1596.]
3942,[988.]
3943,[2100.]
3944,[380.]
3945,[1212.]
3946,[2100.]
3947,[2100.]
3948,[1148.]
3949,[2100.]
3950,[2100.]
3951,[2100.]
3952,[1180.]
3953,[2100.]
3954,[2100.]
3955,[2100.]
3956,[2100.]
3957,[2100.]
3958,[2100.]
3959,[2100.]
3960,[2100.]
3961,[1596.]
3962,[2100.]
3963,[2100.]
3964,[2100.]
3965,[732.]
3966,[2100.]
3967,[892.]
3968,[2100.]
3969,[2100.]
3970,[636.]
3971,[2100.]
3972,[2100.]
3973,[412.]
3974,[1148.]
3975,[1308.]
3976,[2100.]
3977,[956.]
3978,[668.]
3979,[2100.]
3980,[2100.]
3981,[2100.]
3982,[1084.]
3983,[796.]
3984,[2100.]
3985,[2100.]
3986,[2100.]
3987,[2100.]
3988,[2100.]
3989,[2100.]
3990,[2100.]
3991,[2100.]
3992,[2100.]
3993,[380.]
3994,[2100.]
3995,[1244.]
3996,[2100.]
3997,[2100.]
3998,[668.]
3999,[284.]
4000,[860.]
4001,[668.]
4002,[2100.]
4003,[2100.]
4004,[2100.]
4005,[2100.]
4006,[2100.]
4007,[2100.]
4008,[2100.]
4009,[828.]
4010,[2100.]
4011,[2100.]
4012,[2100.]
4013,[2100.]
4014,[2100.]
4015,[2100.]
4016,[1564.]
4017,[2100.]
4018,[2100.]
4019,[2100.]
4020,[380.]
4021,[380.]
4022,[2100.]
4023,[2100.]
4024,[1468.]
4025,[988.]
4026,[2100.]
4027,[476.]
4028,[1916.]
4029,[2100.]
4030,[2100.]
4031,[380.]
4032,[284.]
4033,[2100.]
4034,[284.]
4035,[2100.]
4036,[2100.]
4037,[1980.]
4038,[1596.]
4039,[1084.]
4040,[1148.]
4041,[2100.]
4042,[2100.]
4043,[508.]
4044,[2100.]
4045,[2100.]
4046,[1532.]
4047,[2100.]
4048,[2100.]
4049,[1180.]
4050,[2100.]
4051,[1308.]
4052,[476.]
4053,[380.]
4054,[380.]
4055,[2100.]
4056,[380.]
4057,[2100.]
4058,[2100.]
4059,[1084.]
4060,[316.]
4061,[572.]
4062,[2100.]
4063,[2100.]
4064,[2100.]
4065,[2100.]
4066,[2100.]
4067,[412.]
4068,[1276.]
4069,[1628.]
4070,[380.]
4071,[2100.]
4072,[2100.]
4073,[2100.]
4074,[2100.]
4075,[2100.]
4076,[1404.]
4077,[2100.]
4078,[2100.]
4079,[380.]
4080,[924.]
4081,[2100.]
4082,[2100.]
4083,[2100.]
4084,[732.]
4085,[380.]
4086,[444.]
4087,[2100.]
4088,[2100.]
4089,[2100.]
4090,[860.]
4091,[380.]
4092,[2100.]
4093,[2100.]
4094,[1660.]
4095,[2100.]
4096,[1820.]
4097,[2100.]
4098,[1468.]
4099,[572.]
4100,[1436.]
4101,[828.]
4102,[2100.]
4103,[476.]
4104,[284.]
4105,[2100.]
4106,[2100.]
4107,[476.]
4108,[732.]
4109,[2100.]
4110,[2100.]
4111,[2100.]
4112,[2100.]
4113,[2100.]
4114,[732.]
4115,[2100.]
4116,[2100.]
4117,[2100.]
4118,[2100.]
4119,[2100.]
4120,[2100.]
4121,[2100.]
4122,[860.]
4123,[2100.]
4124,[1532.]
4125,[860.]
4126,[2100.]
4127,[1756.]
4128,[2100.]
4129,[1244.]
4130,[540.]
4131,[2100.]
4132,[700.]
4133,[924.]
4134,[1692.]
4135,[2100.]
4136,[2100.]
4137,[988.]
4138,[476.]
4139,[2100.]
4140,[2100.]
4141,[892.]
4142,[2100.]
4143,[2100.]
4144,[2100.]
4145,[2100.]
4146,[348.]
4147,[2100.]
4148,[2100.]
4149,[2100.]
4150,[796.]
4151,[316.]
4152,[1372.]
4153,[2100.]
4154,[2100.]
4155,[2100.]
4156,[2100.]
4157,[284.]
4158,[476.]
4159,[2100.]
4160,[2100.]
4161,[476.]
4162,[2100.]
4163,[2100.]
4164,[892.]
4165,[2100.]
4166,[1244.]
4167,[1532.]
4168,[2100.]
4169,[2100.]
4170,[380.]
4171,[380.]
4172,[2100.]
4173,[284.]
4174,[892.]
4175,[2100.]
4176,[2100.]
4177,[2100.]
4178,[2100.]
4179,[1820.]
4180,[2100.]
4181,[988.]
4182,[2100.]
4183,[2100.]
4184,[2100.]
4185,[572.]
4186,[764.]
4187,[2100.]
4188,[2100.]
4189,[604.]
4190,[2100.]
4191,[2100.]
4192,[1660.]
4193,[2100.]
4194,[1820.]
4195,[2100.]
4196,[1276.]
4197,[2100.]
4198,[316.]
4199,[2100.]
4200,[2100.]
4201,[2100.]
4202,[1436.]
4203,[2100.]
4204,[2100.]
4205,[2100.]
4206,[2100.]
4207,[2100.]
4208,[2100.]
4209,[732.]
4210,[2100.]
4211,[2100.]
4212,[2100.]
4213,[2100.]
4214,[2100.]
4215,[1500.]
4216,[1404.]
4217,[2100.]
4218,[2100.]
4219,[476.]
4220,[2100.]
4221,[2100.]
4222,[1372.]
4223,[2100.]
4224,[2100.]
4225,[2100.]
4226,[2100.]
4227,[2100.]
4228,[1020.]
4229,[476.]
4230,[284.]
4231,[2100.]
4232,[1820.]
4233,[2100.]
4234,[796.]
4235,[2100.]
4236,[380.]
4237,[2100.]
4238,[2100.]
4239,[2100.]
4240,[1308.]
4241,[2100.]
4242,[2100.]
4243,[2100.]
4244,[2100.]
4245,[2100.]
4246,[1756.]
4247,[2100.]
4248,[2100.]
4249,[2100.]
4250,[2100.]
4251,[2100.]
4252,[2100.]
4253,[2100.]
4254,[1564.]
4255,[348.]
4256,[860.]
4257,[1180.]
4258,[2100.]
4259,[2100.]
4260,[700.]
4261,[2100.]
4262,[2100.]
4263,[284.]
4264,[2100.]
4265,[988.]
4266,[2100.]
4267,[380.]
4268,[2100.]
4269,[476.]
4270,[572.]
4271,[2100.]
4272,[2100.]
4273,[284.]
4274,[668.]
4275,[2100.]
4276,[1596.]
4277,[1756.]
4278,[2100.]
4279,[828.]
4280,[1116.]
4281,[2100.]
4282,[2100.]
4283,[2100.]
4284,[2100.]
4285,[2100.]
4286,[2100.]
4287,[412.]
4288,[2100.]
4289,[2100.]
4290,[1308.]
4291,[1084.]
4292,[1596.]
4293,[1948.]
4294,[2100.]
4295,[2100.]
4296,[1020.]
4297,[2100.]
4298,[2100.]
4299,[2100.]
4300,[2100.]
4301,[1212.]
4302,[380.]
4303,[2100.]
4304,[2100.]
4305,[668.]
4306,[2100.]
4307,[2100.]
4308,[668.]
4309,[636.]
4310,[2100.]
4311,[2100.]
4312,[572.]
4313,[380.]
4314,[1852.]
4315,[2100.]
4316,[1276.]
4317,[2100.]
4318,[2100.]
4319,[1468.]
4320,[380.]
4321,[988.]
4322,[1212.]
4323,[476.]
4324,[636.]
4325,[2100.]
4326,[412.]
4327,[2100.]
4328,[2100.]
4329,[2100.]
4330,[1628.]
4331,[2100.]
4332,[604.]
4333,[732.]
4334,[1052.]
4335,[2100.]
4336,[2100.]
4337,[2100.]
4338,[1916.]
4339,[2100.]
4340,[1788.]
4341,[2100.]
4342,[1436.]
4343,[2100.]
4344,[860.]
4345,[380.]
4346,[348.]
4347,[2100.]
4348,[2100.]
4349,[1564.]
4350,[1468.]
4351,[2100.]
4352,[956.]
4353,[2100.]
4354,[1628.]
4355,[1596.]
4356,[2100.]
4357,[924.]
4358,[2100.]
4359,[2100.]
4360,[1116.]
4361,[1244.]
4362,[2100.]
4363,[828.]
4364,[2100.]
4365,[1020.]
4366,[1212.]
4367,[2100.]
4368,[2100.]
4369,[284.]
4370,[2100.]
4371,[2100.]
4372,[924.]
4373,[2100.]
4374,[668.]
4375,[2100.]
4376,[2100.]
4377,[2100.]
4378,[2100.]
4379,[380.]
4380,[1052.]
4381,[572.]
4382,[476.]
4383,[988.]
4384,[284.]
4385,[988.]
4386,[2100.]
4387,[412.]
4388,[444.]
4389,[2100.]
4390,[284.]
4391,[2100.]
4392,[2100.]
4393,[1148.]
4394,[2100.]
4395,[796.]
4396,[476.]
4397,[2100.]
4398,[1212.]
4399,[2100.]
4400,[348.]
4401,[2100.]
4402,[2100.]
4403,[380.]
4404,[764.]
4405,[2100.]
4406,[1788.]
4407,[2100.]
4408,[284.]
4409,[412.]
4410,[2100.]
4411,[1628.]
4412,[2100.]
4413,[2100.]
4414,[1276.]
4415,[1788.]
4416,[284.]
4417,[668.]
4418,[2100.]
4419,[2100.]
4420,[2100.]
4421,[2100.]
4422,[2100.]
4423,[2100.]
4424,[1980.]
4425,[1020.]
4426,[668.]
4427,[1724.]
4428,[2100.]
4429,[2100.]
4430,[2100.]
4431,[2100.]
4432,[2100.]
4433,[284.]
4434,[572.]
4435,[2100.]
4436,[796.]
4437,[988.]
4438,[796.]
4439,[1372.]
4440,[1212.]
4441,[2100.]
4442,[2100.]
4443,[668.]
4444,[2100.]
4445,[380.]
4446,[2100.]
4447,[2100.]
4448,[2100.]
4449,[2100.]
4450,[2100.]
4451,[2100.]
4452,[2100.]
4453,[1948.]
4454,[2100.]
4455,[2100.]
4456,[668.]
4457,[2100.]
4458,[2100.]
4459,[1852.]
4460,[2100.]
4461,[892.]
4462,[380.]
4463,[1180.]
4464,[2100.]
4465,[380.]
4466,[2100.]
4467,[380.]
4468,[2100.]
4469,[796.]
4470,[2100.]
4471,[892.]
4472,[1436.]
4473,[2100.]
4474,[988.]
4475,[924.]
4476,[1564.]
4477,[924.]
4478,[604.]
4479,[1500.]
4480,[2100.]
4481,[2100.]
4482,[2100.]
4483,[1916.]
4484,[380.]
4485,[2100.]
4486,[2100.]
4487,[380.]
4488,[2100.]
4489,[1884.]
4490,[956.]
4491,[284.]
4492,[1660.]
4493,[1852.]
4494,[1020.]
4495,[1404.]
4496,[2100.]
4497,[2100.]
4498,[2100.]
4499,[2100.]
4500,[2100.]
4501,[2100.]
4502,[2100.]
4503,[2100.]
4504,[2100.]
4505,[2100.]
4506,[2100.]
4507,[2100.]
4508,[1884.]
4509,[2100.]
4510,[2100.]
4511,[2100.]
4512,[284.]
4513,[2100.]
4514,[1692.]
4515,[2100.]
4516,[2100.]
4517,[796.]
4518,[380.]
4519,[2100.]
4520,[2100.]
4521,[444.]
4522,[2100.]
4523,[2100.]
4524,[2100.]
4525,[2100.]
4526,[2100.]
4527,[2100.]
4528,[476.]
4529,[2100.]
4530,[796.]
4531,[2100.]
4532,[2100.]
4533,[1468.]
4534,[2100.]
4535,[828.]
4536,[2100.]
4537,[1980.]
4538,[2100.]
4539,[2100.]
4540,[476.]
4541,[2100.]
4542,[2100.]
4543,[2100.]
4544,[2100.]
4545,[2100.]
4546,[1276.]
4547,[2100.]
4548,[2100.]
4549,[2100.]
4550,[2100.]
4551,[2100.]
4552,[2100.]
4553,[1084.]
4554,[2100.]
4555,[2100.]
4556,[2100.]
4557,[2100.]
4558,[2100.]
4559,[2100.]
4560,[764.]
4561,[2100.]
4562,[2100.]
4563,[2100.]
4564,[2100.]
4565,[2100.]
4566,[2100.]
4567,[284.]
4568,[476.]
4569,[2100.]
4570,[2100.]
4571,[1500.]
4572,[2100.]
4573,[2100.]
4574,[1916.]
4575,[2100.]
4576,[284.]
4577,[2100.]
4578,[2100.]
4579,[2100.]
4580,[284.]
4581,[2100.]
4582,[2100.]
4583,[2100.]
4584,[2100.]
4585,[2100.]
4586,[1532.]
4587,[764.]
4588,[2100.]
4589,[2100.]
4590,[476.]
4591,[476.]
4592,[796.]
4593,[2100.]
4594,[2100.]
4595,[2100.]
4596,[476.]
4597,[2100.]
4598,[2100.]
4599,[2100.]
4600,[1148.]
4601,[1084.]
4602,[1116.]
4603,[668.]
4604,[2100.]
4605,[2100.]
4606,[508.]
4607,[572.]
4608,[2100.]
4609,[2100.]
4610,[284.]
4611,[2100.]
4612,[508.]
4613,[2100.]
4614,[2100.]
4615,[2100.]
4616,[668.]
4617,[284.]
4618,[764.]
4619,[2100.]
4620,[2100.]
4621,[2100.]
4622,[476.]
4623,[2100.]
4624,[1116.]
4625,[380.]
4626,[476.]
4627,[2100.]
4628,[796.]
4629,[444.]
4630,[284.]
4631,[956.]
4632,[2100.]
4633,[2100.]
4634,[1372.]
4635,[2100.]
4636,[2100.]
4637,[284.]
4638,[2100.]
4639,[2100.]
4640,[1468.]
4641,[1244.]
4642,[924.]
4643,[380.]
4644,[828.]
4645,[284.]
4646,[2100.]
4647,[380.]
4648,[2100.]
4649,[2100.]
4650,[316.]
4651,[2100.]
4652,[1468.]
4653,[284.]
4654,[2100.]
4655,[2100.]
4656,[2100.]
4657,[2100.]
4658,[2100.]
4659,[2100.]
4660,[2100.]
4661,[1564.]
4662,[956.]
4663,[2100.]
4664,[2100.]
4665,[572.]
4666,[2100.]
4667,[668.]
4668,[2100.]
4669,[892.]
4670,[572.]
4671,[2100.]
4672,[2100.]
4673,[2100.]
4674,[2100.]
4675,[2100.]
4676,[2100.]
4677,[2100.]
4678,[572.]
4679,[1052.]
4680,[2100.]
4681,[444.]
4682,[284.]
4683,[444.]
4684,[476.]
4685,[2100.]
4686,[2100.]
4687,[892.]
4688,[2100.]
4689,[2100.]
4690,[1596.]
4691,[2100.]
4692,[1468.]
4693,[2100.]
4694,[2100.]
4695,[2100.]
4696,[2100.]
4697,[2100.]
4698,[2100.]
4699,[1404.]
4700,[2100.]
4701,[988.]
4702,[2100.]
4703,[2100.]
4704,[1948.]
4705,[2100.]
4706,[956.]
4707,[2100.]
4708,[1372.]
4709,[1724.]
4710,[2100.]
4711,[284.]
4712,[2100.]
4713,[508.]
4714,[1820.]
4715,[796.]
4716,[1116.]
4717,[444.]
4718,[444.]
4719,[1244.]
4720,[668.]
4721,[2100.]
4722,[2100.]
4723,[2100.]
4724,[2100.]
4725,[508.]
4726,[2100.]
4727,[1308.]
4728,[2100.]
4729,[2100.]
4730,[2100.]
4731,[2100.]
4732,[412.]
4733,[2100.]
4734,[956.]
4735,[668.]
4736,[2100.]
4737,[2100.]
4738,[2100.]
4739,[2100.]
4740,[2100.]
4741,[2100.]
4742,[2100.]
4743,[2100.]
4744,[2100.]
4745,[2100.]
4746,[412.]
4747,[2100.]
4748,[956.]
4749,[1692.]
4750,[988.]
4751,[636.]
4752,[2100.]
4753,[2100.]
4754,[668.]
4755,[380.]
4756,[1308.]
4757,[1084.]
4758,[732.]
4759,[2100.]
4760,[2100.]
4761,[2100.]
4762,[892.]
4763,[2100.]
4764,[860.]
4765,[2100.]
4766,[636.]
4767,[2100.]
4768,[988.]
4769,[2100.]
4770,[892.]
4771,[2100.]
4772,[2100.]
4773,[2100.]
4774,[2100.]
4775,[668.]
4776,[1340.]
4777,[1340.]
4778,[2100.]
4779,[2100.]
4780,[1116.]
4781,[1116.]
4782,[2100.]
4783,[796.]
4784,[2100.]
4785,[476.]
4786,[2100.]
4787,[380.]
4788,[2100.]
4789,[380.]
4790,[2100.]
4791,[380.]
4792,[2100.]
4793,[2100.]
4794,[1724.]
4795,[732.]
4796,[2100.]
4797,[988.]
4798,[1276.]
4799,[2100.]
4800,[892.]
4801,[2100.]
4802,[2100.]
4803,[700.]
4804,[2100.]
4805,[2100.]
4806,[2100.]
4807,[2100.]
4808,[380.]
4809,[1340.]
4810,[2100.]
4811,[380.]
4812,[476.]
4813,[1276.]
4814,[2100.]
4815,[2100.]
4816,[380.]
4817,[1500.]
4818,[604.]
4819,[1276.]
4820,[476.]
4821,[1692.]
4822,[1532.]
4823,[2100.]
4824,[1084.]
4825,[2100.]
4826,[2100.]
4827,[1948.]
4828,[2100.]
4829,[444.]
4830,[2100.]
4831,[2100.]
4832,[796.]
4833,[2100.]
4834,[668.]
4835,[2100.]
4836,[2100.]
4837,[2100.]
4838,[2100.]
4839,[1788.]
4840,[2100.]
4841,[2100.]
4842,[1148.]
4843,[2100.]
4844,[2100.]
4845,[348.]
4846,[2100.]
4847,[860.]
4848,[1180.]
4849,[380.]
4850,[1500.]
4851,[2100.]
4852,[1532.]
4853,[2100.]
4854,[1116.]
4855,[988.]
4856,[572.]
4857,[2100.]
4858,[668.]
4859,[2100.]
4860,[2100.]
4861,[2100.]
4862,[380.]
4863,[2100.]
4864,[284.]
4865,[2100.]
4866,[2100.]
4867,[2100.]
4868,[2100.]
4869,[2100.]
4870,[1148.]
4871,[2100.]
4872,[412.]
4873,[604.]
4874,[2100.]
4875,[668.]
4876,[2100.]
4877,[668.]
4878,[2100.]
4879,[2100.]
4880,[1692.]
4881,[2100.]
4882,[380.]
4883,[1212.]
4884,[2100.]
4885,[1180.]
4886,[796.]
4887,[2100.]
4888,[1500.]
4889,[796.]
4890,[2100.]
4891,[2100.]
4892,[284.]
4893,[1020.]
4894,[2100.]
4895,[2100.]
4896,[1980.]
4897,[2100.]
4898,[1404.]
4899,[2100.]
4900,[316.]
4901,[1404.]
4902,[1276.]
4903,[2100.]
4904,[2100.]
4905,[988.]
4906,[1436.]
4907,[2100.]
4908,[2100.]
4909,[2100.]
4910,[2100.]
4911,[668.]
4912,[1884.]
4913,[572.]
4914,[2100.]
4915,[1180.]
4916,[636.]
4917,[1148.]
4918,[2100.]
4919,[2100.]
4920,[2100.]
4921,[668.]
4922,[2100.]
4923,[2100.]
4924,[1596.]
4925,[2100.]
4926,[2100.]
4927,[828.]
4928,[2100.]
4929,[2100.]
4930,[380.]
4931,[2100.]
4932,[1884.]
4933,[2100.]
4934,[2100.]
4935,[2100.]
4936,[2100.]
4937,[2100.]
4938,[1116.]
4939,[2100.]
4940,[988.]
4941,[2100.]
4942,[2100.]
4943,[2100.]
4944,[2100.]
4945,[316.]
4946,[508.]
4947,[2100.]
4948,[1212.]
4949,[924.]
4950,[2100.]
4951,[2100.]
4952,[2100.]
4953,[412.]
4954,[1884.]
4955,[284.]
4956,[892.]
4957,[2100.]
4958,[2100.]
4959,[2100.]
4960,[1884.]
4961,[2100.]
4962,[2100.]
4963,[1212.]
4964,[2100.]
4965,[2100.]
4966,[2100.]
4967,[2100.]
4968,[1980.]
4969,[2100.]
4970,[2100.]
4971,[924.]
4972,[2100.]
4973,[540.]
4974,[1660.]
4975,[2100.]
4976,[2100.]
4977,[380.]
4978,[2100.]
4979,[1052.]
4980,[700.]
4981,[2100.]
4982,[828.]
4983,[2100.]
4984,[2100.]
4985,[700.]
4986,[2100.]
4987,[2100.]
4988,[2100.]
4989,[2100.]
4990,[2100.]
4991,[2100.]
4992,[316.]
4993,[2100.]
4994,[2100.]
4995,[1532.]
4996,[2100.]
4997,[956.]
4998,[1820.]
4999,[2100.]
5000,[796.]
