Episodio,Puntaje
1,[284.]
2,[572.]
3,[476.]
4,[508.]
5,[380.]
6,[284.]
7,[380.]
8,[380.]
9,[668.]
10,[476.]
11,[284.]
12,[284.]
13,[444.]
14,[412.]
15,[380.]
16,[284.]
17,[476.]
18,[476.]
19,[380.]
20,[508.]
21,[380.]
22,[284.]
23,[284.]
24,[284.]
25,[380.]
26,[284.]
27,[476.]
28,[380.]
29,[380.]
30,[284.]
31,[284.]
32,[284.]
33,[380.]
34,[284.]
35,[572.]
36,[284.]
37,[412.]
38,[380.]
39,[380.]
40,[636.]
41,[476.]
42,[380.]
43,[700.]
44,[316.]
45,[284.]
46,[412.]
47,[476.]
48,[284.]
49,[380.]
50,[508.]
51,[444.]
52,[380.]
53,[284.]
54,[572.]
55,[284.]
56,[316.]
57,[284.]
58,[476.]
59,[572.]
60,[284.]
61,[284.]
62,[636.]
63,[444.]
64,[412.]
65,[284.]
66,[380.]
67,[380.]
68,[380.]
69,[476.]
70,[284.]
71,[444.]
72,[284.]
73,[572.]
74,[380.]
75,[796.]
76,[284.]
77,[284.]
78,[636.]
79,[572.]
80,[316.]
81,[380.]
82,[380.]
83,[284.]
84,[732.]
85,[348.]
86,[284.]
87,[572.]
88,[284.]
89,[284.]
90,[380.]
91,[380.]
92,[316.]
93,[284.]
94,[284.]
95,[540.]
96,[380.]
97,[444.]
98,[796.]
99,[284.]
100,[284.]
101,[284.]
102,[348.]
103,[380.]
104,[284.]
105,[380.]
106,[284.]
107,[572.]
108,[380.]
109,[668.]
110,[380.]
111,[284.]
112,[380.]
113,[380.]
114,[284.]
115,[508.]
116,[444.]
117,[444.]
118,[380.]
119,[476.]
120,[636.]
121,[284.]
122,[380.]
123,[380.]
124,[284.]
125,[572.]
126,[284.]
127,[444.]
128,[412.]
129,[572.]
130,[476.]
131,[284.]
132,[380.]
133,[380.]
134,[380.]
135,[284.]
136,[412.]
137,[380.]
138,[508.]
139,[508.]
140,[508.]
141,[316.]
142,[572.]
143,[380.]
144,[668.]
145,[412.]
146,[284.]
147,[412.]
148,[412.]
149,[284.]
150,[444.]
151,[476.]
152,[284.]
153,[924.]
154,[284.]
155,[796.]
156,[284.]
157,[380.]
158,[380.]
159,[284.]
160,[284.]
161,[380.]
162,[476.]
163,[476.]
164,[380.]
165,[380.]
166,[476.]
167,[636.]
168,[380.]
169,[476.]
170,[284.]
171,[476.]
172,[380.]
173,[380.]
174,[284.]
175,[604.]
176,[348.]
177,[476.]
178,[284.]
179,[412.]
180,[476.]
181,[476.]
182,[476.]
183,[668.]
184,[540.]
185,[284.]
186,[380.]
187,[572.]
188,[316.]
189,[284.]
190,[284.]
191,[380.]
192,[284.]
193,[284.]
194,[380.]
195,[668.]
196,[284.]
197,[284.]
198,[284.]
199,[284.]
200,[572.]
201,[380.]
202,[284.]
203,[284.]
204,[380.]
205,[380.]
206,[380.]
207,[284.]
208,[828.]
209,[444.]
210,[476.]
211,[284.]
212,[284.]
213,[284.]
214,[380.]
215,[572.]
216,[380.]
217,[284.]
218,[476.]
219,[572.]
220,[476.]
221,[380.]
222,[700.]
223,[380.]
224,[284.]
225,[540.]
226,[284.]
227,[572.]
228,[380.]
229,[284.]
230,[380.]
231,[412.]
232,[604.]
233,[476.]
234,[380.]
235,[572.]
236,[284.]
237,[284.]
238,[380.]
239,[284.]
240,[668.]
241,[540.]
242,[668.]
243,[284.]
244,[284.]
245,[700.]
246,[316.]
247,[572.]
248,[380.]
249,[668.]
250,[508.]
251,[284.]
252,[316.]
253,[348.]
254,[572.]
255,[316.]
256,[284.]
257,[284.]
258,[476.]
259,[284.]
260,[636.]
261,[284.]
262,[476.]
263,[476.]
264,[476.]
265,[380.]
266,[540.]
267,[380.]
268,[284.]
269,[284.]
270,[380.]
271,[668.]
272,[284.]
273,[476.]
274,[284.]
275,[284.]
276,[668.]
277,[284.]
278,[380.]
279,[636.]
280,[284.]
281,[572.]
282,[380.]
283,[572.]
284,[668.]
285,[284.]
286,[668.]
287,[284.]
288,[284.]
289,[380.]
290,[380.]
291,[284.]
292,[572.]
293,[284.]
294,[380.]
295,[380.]
296,[284.]
297,[284.]
298,[380.]
299,[380.]
300,[412.]
301,[892.]
302,[284.]
303,[284.]
304,[380.]
305,[732.]
306,[284.]
307,[380.]
308,[284.]
309,[988.]
310,[380.]
311,[284.]
312,[508.]
313,[284.]
314,[572.]
315,[380.]
316,[284.]
317,[284.]
318,[284.]
319,[380.]
320,[668.]
321,[668.]
322,[476.]
323,[380.]
324,[572.]
325,[316.]
326,[380.]
327,[284.]
328,[540.]
329,[476.]
330,[380.]
331,[380.]
332,[348.]
333,[284.]
334,[284.]
335,[572.]
336,[284.]
337,[284.]
338,[284.]
339,[284.]
340,[668.]
341,[380.]
342,[284.]
343,[444.]
344,[796.]
345,[380.]
346,[892.]
347,[380.]
348,[476.]
349,[380.]
350,[284.]
351,[380.]
352,[572.]
353,[380.]
354,[284.]
355,[476.]
356,[380.]
357,[380.]
358,[284.]
359,[284.]
360,[284.]
361,[476.]
362,[380.]
363,[476.]
364,[476.]
365,[284.]
366,[380.]
367,[380.]
368,[284.]
369,[380.]
370,[284.]
371,[284.]
372,[380.]
373,[476.]
374,[380.]
375,[668.]
376,[412.]
377,[380.]
378,[476.]
379,[284.]
380,[380.]
381,[476.]
382,[284.]
383,[1052.]
384,[380.]
385,[764.]
386,[572.]
387,[476.]
388,[476.]
389,[476.]
390,[284.]
391,[380.]
392,[700.]
393,[380.]
394,[476.]
395,[284.]
396,[284.]
397,[476.]
398,[668.]
399,[476.]
400,[284.]
401,[316.]
402,[572.]
403,[380.]
404,[380.]
405,[284.]
406,[476.]
407,[540.]
408,[284.]
409,[540.]
410,[444.]
411,[476.]
412,[668.]
413,[284.]
414,[476.]
415,[700.]
416,[476.]
417,[284.]
418,[316.]
419,[476.]
420,[284.]
421,[284.]
422,[380.]
423,[284.]
424,[412.]
425,[284.]
426,[380.]
427,[284.]
428,[284.]
429,[380.]
430,[284.]
431,[380.]
432,[284.]
433,[380.]
434,[508.]
435,[284.]
436,[508.]
437,[540.]
438,[508.]
439,[380.]
440,[572.]
441,[636.]
442,[476.]
443,[380.]
444,[412.]
445,[476.]
446,[380.]
447,[412.]
448,[668.]
449,[380.]
450,[572.]
451,[284.]
452,[476.]
453,[476.]
454,[380.]
455,[412.]
456,[380.]
457,[284.]
458,[476.]
459,[380.]
460,[476.]
461,[284.]
462,[284.]
463,[284.]
464,[380.]
465,[284.]
466,[476.]
467,[284.]
468,[284.]
469,[380.]
470,[284.]
471,[348.]
472,[380.]
473,[380.]
474,[380.]
475,[284.]
476,[284.]
477,[796.]
478,[284.]
479,[476.]
480,[476.]
481,[284.]
482,[476.]
483,[476.]
484,[508.]
485,[476.]
486,[572.]
487,[796.]
488,[348.]
489,[284.]
490,[284.]
491,[380.]
492,[284.]
493,[284.]
494,[380.]
495,[668.]
496,[668.]
497,[572.]
498,[284.]
499,[476.]
500,[284.]
501,[380.]
502,[444.]
503,[572.]
504,[476.]
505,[284.]
506,[284.]
507,[380.]
508,[444.]
509,[284.]
510,[380.]
511,[284.]
512,[380.]
513,[412.]
514,[348.]
515,[284.]
516,[380.]
517,[284.]
518,[284.]
519,[284.]
520,[348.]
521,[508.]
522,[284.]
523,[284.]
524,[572.]
525,[380.]
526,[284.]
527,[284.]
528,[284.]
529,[412.]
530,[380.]
531,[284.]
532,[476.]
533,[476.]
534,[284.]
535,[380.]
536,[476.]
537,[444.]
538,[284.]
539,[380.]
540,[572.]
541,[284.]
542,[380.]
543,[476.]
544,[284.]
545,[284.]
546,[380.]
547,[476.]
548,[476.]
549,[380.]
550,[380.]
551,[412.]
552,[380.]
553,[508.]
554,[476.]
555,[476.]
556,[796.]
557,[444.]
558,[284.]
559,[412.]
560,[284.]
561,[444.]
562,[284.]
563,[380.]
564,[284.]
565,[284.]
566,[284.]
567,[380.]
568,[604.]
569,[284.]
570,[1084.]
571,[284.]
572,[572.]
573,[380.]
574,[316.]
575,[380.]
576,[668.]
577,[380.]
578,[572.]
579,[380.]
580,[380.]
581,[284.]
582,[668.]
583,[284.]
584,[572.]
585,[284.]
586,[380.]
587,[284.]
588,[380.]
589,[284.]
590,[380.]
591,[284.]
592,[284.]
593,[284.]
594,[668.]
595,[380.]
596,[476.]
597,[284.]
598,[284.]
599,[380.]
600,[444.]
601,[1180.]
602,[348.]
603,[380.]
604,[284.]
605,[380.]
606,[380.]
607,[444.]
608,[380.]
609,[476.]
610,[380.]
611,[284.]
612,[380.]
613,[508.]
614,[380.]
615,[284.]
616,[380.]
617,[284.]
618,[284.]
619,[284.]
620,[476.]
621,[380.]
622,[476.]
623,[636.]
624,[572.]
625,[284.]
626,[572.]
627,[284.]
628,[380.]
629,[348.]
630,[380.]
631,[476.]
632,[380.]
633,[476.]
634,[540.]
635,[284.]
636,[284.]
637,[380.]
638,[284.]
639,[284.]
640,[284.]
641,[380.]
642,[284.]
643,[412.]
644,[284.]
645,[476.]
646,[380.]
647,[476.]
648,[284.]
649,[380.]
650,[476.]
651,[380.]
652,[572.]
653,[284.]
654,[892.]
655,[380.]
656,[380.]
657,[380.]
658,[476.]
659,[380.]
660,[476.]
661,[284.]
662,[316.]
663,[380.]
664,[284.]
665,[284.]
666,[380.]
667,[284.]
668,[380.]
669,[572.]
670,[380.]
671,[284.]
672,[444.]
673,[284.]
674,[476.]
675,[380.]
676,[476.]
677,[380.]
678,[284.]
679,[476.]
680,[284.]
681,[284.]
682,[284.]
683,[476.]
684,[380.]
685,[508.]
686,[796.]
687,[380.]
688,[476.]
689,[284.]
690,[284.]
691,[476.]
692,[380.]
693,[540.]
694,[284.]
695,[284.]
696,[540.]
697,[380.]
698,[284.]
699,[604.]
700,[380.]
701,[380.]
702,[284.]
703,[284.]
704,[284.]
705,[604.]
706,[284.]
707,[284.]
708,[540.]
709,[284.]
710,[284.]
711,[284.]
712,[444.]
713,[572.]
714,[284.]
715,[572.]
716,[476.]
717,[540.]
718,[284.]
719,[284.]
720,[476.]
721,[540.]
722,[316.]
723,[284.]
724,[380.]
725,[380.]
726,[284.]
727,[284.]
728,[380.]
729,[284.]
730,[828.]
731,[380.]
732,[412.]
733,[380.]
734,[572.]
735,[572.]
736,[284.]
737,[476.]
738,[284.]
739,[540.]
740,[380.]
741,[316.]
742,[380.]
743,[284.]
744,[284.]
745,[860.]
746,[380.]
747,[284.]
748,[476.]
749,[892.]
750,[380.]
751,[348.]
752,[476.]
753,[476.]
754,[284.]
755,[380.]
756,[572.]
757,[380.]
758,[380.]
759,[284.]
760,[284.]
761,[284.]
762,[284.]
763,[380.]
764,[284.]
765,[700.]
766,[284.]
767,[380.]
768,[284.]
769,[284.]
770,[380.]
771,[444.]
772,[284.]
773,[284.]
774,[316.]
775,[284.]
776,[348.]
777,[348.]
778,[284.]
779,[476.]
780,[284.]
781,[316.]
782,[380.]
783,[380.]
784,[316.]
785,[316.]
786,[284.]
787,[380.]
788,[476.]
789,[668.]
790,[380.]
791,[348.]
792,[284.]
793,[444.]
794,[284.]
795,[380.]
796,[444.]
797,[284.]
798,[380.]
799,[540.]
800,[284.]
801,[316.]
802,[284.]
803,[284.]
804,[284.]
805,[284.]
806,[348.]
807,[380.]
808,[476.]
809,[380.]
810,[284.]
811,[540.]
812,[572.]
813,[476.]
814,[476.]
815,[476.]
816,[572.]
817,[508.]
818,[1020.]
819,[412.]
820,[380.]
821,[380.]
822,[572.]
823,[380.]
824,[380.]
825,[508.]
826,[284.]
827,[476.]
828,[380.]
829,[476.]
830,[668.]
831,[700.]
832,[316.]
833,[284.]
834,[284.]
835,[284.]
836,[476.]
837,[348.]
838,[284.]
839,[924.]
840,[380.]
841,[284.]
842,[284.]
843,[572.]
844,[476.]
845,[284.]
846,[284.]
847,[476.]
848,[380.]
849,[284.]
850,[380.]
851,[284.]
852,[284.]
853,[476.]
854,[412.]
855,[380.]
856,[476.]
857,[476.]
858,[380.]
859,[284.]
860,[284.]
861,[284.]
862,[380.]
863,[284.]
864,[284.]
865,[380.]
866,[380.]
867,[284.]
868,[284.]
869,[380.]
870,[284.]
871,[284.]
872,[284.]
873,[316.]
874,[284.]
875,[476.]
876,[284.]
877,[572.]
878,[476.]
879,[476.]
880,[284.]
881,[380.]
882,[540.]
883,[380.]
884,[476.]
885,[284.]
886,[284.]
887,[540.]
888,[956.]
889,[284.]
890,[380.]
891,[380.]
892,[540.]
893,[476.]
894,[540.]
895,[380.]
896,[444.]
897,[380.]
898,[284.]
899,[284.]
900,[572.]
901,[476.]
902,[316.]
903,[284.]
904,[380.]
905,[572.]
906,[284.]
907,[380.]
908,[604.]
909,[380.]
910,[284.]
911,[316.]
912,[316.]
913,[284.]
914,[892.]
915,[572.]
916,[284.]
917,[444.]
918,[572.]
919,[572.]
920,[380.]
921,[284.]
922,[476.]
923,[572.]
924,[796.]
925,[284.]
926,[572.]
927,[284.]
928,[380.]
929,[476.]
930,[284.]
931,[476.]
932,[284.]
933,[476.]
934,[284.]
935,[348.]
936,[380.]
937,[444.]
938,[572.]
939,[380.]
940,[284.]
941,[284.]
942,[476.]
943,[668.]
944,[380.]
945,[284.]
946,[348.]
947,[476.]
948,[540.]
949,[956.]
950,[284.]
951,[572.]
952,[284.]
953,[572.]
954,[284.]
955,[284.]
956,[284.]
957,[476.]
958,[380.]
959,[284.]
960,[284.]
961,[380.]
962,[284.]
963,[476.]
964,[284.]
965,[380.]
966,[476.]
967,[284.]
968,[476.]
969,[284.]
970,[284.]
971,[284.]
972,[380.]
973,[284.]
974,[988.]
975,[476.]
976,[284.]
977,[380.]
978,[284.]
979,[540.]
980,[476.]
981,[412.]
982,[284.]
983,[284.]
984,[316.]
985,[668.]
986,[380.]
987,[284.]
988,[380.]
989,[284.]
990,[604.]
991,[284.]
992,[284.]
993,[732.]
994,[572.]
995,[572.]
996,[348.]
997,[284.]
998,[380.]
999,[316.]
1000,[380.]
1001,[284.]
1002,[476.]
1003,[284.]
1004,[380.]
1005,[444.]
1006,[284.]
1007,[572.]
1008,[540.]
1009,[380.]
1010,[380.]
1011,[380.]
1012,[284.]
1013,[284.]
1014,[668.]
1015,[348.]
1016,[284.]
1017,[700.]
1018,[284.]
1019,[284.]
1020,[380.]
1021,[284.]
1022,[412.]
1023,[476.]
1024,[572.]
1025,[572.]
1026,[284.]
1027,[476.]
1028,[476.]
1029,[508.]
1030,[284.]
1031,[284.]
1032,[284.]
1033,[444.]
1034,[380.]
1035,[284.]
1036,[444.]
1037,[284.]
1038,[572.]
1039,[380.]
1040,[412.]
1041,[572.]
1042,[380.]
1043,[316.]
1044,[284.]
1045,[348.]
1046,[284.]
1047,[668.]
1048,[284.]
1049,[476.]
1050,[476.]
1051,[380.]
1052,[284.]
1053,[380.]
1054,[476.]
1055,[380.]
1056,[348.]
1057,[284.]
1058,[284.]
1059,[348.]
1060,[284.]
1061,[508.]
1062,[380.]
1063,[284.]
1064,[604.]
1065,[348.]
1066,[476.]
1067,[476.]
1068,[316.]
1069,[284.]
1070,[284.]
1071,[316.]
1072,[572.]
1073,[572.]
1074,[476.]
1075,[540.]
1076,[284.]
1077,[380.]
1078,[284.]
1079,[380.]
1080,[380.]
1081,[380.]
1082,[476.]
1083,[284.]
1084,[380.]
1085,[668.]
1086,[380.]
1087,[284.]
1088,[380.]
1089,[444.]
1090,[508.]
1091,[476.]
1092,[380.]
1093,[476.]
1094,[284.]
1095,[284.]
1096,[348.]
1097,[284.]
1098,[476.]
1099,[444.]
1100,[412.]
1101,[572.]
1102,[380.]
1103,[284.]
1104,[476.]
1105,[380.]
1106,[380.]
1107,[380.]
1108,[284.]
1109,[284.]
1110,[380.]
1111,[380.]
1112,[380.]
1113,[604.]
1114,[284.]
1115,[284.]
1116,[444.]
1117,[284.]
1118,[572.]
1119,[380.]
1120,[380.]
1121,[668.]
1122,[476.]
1123,[476.]
1124,[380.]
1125,[316.]
1126,[636.]
1127,[476.]
1128,[348.]
1129,[284.]
1130,[284.]
1131,[284.]
1132,[284.]
1133,[284.]
1134,[380.]
1135,[380.]
1136,[284.]
1137,[284.]
1138,[380.]
1139,[476.]
1140,[380.]
1141,[380.]
1142,[412.]
1143,[444.]
1144,[348.]
1145,[380.]
1146,[284.]
1147,[380.]
1148,[284.]
1149,[284.]
1150,[380.]
1151,[444.]
1152,[380.]
1153,[284.]
1154,[316.]
1155,[476.]
1156,[444.]
1157,[412.]
1158,[476.]
1159,[572.]
1160,[764.]
1161,[380.]
1162,[284.]
1163,[348.]
1164,[284.]
1165,[284.]
1166,[284.]
1167,[508.]
1168,[444.]
1169,[284.]
1170,[476.]
1171,[284.]
1172,[572.]
1173,[476.]
1174,[380.]
1175,[284.]
1176,[284.]
1177,[380.]
1178,[380.]
1179,[444.]
1180,[476.]
1181,[444.]
1182,[476.]
1183,[316.]
1184,[508.]
1185,[380.]
1186,[380.]
1187,[892.]
1188,[892.]
1189,[316.]
1190,[348.]
1191,[476.]
1192,[284.]
1193,[284.]
1194,[284.]
1195,[476.]
1196,[572.]
1197,[380.]
1198,[572.]
1199,[572.]
1200,[284.]
1201,[380.]
1202,[284.]
1203,[380.]
1204,[284.]
1205,[284.]
1206,[508.]
1207,[284.]
1208,[380.]
1209,[380.]
1210,[284.]
1211,[828.]
1212,[284.]
1213,[284.]
1214,[476.]
1215,[380.]
1216,[284.]
1217,[380.]
1218,[476.]
1219,[348.]
1220,[284.]
1221,[284.]
1222,[380.]
1223,[380.]
1224,[380.]
1225,[380.]
1226,[284.]
1227,[444.]
1228,[444.]
1229,[572.]
1230,[476.]
1231,[284.]
1232,[284.]
1233,[668.]
1234,[380.]
1235,[284.]
1236,[380.]
1237,[284.]
1238,[380.]
1239,[348.]
1240,[284.]
1241,[796.]
1242,[476.]
1243,[348.]
1244,[412.]
1245,[284.]
1246,[572.]
1247,[348.]
1248,[284.]
1249,[284.]
1250,[380.]
1251,[284.]
1252,[380.]
1253,[284.]
1254,[284.]
1255,[284.]
1256,[476.]
1257,[284.]
1258,[444.]
1259,[284.]
1260,[284.]
1261,[284.]
1262,[412.]
1263,[572.]
1264,[284.]
1265,[380.]
1266,[476.]
1267,[380.]
1268,[476.]
1269,[380.]
1270,[476.]
1271,[476.]
1272,[380.]
1273,[476.]
1274,[284.]
1275,[380.]
1276,[476.]
1277,[476.]
1278,[444.]
1279,[284.]
1280,[380.]
1281,[284.]
1282,[540.]
1283,[1052.]
1284,[380.]
1285,[380.]
1286,[348.]
1287,[316.]
1288,[284.]
1289,[572.]
1290,[476.]
1291,[284.]
1292,[668.]
1293,[380.]
1294,[412.]
1295,[284.]
1296,[412.]
1297,[380.]
1298,[380.]
1299,[508.]
1300,[988.]
1301,[540.]
1302,[284.]
1303,[668.]
1304,[380.]
1305,[412.]
1306,[284.]
1307,[412.]
1308,[284.]
1309,[284.]
1310,[284.]
1311,[508.]
1312,[380.]
1313,[572.]
1314,[668.]
1315,[316.]
1316,[1276.]
1317,[284.]
1318,[540.]
1319,[380.]
1320,[380.]
1321,[540.]
1322,[540.]
1323,[348.]
1324,[284.]
1325,[476.]
1326,[668.]
1327,[476.]
1328,[284.]
1329,[380.]
1330,[284.]
1331,[572.]
1332,[572.]
1333,[284.]
1334,[380.]
1335,[476.]
1336,[284.]
1337,[380.]
1338,[476.]
1339,[284.]
1340,[380.]
1341,[284.]
1342,[1980.]
1343,[284.]
1344,[508.]
1345,[284.]
1346,[380.]
1347,[572.]
1348,[284.]
1349,[476.]
1350,[572.]
1351,[508.]
1352,[284.]
1353,[348.]
1354,[284.]
1355,[284.]
1356,[380.]
1357,[988.]
1358,[380.]
1359,[316.]
1360,[604.]
1361,[284.]
1362,[476.]
1363,[380.]
1364,[316.]
1365,[284.]
1366,[380.]
1367,[476.]
1368,[380.]
1369,[348.]
1370,[348.]
1371,[572.]
1372,[380.]
1373,[284.]
1374,[380.]
1375,[476.]
1376,[412.]
1377,[380.]
1378,[476.]
1379,[380.]
1380,[380.]
1381,[668.]
1382,[348.]
1383,[444.]
1384,[380.]
1385,[380.]
1386,[668.]
1387,[284.]
1388,[796.]
1389,[284.]
1390,[476.]
1391,[380.]
1392,[572.]
1393,[348.]
1394,[380.]
1395,[444.]
1396,[668.]
1397,[284.]
1398,[284.]
1399,[476.]
1400,[284.]
1401,[476.]
1402,[284.]
1403,[316.]
1404,[540.]
1405,[476.]
1406,[284.]
1407,[380.]
1408,[796.]
1409,[572.]
1410,[284.]
1411,[380.]
1412,[380.]
1413,[284.]
1414,[380.]
1415,[668.]
1416,[380.]
1417,[1084.]
1418,[284.]
1419,[284.]
1420,[412.]
1421,[284.]
1422,[380.]
1423,[316.]
1424,[444.]
1425,[380.]
1426,[380.]
1427,[380.]
1428,[476.]
1429,[284.]
1430,[380.]
1431,[284.]
1432,[284.]
1433,[380.]
1434,[412.]
1435,[476.]
1436,[380.]
1437,[380.]
1438,[476.]
1439,[476.]
1440,[668.]
1441,[284.]
1442,[284.]
1443,[284.]
1444,[572.]
1445,[572.]
1446,[412.]
1447,[380.]
1448,[1468.]
1449,[476.]
1450,[988.]
1451,[572.]
1452,[284.]
1453,[476.]
1454,[444.]
1455,[572.]
1456,[284.]
1457,[380.]
1458,[284.]
1459,[380.]
1460,[476.]
1461,[380.]
1462,[988.]
1463,[444.]
1464,[284.]
1465,[284.]
1466,[284.]
1467,[476.]
1468,[316.]
1469,[476.]
1470,[284.]
1471,[668.]
1472,[572.]
1473,[284.]
1474,[284.]
1475,[924.]
1476,[284.]
1477,[284.]
1478,[508.]
1479,[476.]
1480,[380.]
1481,[348.]
1482,[380.]
1483,[1052.]
1484,[988.]
1485,[412.]
1486,[572.]
1487,[348.]
1488,[412.]
1489,[348.]
1490,[284.]
1491,[380.]
1492,[380.]
1493,[380.]
1494,[284.]
1495,[284.]
1496,[380.]
1497,[668.]
1498,[508.]
1499,[668.]
1500,[284.]
1501,[380.]
1502,[380.]
1503,[316.]
1504,[284.]
1505,[348.]
1506,[796.]
1507,[380.]
1508,[284.]
1509,[380.]
1510,[988.]
1511,[476.]
1512,[892.]
1513,[284.]
1514,[476.]
1515,[476.]
1516,[412.]
1517,[284.]
1518,[476.]
1519,[412.]
1520,[380.]
1521,[380.]
1522,[476.]
1523,[380.]
1524,[284.]
1525,[284.]
1526,[476.]
1527,[284.]
1528,[316.]
1529,[284.]
1530,[284.]
1531,[636.]
1532,[380.]
1533,[284.]
1534,[668.]
1535,[380.]
1536,[284.]
1537,[284.]
1538,[380.]
1539,[284.]
1540,[284.]
1541,[284.]
1542,[284.]
1543,[284.]
1544,[284.]
1545,[284.]
1546,[476.]
1547,[1276.]
1548,[476.]
1549,[284.]
1550,[284.]
1551,[476.]
1552,[668.]
1553,[476.]
1554,[572.]
1555,[284.]
1556,[316.]
1557,[572.]
1558,[412.]
1559,[508.]
1560,[284.]
1561,[380.]
1562,[284.]
1563,[284.]
1564,[380.]
1565,[380.]
1566,[476.]
1567,[604.]
1568,[284.]
1569,[284.]
1570,[284.]
1571,[284.]
1572,[572.]
1573,[540.]
1574,[284.]
1575,[284.]
1576,[380.]
1577,[572.]
1578,[444.]
1579,[284.]
1580,[284.]
1581,[380.]
1582,[668.]
1583,[380.]
1584,[668.]
1585,[668.]
1586,[284.]
1587,[380.]
1588,[284.]
1589,[380.]
1590,[380.]
1591,[380.]
1592,[380.]
1593,[380.]
1594,[380.]
1595,[284.]
1596,[380.]
1597,[476.]
1598,[764.]
1599,[572.]
1600,[380.]
1601,[476.]
1602,[284.]
1603,[636.]
1604,[476.]
1605,[284.]
1606,[284.]
1607,[380.]
1608,[380.]
1609,[284.]
1610,[284.]
1611,[924.]
1612,[284.]
1613,[476.]
1614,[380.]
1615,[284.]
1616,[380.]
1617,[476.]
1618,[380.]
1619,[476.]
1620,[380.]
1621,[284.]
1622,[604.]
1623,[380.]
1624,[476.]
1625,[476.]
1626,[380.]
1627,[476.]
1628,[284.]
1629,[380.]
1630,[284.]
1631,[668.]
1632,[668.]
1633,[476.]
1634,[572.]
1635,[284.]
1636,[284.]
1637,[284.]
1638,[380.]
1639,[284.]
1640,[316.]
1641,[380.]
1642,[380.]
1643,[284.]
1644,[284.]
1645,[380.]
1646,[668.]
1647,[348.]
1648,[508.]
1649,[284.]
1650,[316.]
1651,[508.]
1652,[732.]
1653,[380.]
1654,[476.]
1655,[380.]
1656,[476.]
1657,[476.]
1658,[316.]
1659,[284.]
1660,[380.]
1661,[924.]
1662,[284.]
1663,[284.]
1664,[284.]
1665,[444.]
1666,[380.]
1667,[380.]
1668,[380.]
1669,[284.]
1670,[572.]
1671,[380.]
1672,[476.]
1673,[476.]
1674,[540.]
1675,[476.]
1676,[380.]
1677,[284.]
1678,[380.]
1679,[284.]
1680,[284.]
1681,[476.]
1682,[668.]
1683,[476.]
1684,[380.]
1685,[476.]
1686,[380.]
1687,[284.]
1688,[476.]
1689,[284.]
1690,[412.]
1691,[380.]
1692,[284.]
1693,[572.]
1694,[572.]
1695,[348.]
1696,[316.]
1697,[380.]
1698,[572.]
1699,[572.]
1700,[380.]
1701,[284.]
1702,[380.]
1703,[380.]
1704,[668.]
1705,[380.]
1706,[380.]
1707,[348.]
1708,[636.]
1709,[348.]
1710,[380.]
1711,[284.]
1712,[284.]
1713,[476.]
1714,[284.]
1715,[380.]
1716,[380.]
1717,[380.]
1718,[412.]
1719,[572.]
1720,[444.]
1721,[284.]
1722,[412.]
1723,[476.]
1724,[476.]
1725,[284.]
1726,[380.]
1727,[284.]
1728,[284.]
1729,[284.]
1730,[316.]
1731,[604.]
1732,[284.]
1733,[476.]
1734,[476.]
1735,[476.]
1736,[380.]
1737,[284.]
1738,[380.]
1739,[380.]
1740,[380.]
1741,[284.]
1742,[380.]
1743,[476.]
1744,[476.]
1745,[572.]
1746,[380.]
1747,[284.]
1748,[380.]
1749,[380.]
1750,[476.]
1751,[284.]
1752,[380.]
1753,[572.]
1754,[284.]
1755,[284.]
1756,[380.]
1757,[284.]
1758,[284.]
1759,[348.]
1760,[380.]
1761,[284.]
1762,[412.]
1763,[380.]
1764,[700.]
1765,[380.]
1766,[572.]
1767,[572.]
1768,[284.]
1769,[380.]
1770,[476.]
1771,[284.]
1772,[668.]
1773,[348.]
1774,[316.]
1775,[284.]
1776,[476.]
1777,[572.]
1778,[284.]
1779,[444.]
1780,[348.]
1781,[284.]
1782,[476.]
1783,[380.]
1784,[284.]
1785,[380.]
1786,[380.]
1787,[476.]
1788,[476.]
1789,[476.]
1790,[348.]
1791,[316.]
1792,[476.]
1793,[476.]
1794,[476.]
1795,[284.]
1796,[476.]
1797,[284.]
1798,[284.]
1799,[284.]
1800,[668.]
1801,[316.]
1802,[380.]
1803,[380.]
1804,[284.]
1805,[380.]
1806,[284.]
1807,[284.]
1808,[572.]
1809,[732.]
1810,[284.]
1811,[476.]
1812,[380.]
1813,[284.]
1814,[476.]
1815,[316.]
1816,[380.]
1817,[572.]
1818,[380.]
1819,[284.]
1820,[284.]
1821,[284.]
1822,[284.]
1823,[668.]
1824,[476.]
1825,[316.]
1826,[380.]
1827,[572.]
1828,[348.]
1829,[284.]
1830,[476.]
1831,[476.]
1832,[572.]
1833,[284.]
1834,[284.]
1835,[380.]
1836,[284.]
1837,[316.]
1838,[348.]
1839,[476.]
1840,[476.]
1841,[284.]
1842,[380.]
1843,[476.]
1844,[380.]
1845,[476.]
1846,[380.]
1847,[348.]
1848,[476.]
1849,[348.]
1850,[380.]
1851,[380.]
1852,[540.]
1853,[284.]
1854,[284.]
1855,[380.]
1856,[284.]
1857,[284.]
1858,[444.]
1859,[380.]
1860,[380.]
1861,[284.]
1862,[284.]
1863,[284.]
1864,[444.]
1865,[380.]
1866,[476.]
1867,[572.]
1868,[380.]
1869,[412.]
1870,[572.]
1871,[380.]
1872,[284.]
1873,[284.]
1874,[316.]
1875,[476.]
1876,[476.]
1877,[444.]
1878,[476.]
1879,[284.]
1880,[988.]
1881,[284.]
1882,[380.]
1883,[380.]
1884,[476.]
1885,[508.]
1886,[316.]
1887,[444.]
1888,[380.]
1889,[380.]
1890,[284.]
1891,[380.]
1892,[380.]
1893,[476.]
1894,[284.]
1895,[476.]
1896,[540.]
1897,[316.]
1898,[604.]
1899,[284.]
1900,[380.]
1901,[476.]
1902,[956.]
1903,[380.]
1904,[284.]
1905,[380.]
1906,[284.]
1907,[380.]
1908,[284.]
1909,[476.]
1910,[572.]
1911,[284.]
1912,[284.]
1913,[572.]
1914,[412.]
1915,[380.]
1916,[284.]
1917,[476.]
1918,[892.]
1919,[316.]
1920,[284.]
1921,[284.]
1922,[284.]
1923,[380.]
1924,[444.]
1925,[284.]
1926,[284.]
1927,[284.]
1928,[284.]
1929,[412.]
1930,[284.]
1931,[284.]
1932,[284.]
1933,[284.]
1934,[284.]
1935,[380.]
1936,[476.]
1937,[380.]
1938,[284.]
1939,[380.]
1940,[412.]
1941,[284.]
1942,[284.]
1943,[476.]
1944,[284.]
1945,[476.]
1946,[284.]
1947,[380.]
1948,[380.]
1949,[380.]
1950,[284.]
1951,[412.]
1952,[380.]
1953,[476.]
1954,[284.]
1955,[508.]
1956,[284.]
1957,[476.]
1958,[316.]
1959,[284.]
1960,[284.]
1961,[380.]
1962,[284.]
1963,[476.]
1964,[284.]
1965,[476.]
1966,[380.]
1967,[476.]
1968,[476.]
1969,[348.]
1970,[604.]
1971,[284.]
1972,[380.]
1973,[572.]
1974,[412.]
1975,[284.]
1976,[476.]
1977,[284.]
1978,[380.]
1979,[316.]
1980,[380.]
1981,[476.]
1982,[572.]
1983,[572.]
1984,[476.]
1985,[732.]
1986,[764.]
1987,[636.]
1988,[380.]
1989,[476.]
1990,[476.]
1991,[284.]
1992,[892.]
1993,[540.]
1994,[444.]
1995,[284.]
1996,[380.]
1997,[540.]
1998,[380.]
1999,[284.]
2000,[444.]
2001,[380.]
2002,[284.]
2003,[284.]
2004,[284.]
2005,[508.]
2006,[284.]
2007,[380.]
2008,[284.]
2009,[284.]
2010,[668.]
2011,[380.]
2012,[476.]
2013,[572.]
2014,[476.]
2015,[348.]
2016,[540.]
2017,[284.]
2018,[380.]
2019,[380.]
2020,[284.]
2021,[380.]
2022,[732.]
2023,[604.]
2024,[1084.]
2025,[380.]
2026,[284.]
2027,[284.]
2028,[284.]
2029,[476.]
2030,[284.]
2031,[284.]
2032,[476.]
2033,[476.]
2034,[284.]
2035,[284.]
2036,[380.]
2037,[348.]
2038,[348.]
2039,[380.]
2040,[316.]
2041,[668.]
2042,[476.]
2043,[284.]
2044,[380.]
2045,[284.]
2046,[380.]
2047,[476.]
2048,[572.]
2049,[284.]
2050,[572.]
2051,[284.]
2052,[380.]
2053,[796.]
2054,[380.]
2055,[316.]
2056,[380.]
2057,[284.]
2058,[380.]
2059,[316.]
2060,[380.]
2061,[284.]
2062,[284.]
2063,[476.]
2064,[284.]
2065,[380.]
2066,[284.]
2067,[284.]
2068,[284.]
2069,[572.]
2070,[284.]
2071,[284.]
2072,[316.]
2073,[508.]
2074,[348.]
2075,[668.]
2076,[284.]
2077,[284.]
2078,[476.]
2079,[284.]
2080,[380.]
2081,[284.]
2082,[284.]
2083,[380.]
2084,[476.]
2085,[284.]
2086,[316.]
2087,[476.]
2088,[284.]
2089,[380.]
2090,[284.]
2091,[476.]
2092,[284.]
2093,[540.]
2094,[572.]
2095,[284.]
2096,[572.]
2097,[284.]
2098,[284.]
2099,[284.]
2100,[284.]
2101,[284.]
2102,[380.]
2103,[316.]
2104,[380.]
2105,[284.]
2106,[284.]
2107,[476.]
2108,[380.]
2109,[476.]
2110,[380.]
2111,[284.]
2112,[284.]
2113,[380.]
2114,[412.]
2115,[444.]
2116,[284.]
2117,[380.]
2118,[636.]
2119,[284.]
2120,[668.]
2121,[284.]
2122,[380.]
2123,[284.]
2124,[444.]
2125,[380.]
2126,[380.]
2127,[284.]
2128,[572.]
2129,[668.]
2130,[284.]
2131,[476.]
2132,[476.]
2133,[284.]
2134,[476.]
2135,[380.]
2136,[636.]
2137,[380.]
2138,[796.]
2139,[988.]
2140,[444.]
2141,[572.]
2142,[380.]
2143,[284.]
2144,[284.]
2145,[284.]
2146,[284.]
2147,[284.]
2148,[284.]
2149,[572.]
2150,[668.]
2151,[476.]
2152,[284.]
2153,[284.]
2154,[380.]
2155,[284.]
2156,[380.]
2157,[380.]
2158,[572.]
2159,[380.]
2160,[284.]
2161,[284.]
2162,[284.]
2163,[284.]
2164,[284.]
2165,[284.]
2166,[444.]
2167,[284.]
2168,[316.]
2169,[380.]
2170,[284.]
2171,[476.]
2172,[380.]
2173,[508.]
2174,[284.]
2175,[284.]
2176,[380.]
2177,[316.]
2178,[284.]
2179,[284.]
2180,[380.]
2181,[380.]
2182,[636.]
2183,[284.]
2184,[284.]
2185,[796.]
2186,[572.]
2187,[476.]
2188,[572.]
2189,[284.]
2190,[284.]
2191,[284.]
2192,[284.]
2193,[508.]
2194,[380.]
2195,[284.]
2196,[284.]
2197,[284.]
2198,[412.]
2199,[380.]
2200,[380.]
2201,[988.]
2202,[572.]
2203,[380.]
2204,[380.]
2205,[284.]
2206,[284.]
2207,[380.]
2208,[476.]
2209,[284.]
2210,[412.]
2211,[284.]
2212,[380.]
2213,[380.]
2214,[284.]
2215,[924.]
2216,[444.]
2217,[476.]
2218,[380.]
2219,[380.]
2220,[284.]
2221,[284.]
2222,[380.]
2223,[380.]
2224,[284.]
2225,[284.]
2226,[284.]
2227,[380.]
2228,[476.]
2229,[284.]
2230,[380.]
2231,[380.]
2232,[380.]
2233,[284.]
2234,[380.]
2235,[380.]
2236,[380.]
2237,[284.]
2238,[380.]
2239,[444.]
2240,[316.]
2241,[284.]
2242,[380.]
2243,[476.]
2244,[348.]
2245,[348.]
2246,[444.]
2247,[348.]
2248,[380.]
2249,[540.]
2250,[668.]
2251,[284.]
2252,[284.]
2253,[380.]
2254,[668.]
2255,[284.]
2256,[380.]
2257,[284.]
2258,[284.]
2259,[284.]
2260,[380.]
2261,[380.]
2262,[316.]
2263,[380.]
2264,[380.]
2265,[796.]
2266,[572.]
2267,[380.]
2268,[380.]
2269,[284.]
2270,[284.]
2271,[316.]
2272,[380.]
2273,[380.]
2274,[380.]
2275,[380.]
2276,[412.]
2277,[380.]
2278,[316.]
2279,[284.]
2280,[284.]
2281,[476.]
2282,[668.]
2283,[284.]
2284,[284.]
2285,[284.]
2286,[284.]
2287,[284.]
2288,[284.]
2289,[476.]
2290,[380.]
2291,[284.]
2292,[540.]
2293,[604.]
2294,[860.]
2295,[284.]
2296,[476.]
2297,[284.]
2298,[316.]
2299,[284.]
2300,[572.]
2301,[284.]
2302,[476.]
2303,[572.]
2304,[284.]
2305,[284.]
2306,[668.]
2307,[380.]
2308,[284.]
2309,[316.]
2310,[284.]
2311,[380.]
2312,[476.]
2313,[284.]
2314,[284.]
2315,[380.]
2316,[284.]
2317,[380.]
2318,[668.]
2319,[476.]
2320,[572.]
2321,[380.]
2322,[668.]
2323,[380.]
2324,[284.]
2325,[476.]
2326,[316.]
2327,[284.]
2328,[380.]
2329,[444.]
2330,[668.]
2331,[668.]
2332,[380.]
2333,[284.]
2334,[284.]
2335,[380.]
2336,[284.]
2337,[284.]
2338,[380.]
2339,[476.]
2340,[380.]
2341,[476.]
2342,[284.]
2343,[380.]
2344,[412.]
2345,[540.]
2346,[380.]
2347,[860.]
2348,[284.]
2349,[380.]
2350,[284.]
2351,[284.]
2352,[284.]
2353,[476.]
2354,[284.]
2355,[284.]
2356,[572.]
2357,[380.]
2358,[668.]
2359,[540.]
2360,[316.]
2361,[444.]
2362,[284.]
2363,[284.]
2364,[316.]
2365,[412.]
2366,[284.]
2367,[476.]
2368,[284.]
2369,[476.]
2370,[476.]
2371,[380.]
2372,[476.]
2373,[284.]
2374,[284.]
2375,[476.]
2376,[572.]
2377,[284.]
2378,[284.]
2379,[412.]
2380,[284.]
2381,[380.]
2382,[796.]
2383,[284.]
2384,[380.]
2385,[444.]
2386,[476.]
2387,[700.]
2388,[284.]
2389,[380.]
2390,[348.]
2391,[380.]
2392,[380.]
2393,[476.]
2394,[380.]
2395,[316.]
2396,[380.]
2397,[316.]
2398,[284.]
2399,[860.]
2400,[284.]
2401,[380.]
2402,[348.]
2403,[380.]
2404,[380.]
2405,[828.]
2406,[380.]
2407,[348.]
2408,[572.]
2409,[380.]
2410,[380.]
2411,[284.]
2412,[284.]
2413,[860.]
2414,[284.]
2415,[284.]
2416,[668.]
2417,[636.]
2418,[284.]
2419,[380.]
2420,[540.]
2421,[668.]
2422,[604.]
2423,[540.]
2424,[380.]
2425,[380.]
2426,[412.]
2427,[380.]
2428,[476.]
2429,[476.]
2430,[284.]
2431,[284.]
2432,[284.]
2433,[540.]
2434,[284.]
2435,[284.]
2436,[284.]
2437,[284.]
2438,[380.]
2439,[380.]
2440,[636.]
2441,[380.]
2442,[380.]
2443,[540.]
2444,[380.]
2445,[444.]
2446,[348.]
2447,[476.]
2448,[412.]
2449,[380.]
2450,[284.]
2451,[380.]
2452,[284.]
2453,[284.]
2454,[380.]
2455,[316.]
2456,[284.]
2457,[732.]
2458,[348.]
2459,[380.]
2460,[348.]
2461,[668.]
2462,[284.]
2463,[284.]
2464,[380.]
2465,[284.]
2466,[284.]
2467,[316.]
2468,[476.]
2469,[284.]
2470,[892.]
2471,[444.]
2472,[444.]
2473,[572.]
2474,[284.]
2475,[380.]
2476,[284.]
2477,[412.]
2478,[540.]
2479,[412.]
2480,[412.]
2481,[700.]
2482,[380.]
2483,[476.]
2484,[284.]
2485,[348.]
2486,[380.]
2487,[1116.]
2488,[700.]
2489,[284.]
2490,[380.]
2491,[380.]
2492,[284.]
2493,[348.]
2494,[476.]
2495,[444.]
2496,[284.]
2497,[412.]
2498,[476.]
2499,[284.]
2500,[284.]
2501,[284.]
2502,[380.]
2503,[284.]
2504,[444.]
2505,[284.]
2506,[284.]
2507,[476.]
2508,[284.]
2509,[636.]
2510,[380.]
2511,[1180.]
2512,[572.]
2513,[284.]
2514,[508.]
2515,[348.]
2516,[412.]
2517,[796.]
2518,[380.]
2519,[284.]
2520,[796.]
2521,[476.]
2522,[284.]
2523,[572.]
2524,[476.]
2525,[476.]
2526,[316.]
2527,[284.]
2528,[284.]
2529,[572.]
2530,[316.]
2531,[284.]
2532,[380.]
2533,[380.]
2534,[284.]
2535,[348.]
2536,[380.]
2537,[284.]
2538,[380.]
2539,[476.]
2540,[284.]
2541,[316.]
2542,[380.]
2543,[284.]
2544,[668.]
2545,[284.]
2546,[572.]
2547,[380.]
2548,[284.]
2549,[380.]
2550,[668.]
2551,[316.]
2552,[476.]
2553,[476.]
2554,[796.]
2555,[572.]
2556,[572.]
2557,[476.]
2558,[380.]
2559,[380.]
2560,[572.]
2561,[284.]
2562,[380.]
2563,[476.]
2564,[348.]
2565,[476.]
2566,[476.]
2567,[284.]
2568,[316.]
2569,[284.]
2570,[380.]
2571,[540.]
2572,[380.]
2573,[508.]
2574,[668.]
2575,[284.]
2576,[476.]
2577,[476.]
2578,[380.]
2579,[284.]
2580,[572.]
2581,[348.]
2582,[284.]
2583,[380.]
2584,[476.]
2585,[380.]
2586,[380.]
2587,[476.]
2588,[284.]
2589,[284.]
2590,[284.]
2591,[284.]
2592,[284.]
2593,[316.]
2594,[284.]
2595,[284.]
2596,[540.]
2597,[380.]
2598,[380.]
2599,[284.]
2600,[668.]
2601,[412.]
2602,[284.]
2603,[892.]
2604,[668.]
2605,[380.]
2606,[572.]
2607,[796.]
2608,[572.]
2609,[348.]
2610,[412.]
2611,[988.]
2612,[380.]
2613,[348.]
2614,[284.]
2615,[412.]
2616,[284.]
2617,[284.]
2618,[476.]
2619,[636.]
2620,[380.]
2621,[284.]
2622,[412.]
2623,[476.]
2624,[1244.]
2625,[668.]
2626,[796.]
2627,[284.]
2628,[380.]
2629,[668.]
2630,[668.]
2631,[540.]
2632,[476.]
2633,[668.]
2634,[284.]
2635,[380.]
2636,[380.]
2637,[380.]
2638,[444.]
2639,[348.]
2640,[380.]
2641,[284.]
2642,[380.]
2643,[636.]
2644,[444.]
2645,[284.]
2646,[380.]
2647,[284.]
2648,[284.]
2649,[284.]
2650,[284.]
2651,[284.]
2652,[284.]
2653,[284.]
2654,[380.]
2655,[412.]
2656,[284.]
2657,[476.]
2658,[412.]
2659,[284.]
2660,[380.]
2661,[1116.]
2662,[444.]
2663,[380.]
2664,[572.]
2665,[348.]
2666,[444.]
2667,[380.]
2668,[380.]
2669,[348.]
2670,[284.]
2671,[284.]
2672,[284.]
2673,[860.]
2674,[444.]
2675,[284.]
2676,[476.]
2677,[476.]
2678,[284.]
2679,[476.]
2680,[508.]
2681,[284.]
2682,[284.]
2683,[284.]
2684,[284.]
2685,[316.]
2686,[380.]
2687,[668.]
2688,[316.]
2689,[380.]
2690,[380.]
2691,[604.]
2692,[380.]
2693,[476.]
2694,[476.]
2695,[380.]
2696,[284.]
2697,[284.]
2698,[572.]
2699,[444.]
2700,[380.]
2701,[476.]
2702,[316.]
2703,[476.]
2704,[412.]
2705,[380.]
2706,[380.]
2707,[284.]
2708,[284.]
2709,[284.]
2710,[476.]
2711,[380.]
2712,[284.]
2713,[828.]
2714,[476.]
2715,[284.]
2716,[380.]
2717,[284.]
2718,[572.]
2719,[284.]
2720,[540.]
2721,[572.]
2722,[476.]
2723,[284.]
2724,[284.]
2725,[412.]
2726,[380.]
2727,[476.]
2728,[508.]
2729,[380.]
2730,[284.]
2731,[284.]
2732,[380.]
2733,[284.]
2734,[476.]
2735,[508.]
2736,[380.]
2737,[284.]
2738,[284.]
2739,[284.]
2740,[284.]
2741,[380.]
2742,[508.]
2743,[380.]
2744,[476.]
2745,[284.]
2746,[348.]
2747,[284.]
2748,[380.]
2749,[316.]
2750,[380.]
2751,[476.]
2752,[444.]
2753,[476.]
2754,[284.]
2755,[412.]
2756,[380.]
2757,[540.]
2758,[348.]
2759,[284.]
2760,[380.]
2761,[284.]
2762,[284.]
2763,[284.]
2764,[284.]
2765,[668.]
2766,[284.]
2767,[380.]
2768,[380.]
2769,[284.]
2770,[380.]
2771,[476.]
2772,[636.]
2773,[284.]
2774,[668.]
2775,[476.]
2776,[348.]
2777,[284.]
2778,[380.]
2779,[316.]
2780,[572.]
2781,[444.]
2782,[284.]
2783,[508.]
2784,[380.]
2785,[380.]
2786,[476.]
2787,[284.]
2788,[380.]
2789,[476.]
2790,[284.]
2791,[380.]
2792,[284.]
2793,[380.]
2794,[284.]
2795,[444.]
2796,[412.]
2797,[604.]
2798,[796.]
2799,[348.]
2800,[284.]
2801,[284.]
2802,[380.]
2803,[284.]
2804,[476.]
2805,[668.]
2806,[380.]
2807,[380.]
2808,[284.]
2809,[380.]
2810,[476.]
2811,[572.]
2812,[476.]
2813,[284.]
2814,[284.]
2815,[380.]
2816,[444.]
2817,[348.]
2818,[380.]
2819,[668.]
2820,[380.]
2821,[380.]
2822,[508.]
2823,[284.]
2824,[572.]
2825,[284.]
2826,[476.]
2827,[380.]
2828,[380.]
2829,[380.]
2830,[380.]
2831,[476.]
2832,[380.]
2833,[764.]
2834,[476.]
2835,[380.]
2836,[380.]
2837,[316.]
2838,[284.]
2839,[284.]
2840,[284.]
2841,[572.]
2842,[284.]
2843,[412.]
2844,[284.]
2845,[380.]
2846,[348.]
2847,[380.]
2848,[572.]
2849,[316.]
2850,[284.]
2851,[284.]
2852,[380.]
2853,[380.]
2854,[540.]
2855,[476.]
2856,[636.]
2857,[284.]
2858,[380.]
2859,[284.]
2860,[476.]
2861,[412.]
2862,[284.]
2863,[444.]
2864,[476.]
2865,[380.]
2866,[380.]
2867,[284.]
2868,[348.]
2869,[476.]
2870,[668.]
2871,[284.]
2872,[380.]
2873,[380.]
2874,[284.]
2875,[284.]
2876,[380.]
2877,[476.]
2878,[476.]
2879,[284.]
2880,[380.]
2881,[380.]
2882,[284.]
2883,[476.]
2884,[572.]
2885,[284.]
2886,[476.]
2887,[700.]
2888,[380.]
2889,[764.]
2890,[444.]
2891,[284.]
2892,[476.]
2893,[668.]
2894,[988.]
2895,[284.]
2896,[348.]
2897,[380.]
2898,[284.]
2899,[284.]
2900,[284.]
2901,[380.]
2902,[380.]
2903,[540.]
2904,[476.]
2905,[284.]
2906,[380.]
2907,[284.]
2908,[668.]
2909,[892.]
2910,[284.]
2911,[284.]
2912,[284.]
2913,[380.]
2914,[284.]
2915,[476.]
2916,[284.]
2917,[476.]
2918,[380.]
2919,[572.]
2920,[508.]
2921,[284.]
2922,[476.]
2923,[572.]
2924,[476.]
2925,[572.]
2926,[476.]
2927,[444.]
2928,[828.]
2929,[476.]
2930,[380.]
2931,[284.]
2932,[284.]
2933,[700.]
2934,[284.]
2935,[540.]
2936,[284.]
2937,[572.]
2938,[412.]
2939,[476.]
2940,[348.]
2941,[1468.]
2942,[380.]
2943,[284.]
2944,[380.]
2945,[380.]
2946,[284.]
2947,[284.]
2948,[348.]
2949,[284.]
2950,[284.]
2951,[444.]
2952,[380.]
2953,[348.]
2954,[284.]
2955,[284.]
2956,[380.]
2957,[348.]
2958,[924.]
2959,[572.]
2960,[284.]
2961,[380.]
2962,[668.]
2963,[284.]
2964,[380.]
2965,[284.]
2966,[284.]
2967,[284.]
2968,[348.]
2969,[380.]
2970,[348.]
2971,[380.]
2972,[284.]
2973,[380.]
2974,[444.]
2975,[284.]
2976,[732.]
2977,[284.]
2978,[284.]
2979,[796.]
2980,[348.]
2981,[796.]
2982,[284.]
2983,[348.]
2984,[284.]
2985,[284.]
2986,[284.]
2987,[476.]
2988,[284.]
2989,[380.]
2990,[284.]
2991,[284.]
2992,[284.]
2993,[668.]
2994,[540.]
2995,[284.]
2996,[284.]
2997,[380.]
2998,[284.]
2999,[284.]
3000,[284.]
3001,[636.]
3002,[380.]
3003,[700.]
3004,[284.]
3005,[380.]
3006,[956.]
3007,[284.]
3008,[380.]
3009,[284.]
3010,[284.]
3011,[380.]
3012,[412.]
3013,[476.]
3014,[540.]
3015,[284.]
3016,[380.]
3017,[380.]
3018,[380.]
3019,[284.]
3020,[412.]
3021,[380.]
3022,[380.]
3023,[380.]
3024,[284.]
3025,[796.]
3026,[636.]
3027,[284.]
3028,[316.]
3029,[284.]
3030,[380.]
3031,[380.]
3032,[572.]
3033,[284.]
3034,[284.]
3035,[380.]
3036,[380.]
3037,[380.]
3038,[572.]
3039,[284.]
3040,[572.]
3041,[572.]
3042,[380.]
3043,[380.]
3044,[380.]
3045,[284.]
3046,[412.]
3047,[636.]
3048,[476.]
3049,[284.]
3050,[380.]
3051,[572.]
3052,[284.]
3053,[380.]
3054,[284.]
3055,[572.]
3056,[380.]
3057,[284.]
3058,[476.]
3059,[316.]
3060,[476.]
3061,[316.]
3062,[412.]
3063,[284.]
3064,[284.]
3065,[636.]
3066,[316.]
3067,[284.]
3068,[572.]
3069,[380.]
3070,[284.]
3071,[284.]
3072,[284.]
3073,[380.]
3074,[380.]
3075,[380.]
3076,[284.]
3077,[412.]
3078,[284.]
3079,[284.]
3080,[284.]
3081,[284.]
3082,[764.]
3083,[284.]
3084,[380.]
3085,[476.]
3086,[380.]
3087,[476.]
3088,[284.]
3089,[380.]
3090,[668.]
3091,[380.]
3092,[284.]
3093,[476.]
3094,[476.]
3095,[284.]
3096,[284.]
3097,[284.]
3098,[380.]
3099,[284.]
3100,[284.]
3101,[636.]
3102,[380.]
3103,[764.]
3104,[284.]
3105,[1052.]
3106,[316.]
3107,[284.]
3108,[380.]
3109,[572.]
3110,[284.]
3111,[444.]
3112,[380.]
3113,[380.]
3114,[380.]
3115,[284.]
3116,[380.]
3117,[668.]
3118,[700.]
3119,[508.]
3120,[988.]
3121,[380.]
3122,[284.]
3123,[380.]
3124,[508.]
3125,[284.]
3126,[572.]
3127,[380.]
3128,[284.]
3129,[284.]
3130,[380.]
3131,[476.]
3132,[380.]
3133,[284.]
3134,[380.]
3135,[380.]
3136,[572.]
3137,[380.]
3138,[572.]
3139,[284.]
3140,[284.]
3141,[284.]
3142,[540.]
3143,[316.]
3144,[284.]
3145,[476.]
3146,[572.]
3147,[476.]
3148,[284.]
3149,[348.]
3150,[380.]
3151,[380.]
3152,[572.]
3153,[572.]
3154,[316.]
3155,[476.]
3156,[636.]
3157,[380.]
3158,[988.]
3159,[380.]
3160,[604.]
3161,[284.]
3162,[476.]
3163,[668.]
3164,[476.]
3165,[380.]
3166,[284.]
3167,[476.]
3168,[284.]
3169,[380.]
3170,[380.]
3171,[316.]
3172,[284.]
3173,[476.]
3174,[284.]
3175,[284.]
3176,[444.]
3177,[380.]
3178,[476.]
3179,[284.]
3180,[476.]
3181,[380.]
3182,[892.]
3183,[668.]
3184,[284.]
3185,[476.]
3186,[380.]
3187,[380.]
3188,[284.]
3189,[572.]
3190,[380.]
3191,[380.]
3192,[284.]
3193,[572.]
3194,[956.]
3195,[380.]
3196,[284.]
3197,[380.]
3198,[380.]
3199,[444.]
3200,[284.]
3201,[284.]
3202,[380.]
3203,[380.]
3204,[380.]
3205,[284.]
3206,[476.]
3207,[316.]
3208,[284.]
3209,[284.]
3210,[284.]
3211,[572.]
3212,[508.]
3213,[284.]
3214,[380.]
3215,[380.]
3216,[316.]
3217,[380.]
3218,[764.]
3219,[380.]
3220,[284.]
3221,[284.]
3222,[284.]
3223,[284.]
3224,[284.]
3225,[572.]
3226,[284.]
3227,[444.]
3228,[380.]
3229,[380.]
3230,[316.]
3231,[284.]
3232,[508.]
3233,[284.]
3234,[284.]
3235,[284.]
3236,[284.]
3237,[380.]
3238,[380.]
3239,[476.]
3240,[380.]
3241,[284.]
3242,[284.]
3243,[444.]
3244,[380.]
3245,[348.]
3246,[380.]
3247,[380.]
3248,[284.]
3249,[380.]
3250,[380.]
3251,[284.]
3252,[348.]
3253,[284.]
3254,[348.]
3255,[284.]
3256,[380.]
3257,[380.]
3258,[476.]
3259,[284.]
3260,[508.]
3261,[380.]
3262,[284.]
3263,[380.]
3264,[284.]
3265,[572.]
3266,[284.]
3267,[540.]
3268,[572.]
3269,[828.]
3270,[284.]
3271,[284.]
3272,[380.]
3273,[284.]
3274,[380.]
3275,[476.]
3276,[380.]
3277,[380.]
3278,[412.]
3279,[476.]
3280,[380.]
3281,[476.]
3282,[284.]
3283,[412.]
3284,[284.]
3285,[380.]
3286,[380.]
3287,[380.]
3288,[444.]
3289,[284.]
3290,[380.]
3291,[380.]
3292,[284.]
3293,[636.]
3294,[476.]
3295,[412.]
3296,[284.]
3297,[476.]
3298,[284.]
3299,[572.]
3300,[476.]
3301,[380.]
3302,[444.]
3303,[476.]
3304,[540.]
3305,[380.]
3306,[380.]
3307,[284.]
3308,[572.]
3309,[412.]
3310,[284.]
3311,[380.]
3312,[380.]
3313,[380.]
3314,[284.]
3315,[572.]
3316,[476.]
3317,[668.]
3318,[380.]
3319,[380.]
3320,[380.]
3321,[380.]
3322,[316.]
3323,[508.]
3324,[284.]
3325,[284.]
3326,[284.]
3327,[380.]
3328,[412.]
3329,[284.]
3330,[572.]
3331,[572.]
3332,[380.]
3333,[412.]
3334,[476.]
3335,[380.]
3336,[412.]
3337,[380.]
3338,[380.]
3339,[476.]
3340,[284.]
3341,[284.]
3342,[380.]
3343,[380.]
3344,[284.]
3345,[380.]
3346,[348.]
3347,[380.]
3348,[348.]
3349,[284.]
3350,[380.]
3351,[284.]
3352,[476.]
3353,[284.]
3354,[284.]
3355,[380.]
3356,[284.]
3357,[412.]
3358,[284.]
3359,[348.]
3360,[284.]
3361,[284.]
3362,[380.]
3363,[284.]
3364,[476.]
3365,[380.]
3366,[284.]
3367,[284.]
3368,[284.]
3369,[316.]
3370,[284.]
3371,[284.]
3372,[380.]
3373,[476.]
3374,[476.]
3375,[572.]
3376,[1084.]
3377,[412.]
3378,[380.]
3379,[380.]
3380,[284.]
3381,[284.]
3382,[316.]
3383,[284.]
3384,[348.]
3385,[412.]
3386,[572.]
3387,[380.]
3388,[892.]
3389,[412.]
3390,[316.]
3391,[348.]
3392,[572.]
3393,[444.]
3394,[412.]
3395,[380.]
3396,[284.]
3397,[284.]
3398,[380.]
3399,[636.]
3400,[540.]
3401,[284.]
3402,[764.]
3403,[956.]
3404,[380.]
3405,[828.]
3406,[284.]
3407,[348.]
3408,[540.]
3409,[476.]
3410,[444.]
3411,[380.]
3412,[284.]
3413,[284.]
3414,[508.]
3415,[476.]
3416,[380.]
3417,[476.]
3418,[380.]
3419,[380.]
3420,[284.]
3421,[380.]
3422,[412.]
3423,[412.]
3424,[380.]
3425,[348.]
3426,[316.]
3427,[572.]
3428,[380.]
3429,[284.]
3430,[284.]
3431,[412.]
3432,[412.]
3433,[412.]
3434,[284.]
3435,[796.]
3436,[284.]
3437,[284.]
3438,[284.]
3439,[380.]
3440,[284.]
3441,[668.]
3442,[380.]
3443,[444.]
3444,[476.]
3445,[476.]
3446,[476.]
3447,[380.]
3448,[284.]
3449,[380.]
3450,[284.]
3451,[284.]
3452,[380.]
3453,[284.]
3454,[540.]
3455,[380.]
3456,[572.]
3457,[476.]
3458,[476.]
3459,[380.]
3460,[476.]
3461,[444.]
3462,[380.]
3463,[476.]
3464,[380.]
3465,[668.]
3466,[284.]
3467,[572.]
3468,[476.]
3469,[380.]
3470,[380.]
3471,[444.]
3472,[380.]
3473,[316.]
3474,[380.]
3475,[284.]
3476,[380.]
3477,[476.]
3478,[476.]
3479,[1148.]
3480,[380.]
3481,[284.]
3482,[444.]
3483,[380.]
3484,[892.]
3485,[284.]
3486,[284.]
3487,[1276.]
3488,[476.]
3489,[348.]
3490,[380.]
3491,[572.]
3492,[284.]
3493,[380.]
3494,[572.]
3495,[284.]
3496,[284.]
3497,[380.]
3498,[284.]
3499,[476.]
3500,[412.]
3501,[284.]
3502,[476.]
3503,[572.]
3504,[348.]
3505,[444.]
3506,[284.]
3507,[508.]
3508,[508.]
3509,[380.]
3510,[476.]
3511,[284.]
3512,[284.]
3513,[668.]
3514,[284.]
3515,[508.]
3516,[380.]
3517,[476.]
3518,[284.]
3519,[348.]
3520,[572.]
3521,[284.]
3522,[284.]
3523,[476.]
3524,[380.]
3525,[380.]
3526,[540.]
3527,[476.]
3528,[604.]
3529,[380.]
3530,[380.]
3531,[284.]
3532,[380.]
3533,[284.]
3534,[284.]
3535,[476.]
3536,[316.]
3537,[572.]
3538,[284.]
3539,[476.]
3540,[284.]
3541,[412.]
3542,[284.]
3543,[476.]
3544,[636.]
3545,[380.]
3546,[380.]
3547,[284.]
3548,[508.]
3549,[476.]
3550,[284.]
3551,[284.]
3552,[284.]
3553,[284.]
3554,[476.]
3555,[380.]
3556,[284.]
3557,[284.]
3558,[284.]
3559,[380.]
3560,[284.]
3561,[316.]
3562,[444.]
3563,[508.]
3564,[668.]
3565,[444.]
3566,[284.]
3567,[476.]
3568,[284.]
3569,[572.]
3570,[284.]
3571,[380.]
3572,[508.]
3573,[284.]
3574,[284.]
3575,[380.]
3576,[380.]
3577,[572.]
3578,[412.]
3579,[380.]
3580,[348.]
3581,[284.]
3582,[412.]
3583,[380.]
3584,[284.]
3585,[284.]
3586,[284.]
3587,[284.]
3588,[668.]
3589,[284.]
3590,[380.]
3591,[284.]
3592,[572.]
3593,[444.]
3594,[284.]
3595,[476.]
3596,[284.]
3597,[284.]
3598,[284.]
3599,[380.]
3600,[380.]
3601,[284.]
3602,[284.]
3603,[284.]
3604,[668.]
3605,[380.]
3606,[380.]
3607,[380.]
3608,[284.]
3609,[476.]
3610,[284.]
3611,[284.]
3612,[380.]
3613,[636.]
3614,[348.]
3615,[668.]
3616,[284.]
3617,[380.]
3618,[284.]
3619,[668.]
3620,[380.]
3621,[284.]
3622,[380.]
3623,[284.]
3624,[316.]
3625,[316.]
3626,[540.]
3627,[508.]
3628,[572.]
3629,[380.]
3630,[380.]
3631,[284.]
3632,[508.]
3633,[284.]
3634,[284.]
3635,[572.]
3636,[444.]
3637,[572.]
3638,[380.]
3639,[444.]
3640,[380.]
3641,[380.]
3642,[380.]
3643,[284.]
3644,[380.]
3645,[284.]
3646,[380.]
3647,[380.]
3648,[476.]
3649,[380.]
3650,[380.]
3651,[380.]
3652,[380.]
3653,[284.]
3654,[316.]
3655,[380.]
3656,[476.]
3657,[284.]
3658,[284.]
3659,[572.]
3660,[380.]
3661,[348.]
3662,[380.]
3663,[668.]
3664,[604.]
3665,[476.]
3666,[412.]
3667,[476.]
3668,[572.]
3669,[572.]
3670,[572.]
3671,[284.]
3672,[284.]
3673,[284.]
3674,[380.]
3675,[508.]
3676,[316.]
3677,[284.]
3678,[604.]
3679,[380.]
3680,[284.]
3681,[284.]
3682,[412.]
3683,[380.]
3684,[380.]
3685,[316.]
3686,[284.]
3687,[284.]
3688,[476.]
3689,[508.]
3690,[380.]
3691,[476.]
3692,[572.]
3693,[476.]
3694,[412.]
3695,[348.]
3696,[572.]
3697,[284.]
3698,[284.]
3699,[380.]
3700,[380.]
3701,[380.]
3702,[380.]
3703,[284.]
3704,[380.]
3705,[348.]
3706,[284.]
3707,[284.]
3708,[284.]
3709,[476.]
3710,[284.]
3711,[284.]
3712,[284.]
3713,[380.]
3714,[284.]
3715,[284.]
3716,[284.]
3717,[284.]
3718,[284.]
3719,[476.]
3720,[476.]
3721,[380.]
3722,[380.]
3723,[476.]
3724,[572.]
3725,[476.]
3726,[380.]
3727,[284.]
3728,[348.]
3729,[284.]
3730,[444.]
3731,[476.]
3732,[380.]
3733,[412.]
3734,[284.]
3735,[572.]
3736,[476.]
3737,[444.]
3738,[540.]
3739,[380.]
3740,[284.]
3741,[476.]
3742,[284.]
3743,[284.]
3744,[444.]
3745,[476.]
3746,[1084.]
3747,[668.]
3748,[380.]
3749,[284.]
3750,[348.]
3751,[380.]
3752,[284.]
3753,[284.]
3754,[476.]
3755,[284.]
3756,[380.]
3757,[284.]
3758,[284.]
3759,[284.]
3760,[476.]
3761,[476.]
3762,[284.]
3763,[700.]
3764,[284.]
3765,[380.]
3766,[380.]
3767,[508.]
3768,[380.]
3769,[668.]
3770,[284.]
3771,[572.]
3772,[380.]
3773,[284.]
3774,[284.]
3775,[284.]
3776,[636.]
3777,[348.]
3778,[284.]
3779,[284.]
3780,[412.]
3781,[380.]
3782,[380.]
3783,[380.]
3784,[380.]
3785,[380.]
3786,[380.]
3787,[284.]
3788,[604.]
3789,[284.]
3790,[1436.]
3791,[380.]
3792,[380.]
3793,[668.]
3794,[316.]
3795,[284.]
3796,[380.]
3797,[380.]
3798,[380.]
3799,[284.]
3800,[284.]
3801,[284.]
3802,[476.]
3803,[476.]
3804,[380.]
3805,[476.]
3806,[572.]
3807,[636.]
3808,[380.]
3809,[284.]
3810,[668.]
3811,[316.]
3812,[380.]
3813,[380.]
3814,[380.]
3815,[316.]
3816,[444.]
3817,[380.]
3818,[316.]
3819,[348.]
3820,[380.]
3821,[284.]
3822,[892.]
3823,[284.]
3824,[380.]
3825,[476.]
3826,[476.]
3827,[348.]
3828,[380.]
3829,[380.]
3830,[572.]
3831,[284.]
3832,[508.]
3833,[284.]
3834,[380.]
3835,[284.]
3836,[284.]
3837,[284.]
3838,[860.]
3839,[380.]
3840,[796.]
3841,[348.]
3842,[540.]
3843,[476.]
3844,[476.]
3845,[604.]
3846,[284.]
3847,[284.]
3848,[572.]
3849,[476.]
3850,[572.]
3851,[380.]
3852,[380.]
3853,[380.]
3854,[284.]
3855,[412.]
3856,[380.]
3857,[284.]
3858,[348.]
3859,[284.]
3860,[348.]
3861,[572.]
3862,[284.]
3863,[380.]
3864,[284.]
3865,[284.]
3866,[284.]
3867,[476.]
3868,[284.]
3869,[284.]
3870,[892.]
3871,[476.]
3872,[284.]
3873,[572.]
3874,[380.]
3875,[380.]
3876,[540.]
3877,[380.]
3878,[476.]
3879,[380.]
3880,[476.]
3881,[476.]
3882,[508.]
3883,[380.]
3884,[284.]
3885,[284.]
3886,[380.]
3887,[284.]
3888,[476.]
3889,[380.]
3890,[284.]
3891,[476.]
3892,[444.]
3893,[284.]
3894,[316.]
3895,[316.]
3896,[380.]
3897,[476.]
3898,[380.]
3899,[380.]
3900,[636.]
3901,[284.]
3902,[380.]
3903,[284.]
3904,[476.]
3905,[380.]
3906,[284.]
3907,[380.]
3908,[572.]
3909,[764.]
3910,[284.]
3911,[380.]
3912,[284.]
3913,[380.]
3914,[284.]
3915,[476.]
3916,[412.]
3917,[508.]
3918,[380.]
3919,[444.]
3920,[572.]
3921,[284.]
3922,[668.]
3923,[284.]
3924,[380.]
3925,[796.]
3926,[348.]
3927,[796.]
3928,[316.]
3929,[732.]
3930,[572.]
3931,[380.]
3932,[284.]
3933,[284.]
3934,[380.]
3935,[476.]
3936,[284.]
3937,[476.]
3938,[284.]
3939,[284.]
3940,[572.]
3941,[284.]
3942,[444.]
3943,[380.]
3944,[412.]
3945,[380.]
3946,[796.]
3947,[380.]
3948,[284.]
3949,[1180.]
3950,[988.]
3951,[476.]
3952,[476.]
3953,[476.]
3954,[444.]
3955,[284.]
3956,[284.]
3957,[284.]
3958,[284.]
3959,[476.]
3960,[508.]
3961,[444.]
3962,[476.]
3963,[348.]
3964,[348.]
3965,[316.]
3966,[380.]
3967,[380.]
3968,[476.]
3969,[284.]
3970,[316.]
3971,[284.]
3972,[380.]
3973,[380.]
3974,[316.]
3975,[476.]
3976,[476.]
3977,[380.]
3978,[380.]
3979,[284.]
3980,[284.]
3981,[284.]
3982,[380.]
3983,[572.]
3984,[476.]
3985,[444.]
3986,[476.]
3987,[476.]
3988,[380.]
3989,[380.]
3990,[380.]
3991,[412.]
3992,[284.]
3993,[284.]
3994,[284.]
3995,[284.]
3996,[284.]
3997,[348.]
3998,[284.]
3999,[540.]
4000,[764.]
4001,[572.]
4002,[572.]
4003,[476.]
4004,[380.]
4005,[796.]
4006,[380.]
4007,[604.]
4008,[284.]
4009,[476.]
4010,[380.]
4011,[284.]
4012,[380.]
4013,[380.]
4014,[476.]
4015,[284.]
4016,[284.]
4017,[476.]
4018,[284.]
4019,[668.]
4020,[476.]
4021,[284.]
4022,[380.]
4023,[668.]
4024,[636.]
4025,[380.]
4026,[284.]
4027,[508.]
4028,[508.]
4029,[284.]
4030,[476.]
4031,[316.]
4032,[476.]
4033,[284.]
4034,[572.]
4035,[380.]
4036,[284.]
4037,[508.]
4038,[284.]
4039,[284.]
4040,[284.]
4041,[284.]
4042,[284.]
4043,[476.]
4044,[380.]
4045,[348.]
4046,[380.]
4047,[284.]
4048,[380.]
4049,[476.]
4050,[572.]
4051,[284.]
4052,[380.]
4053,[380.]
4054,[284.]
4055,[380.]
4056,[380.]
4057,[636.]
4058,[284.]
4059,[444.]
4060,[476.]
4061,[284.]
4062,[380.]
4063,[476.]
4064,[380.]
4065,[604.]
4066,[508.]
4067,[636.]
4068,[380.]
4069,[284.]
4070,[284.]
4071,[380.]
4072,[476.]
4073,[284.]
4074,[348.]
4075,[380.]
4076,[284.]
4077,[476.]
4078,[380.]
4079,[380.]
4080,[284.]
4081,[796.]
4082,[284.]
4083,[380.]
4084,[380.]
4085,[476.]
4086,[284.]
4087,[476.]
4088,[380.]
4089,[380.]
4090,[284.]
4091,[476.]
4092,[284.]
4093,[476.]
4094,[572.]
4095,[284.]
4096,[284.]
4097,[284.]
4098,[668.]
4099,[540.]
4100,[380.]
4101,[284.]
4102,[284.]
4103,[380.]
4104,[284.]
4105,[476.]
4106,[284.]
4107,[284.]
4108,[380.]
4109,[316.]
4110,[476.]
4111,[668.]
4112,[380.]
4113,[572.]
4114,[476.]
4115,[444.]
4116,[508.]
4117,[284.]
4118,[284.]
4119,[284.]
4120,[284.]
4121,[380.]
4122,[476.]
4123,[444.]
4124,[572.]
4125,[316.]
4126,[380.]
4127,[284.]
4128,[476.]
4129,[380.]
4130,[380.]
4131,[284.]
4132,[316.]
4133,[764.]
4134,[380.]
4135,[348.]
4136,[284.]
4137,[572.]
4138,[284.]
4139,[572.]
4140,[284.]
4141,[380.]
4142,[380.]
4143,[476.]
4144,[284.]
4145,[476.]
4146,[284.]
4147,[412.]
4148,[476.]
4149,[348.]
4150,[380.]
4151,[508.]
4152,[284.]
4153,[284.]
4154,[508.]
4155,[284.]
4156,[1212.]
4157,[284.]
4158,[348.]
4159,[284.]
4160,[796.]
4161,[284.]
4162,[348.]
4163,[284.]
4164,[380.]
4165,[284.]
4166,[380.]
4167,[316.]
4168,[284.]
4169,[284.]
4170,[476.]
4171,[380.]
4172,[508.]
4173,[572.]
4174,[284.]
4175,[284.]
4176,[284.]
4177,[284.]
4178,[284.]
4179,[316.]
4180,[380.]
4181,[348.]
4182,[476.]
4183,[284.]
4184,[380.]
4185,[284.]
4186,[380.]
4187,[508.]
4188,[284.]
4189,[380.]
4190,[284.]
4191,[412.]
4192,[380.]
4193,[284.]
4194,[284.]
4195,[380.]
4196,[380.]
4197,[348.]
4198,[380.]
4199,[284.]
4200,[668.]
4201,[284.]
4202,[476.]
4203,[380.]
4204,[572.]
4205,[380.]
4206,[316.]
4207,[380.]
4208,[284.]
4209,[380.]
4210,[380.]
4211,[348.]
4212,[284.]
4213,[380.]
4214,[380.]
4215,[316.]
4216,[284.]
4217,[380.]
4218,[668.]
4219,[284.]
4220,[476.]
4221,[476.]
4222,[572.]
4223,[284.]
4224,[572.]
4225,[380.]
4226,[380.]
4227,[380.]
4228,[284.]
4229,[380.]
4230,[348.]
4231,[572.]
4232,[284.]
4233,[892.]
4234,[380.]
4235,[284.]
4236,[284.]
4237,[476.]
4238,[604.]
4239,[604.]
4240,[476.]
4241,[668.]
4242,[284.]
4243,[380.]
4244,[476.]
4245,[380.]
4246,[284.]
4247,[348.]
4248,[380.]
4249,[284.]
4250,[956.]
4251,[380.]
4252,[476.]
4253,[476.]
4254,[284.]
4255,[284.]
4256,[380.]
4257,[284.]
4258,[284.]
4259,[508.]
4260,[764.]
4261,[380.]
4262,[284.]
4263,[476.]
4264,[380.]
4265,[380.]
4266,[284.]
4267,[284.]
4268,[284.]
4269,[348.]
4270,[380.]
4271,[316.]
4272,[348.]
4273,[380.]
4274,[284.]
4275,[380.]
4276,[572.]
4277,[284.]
4278,[444.]
4279,[412.]
4280,[380.]
4281,[380.]
4282,[284.]
4283,[572.]
4284,[284.]
4285,[380.]
4286,[284.]
4287,[540.]
4288,[572.]
4289,[572.]
4290,[284.]
4291,[284.]
4292,[284.]
4293,[380.]
4294,[284.]
4295,[796.]
4296,[380.]
4297,[380.]
4298,[412.]
4299,[476.]
4300,[380.]
4301,[284.]
4302,[476.]
4303,[636.]
4304,[284.]
4305,[380.]
4306,[284.]
4307,[284.]
4308,[284.]
4309,[316.]
4310,[380.]
4311,[284.]
4312,[284.]
4313,[700.]
4314,[412.]
4315,[284.]
4316,[476.]
4317,[348.]
4318,[380.]
4319,[284.]
4320,[380.]
4321,[476.]
4322,[284.]
4323,[380.]
4324,[380.]
4325,[380.]
4326,[284.]
4327,[380.]
4328,[380.]
4329,[380.]
4330,[284.]
4331,[508.]
4332,[284.]
4333,[476.]
4334,[284.]
4335,[348.]
4336,[284.]
4337,[284.]
4338,[572.]
4339,[412.]
4340,[476.]
4341,[284.]
4342,[380.]
4343,[284.]
4344,[284.]
4345,[380.]
4346,[572.]
4347,[284.]
4348,[380.]
4349,[732.]
4350,[636.]
4351,[380.]
4352,[380.]
4353,[284.]
4354,[284.]
4355,[380.]
4356,[284.]
4357,[668.]
4358,[476.]
4359,[380.]
4360,[284.]
4361,[796.]
4362,[412.]
4363,[284.]
4364,[572.]
4365,[284.]
4366,[444.]
4367,[284.]
4368,[380.]
4369,[380.]
4370,[668.]
4371,[348.]
4372,[444.]
4373,[476.]
4374,[380.]
4375,[380.]
4376,[284.]
4377,[380.]
4378,[540.]
4379,[604.]
4380,[380.]
4381,[284.]
4382,[284.]
4383,[1084.]
4384,[316.]
4385,[476.]
4386,[348.]
4387,[284.]
4388,[284.]
4389,[476.]
4390,[476.]
4391,[348.]
4392,[348.]
4393,[284.]
4394,[284.]
4395,[284.]
4396,[348.]
4397,[284.]
4398,[284.]
4399,[380.]
4400,[316.]
4401,[572.]
4402,[476.]
4403,[380.]
4404,[284.]
4405,[476.]
4406,[380.]
4407,[380.]
4408,[892.]
4409,[284.]
4410,[284.]
4411,[284.]
4412,[284.]
4413,[348.]
4414,[380.]
4415,[380.]
4416,[412.]
4417,[540.]
4418,[380.]
4419,[380.]
4420,[380.]
4421,[444.]
4422,[284.]
4423,[476.]
4424,[284.]
4425,[476.]
4426,[444.]
4427,[508.]
4428,[284.]
4429,[284.]
4430,[380.]
4431,[284.]
4432,[348.]
4433,[284.]
4434,[284.]
4435,[476.]
4436,[444.]
4437,[284.]
4438,[380.]
4439,[284.]
4440,[316.]
4441,[380.]
4442,[284.]
4443,[1372.]
4444,[284.]
4445,[380.]
4446,[380.]
4447,[380.]
4448,[476.]
4449,[828.]
4450,[348.]
4451,[476.]
4452,[284.]
4453,[284.]
4454,[380.]
4455,[380.]
4456,[284.]
4457,[284.]
4458,[476.]
4459,[380.]
4460,[476.]
4461,[380.]
4462,[284.]
4463,[412.]
4464,[348.]
4465,[380.]
4466,[796.]
4467,[284.]
4468,[284.]
4469,[732.]
4470,[380.]
4471,[380.]
4472,[540.]
4473,[284.]
4474,[476.]
4475,[412.]
4476,[476.]
4477,[284.]
4478,[476.]
4479,[284.]
4480,[572.]
4481,[316.]
4482,[316.]
4483,[540.]
4484,[412.]
4485,[284.]
4486,[412.]
4487,[380.]
4488,[380.]
4489,[604.]
4490,[380.]
4491,[348.]
4492,[380.]
4493,[284.]
4494,[348.]
4495,[380.]
4496,[284.]
4497,[380.]
4498,[284.]
4499,[476.]
4500,[284.]
4501,[380.]
4502,[380.]
4503,[284.]
4504,[572.]
4505,[316.]
4506,[284.]
4507,[668.]
4508,[284.]
4509,[1564.]
4510,[764.]
4511,[284.]
4512,[476.]
4513,[380.]
4514,[764.]
4515,[380.]
4516,[476.]
4517,[380.]
4518,[380.]
4519,[412.]
4520,[764.]
4521,[284.]
4522,[380.]
4523,[284.]
4524,[604.]
4525,[892.]
4526,[284.]
4527,[476.]
4528,[380.]
4529,[284.]
4530,[668.]
4531,[348.]
4532,[284.]
4533,[476.]
4534,[380.]
4535,[284.]
4536,[380.]
4537,[380.]
4538,[444.]
4539,[380.]
4540,[444.]
4541,[508.]
4542,[284.]
4543,[476.]
4544,[380.]
4545,[284.]
4546,[444.]
4547,[284.]
4548,[284.]
4549,[476.]
4550,[476.]
4551,[284.]
4552,[572.]
4553,[380.]
4554,[380.]
4555,[380.]
4556,[348.]
4557,[476.]
4558,[380.]
4559,[668.]
4560,[508.]
4561,[348.]
4562,[284.]
4563,[380.]
4564,[380.]
4565,[476.]
4566,[284.]
4567,[796.]
4568,[796.]
4569,[380.]
4570,[732.]
4571,[572.]
4572,[284.]
4573,[572.]
4574,[444.]
4575,[412.]
4576,[380.]
4577,[380.]
4578,[476.]
4579,[284.]
4580,[284.]
4581,[380.]
4582,[380.]
4583,[636.]
4584,[380.]
4585,[476.]
4586,[572.]
4587,[476.]
4588,[284.]
4589,[284.]
4590,[380.]
4591,[284.]
4592,[284.]
4593,[284.]
4594,[572.]
4595,[284.]
4596,[380.]
4597,[380.]
4598,[284.]
4599,[444.]
4600,[380.]
4601,[380.]
4602,[380.]
4603,[380.]
4604,[604.]
4605,[380.]
4606,[412.]
4607,[668.]
4608,[380.]
4609,[604.]
4610,[636.]
4611,[476.]
4612,[348.]
4613,[572.]
4614,[380.]
4615,[476.]
4616,[284.]
4617,[380.]
4618,[380.]
4619,[284.]
4620,[284.]
4621,[284.]
4622,[380.]
4623,[668.]
4624,[284.]
4625,[380.]
4626,[284.]
4627,[284.]
4628,[284.]
4629,[284.]
4630,[284.]
4631,[284.]
4632,[316.]
4633,[284.]
4634,[284.]
4635,[284.]
4636,[284.]
4637,[508.]
4638,[668.]
4639,[476.]
4640,[508.]
4641,[476.]
4642,[284.]
4643,[284.]
4644,[476.]
4645,[284.]
4646,[284.]
4647,[380.]
4648,[412.]
4649,[316.]
4650,[284.]
4651,[380.]
4652,[316.]
4653,[380.]
4654,[380.]
4655,[572.]
4656,[316.]
4657,[380.]
4658,[284.]
4659,[284.]
4660,[380.]
4661,[284.]
4662,[284.]
4663,[380.]
4664,[572.]
4665,[380.]
4666,[284.]
4667,[284.]
4668,[380.]
4669,[860.]
4670,[380.]
4671,[476.]
4672,[380.]
4673,[476.]
4674,[348.]
4675,[284.]
4676,[444.]
4677,[380.]
4678,[380.]
4679,[668.]
4680,[476.]
4681,[444.]
4682,[572.]
4683,[380.]
4684,[284.]
4685,[316.]
4686,[316.]
4687,[476.]
4688,[476.]
4689,[476.]
4690,[572.]
4691,[284.]
4692,[284.]
4693,[284.]
4694,[284.]
4695,[284.]
4696,[508.]
4697,[444.]
4698,[284.]
4699,[476.]
4700,[284.]
4701,[412.]
4702,[892.]
4703,[284.]
4704,[284.]
4705,[508.]
4706,[284.]
4707,[476.]
4708,[380.]
4709,[284.]
4710,[284.]
4711,[284.]
4712,[284.]
4713,[284.]
4714,[476.]
4715,[476.]
4716,[476.]
4717,[284.]
4718,[284.]
4719,[380.]
4720,[380.]
4721,[284.]
4722,[380.]
4723,[284.]
4724,[476.]
4725,[316.]
4726,[284.]
4727,[380.]
4728,[284.]
4729,[796.]
4730,[284.]
4731,[380.]
4732,[284.]
4733,[380.]
4734,[508.]
4735,[316.]
4736,[316.]
4737,[284.]
4738,[508.]
4739,[380.]
4740,[348.]
4741,[284.]
4742,[284.]
4743,[412.]
4744,[380.]
4745,[284.]
4746,[284.]
4747,[476.]
4748,[284.]
4749,[636.]
4750,[668.]
4751,[380.]
4752,[380.]
4753,[572.]
4754,[380.]
4755,[380.]
4756,[668.]
4757,[284.]
4758,[412.]
4759,[380.]
4760,[380.]
4761,[380.]
4762,[380.]
4763,[444.]
4764,[284.]
4765,[476.]
4766,[444.]
4767,[476.]
4768,[284.]
4769,[380.]
4770,[412.]
4771,[284.]
4772,[284.]
4773,[284.]
4774,[284.]
4775,[284.]
4776,[380.]
4777,[476.]
4778,[476.]
4779,[284.]
4780,[572.]
4781,[284.]
4782,[828.]
4783,[284.]
4784,[284.]
4785,[444.]
4786,[284.]
4787,[284.]
4788,[284.]
4789,[284.]
4790,[348.]
4791,[476.]
4792,[668.]
4793,[380.]
4794,[668.]
4795,[316.]
4796,[348.]
4797,[444.]
4798,[284.]
4799,[284.]
4800,[284.]
4801,[540.]
4802,[284.]
4803,[284.]
4804,[380.]
4805,[572.]
4806,[572.]
4807,[284.]
4808,[284.]
4809,[572.]
4810,[444.]
4811,[572.]
4812,[284.]
4813,[476.]
4814,[380.]
4815,[380.]
4816,[284.]
4817,[284.]
4818,[476.]
4819,[284.]
4820,[572.]
4821,[284.]
4822,[284.]
4823,[476.]
4824,[700.]
4825,[412.]
4826,[476.]
4827,[380.]
4828,[380.]
4829,[380.]
4830,[380.]
4831,[668.]
4832,[284.]
4833,[412.]
4834,[636.]
4835,[284.]
4836,[380.]
4837,[348.]
4838,[284.]
4839,[476.]
4840,[444.]
4841,[284.]
4842,[284.]
4843,[284.]
4844,[380.]
4845,[284.]
4846,[476.]
4847,[316.]
4848,[348.]
4849,[380.]
4850,[284.]
4851,[284.]
4852,[284.]
4853,[476.]
4854,[380.]
4855,[284.]
4856,[380.]
4857,[348.]
4858,[284.]
4859,[284.]
4860,[284.]
4861,[284.]
4862,[284.]
4863,[572.]
4864,[380.]
4865,[380.]
4866,[572.]
4867,[476.]
4868,[284.]
4869,[444.]
4870,[668.]
4871,[412.]
4872,[380.]
4873,[892.]
4874,[380.]
4875,[668.]
4876,[284.]
4877,[380.]
4878,[284.]
4879,[380.]
4880,[380.]
4881,[540.]
4882,[380.]
4883,[284.]
4884,[1372.]
4885,[316.]
4886,[380.]
4887,[316.]
4888,[572.]
4889,[380.]
4890,[700.]
4891,[284.]
4892,[476.]
4893,[380.]
4894,[476.]
4895,[284.]
4896,[412.]
4897,[284.]
4898,[572.]
4899,[732.]
4900,[380.]
4901,[380.]
4902,[284.]
4903,[284.]
4904,[284.]
4905,[284.]
4906,[604.]
4907,[284.]
4908,[476.]
4909,[380.]
4910,[476.]
4911,[316.]
4912,[380.]
4913,[380.]
4914,[284.]
4915,[284.]
4916,[444.]
4917,[380.]
4918,[412.]
4919,[476.]
4920,[380.]
4921,[380.]
4922,[476.]
4923,[316.]
4924,[796.]
4925,[380.]
4926,[604.]
4927,[380.]
4928,[476.]
4929,[284.]
4930,[476.]
4931,[380.]
4932,[284.]
4933,[380.]
4934,[284.]
4935,[476.]
4936,[956.]
4937,[284.]
4938,[476.]
4939,[380.]
4940,[380.]
4941,[284.]
4942,[1276.]
4943,[284.]
4944,[380.]
4945,[1180.]
4946,[284.]
4947,[380.]
4948,[476.]
4949,[476.]
4950,[284.]
4951,[284.]
4952,[348.]
4953,[380.]
4954,[380.]
4955,[380.]
4956,[476.]
4957,[284.]
4958,[444.]
4959,[284.]
4960,[284.]
4961,[284.]
4962,[316.]
4963,[284.]
4964,[1052.]
4965,[476.]
4966,[476.]
4967,[380.]
4968,[476.]
4969,[284.]
4970,[508.]
4971,[284.]
4972,[284.]
4973,[284.]
4974,[284.]
4975,[284.]
4976,[572.]
4977,[284.]
4978,[380.]
4979,[476.]
4980,[380.]
4981,[284.]
4982,[668.]
4983,[284.]
4984,[284.]
4985,[380.]
4986,[444.]
4987,[444.]
4988,[380.]
4989,[476.]
4990,[476.]
4991,[284.]
4992,[476.]
4993,[380.]
4994,[412.]
4995,[572.]
4996,[476.]
4997,[444.]
4998,[284.]
4999,[380.]
5000,[284.]
