Episodio,Puntaje
1,[1180.]
2,[380.]
3,[2100.]
4,[508.]
5,[2100.]
6,[700.]
7,[2100.]
8,[2100.]
9,[1628.]
10,[796.]
11,[2100.]
12,[924.]
13,[2100.]
14,[2100.]
15,[2100.]
16,[2100.]
17,[380.]
18,[2100.]
19,[2100.]
20,[2100.]
21,[2100.]
22,[380.]
23,[380.]
24,[2100.]
25,[316.]
26,[2100.]
27,[572.]
28,[1148.]
29,[2100.]
30,[2100.]
31,[2100.]
32,[2100.]
33,[2100.]
34,[412.]
35,[2100.]
36,[572.]
37,[2100.]
38,[1372.]
39,[2100.]
40,[2100.]
41,[2100.]
42,[2100.]
43,[668.]
44,[380.]
45,[2100.]
46,[828.]
47,[1660.]
48,[2100.]
49,[2100.]
50,[732.]
51,[2100.]
52,[2100.]
53,[828.]
54,[1820.]
55,[2100.]
56,[2100.]
57,[700.]
58,[2100.]
59,[2100.]
60,[2100.]
61,[2100.]
62,[476.]
63,[2100.]
64,[700.]
65,[2100.]
66,[2100.]
67,[2100.]
68,[2100.]
69,[700.]
70,[2100.]
71,[2100.]
72,[2100.]
73,[2100.]
74,[2100.]
75,[2100.]
76,[2100.]
77,[892.]
78,[1884.]
79,[2100.]
80,[2100.]
81,[2100.]
82,[2100.]
83,[2100.]
84,[2100.]
85,[2100.]
86,[284.]
87,[284.]
88,[284.]
89,[2100.]
90,[2100.]
91,[2100.]
92,[2100.]
93,[828.]
94,[2100.]
95,[380.]
96,[1660.]
97,[2100.]
98,[2100.]
99,[2100.]
100,[2100.]
101,[1372.]
102,[2100.]
103,[2100.]
104,[2100.]
105,[1340.]
106,[412.]
107,[2100.]
108,[2100.]
109,[2100.]
110,[860.]
111,[2100.]
112,[380.]
113,[412.]
114,[2100.]
115,[2100.]
116,[412.]
117,[1436.]
118,[2100.]
119,[2100.]
120,[732.]
121,[2100.]
122,[2100.]
123,[1436.]
124,[2100.]
125,[2100.]
126,[892.]
127,[2100.]
128,[2100.]
129,[2100.]
130,[2100.]
131,[380.]
132,[1692.]
133,[2100.]
134,[2100.]
135,[1084.]
136,[2100.]
137,[1084.]
138,[2100.]
139,[892.]
140,[2100.]
141,[2100.]
142,[2100.]
143,[2100.]
144,[668.]
145,[2100.]
146,[2100.]
147,[2100.]
148,[2100.]
149,[860.]
150,[2100.]
151,[2100.]
152,[2100.]
153,[2100.]
154,[2100.]
155,[2100.]
156,[2100.]
157,[2100.]
158,[2100.]
159,[2100.]
160,[2100.]
161,[2100.]
162,[2100.]
163,[2100.]
164,[2100.]
165,[1884.]
166,[2100.]
167,[2100.]
168,[2100.]
169,[572.]
170,[1500.]
171,[2100.]
172,[2100.]
173,[1660.]
174,[2100.]
175,[2100.]
176,[2100.]
177,[316.]
178,[380.]
179,[2100.]
180,[2100.]
181,[2100.]
182,[2100.]
183,[2100.]
184,[2100.]
185,[2100.]
186,[732.]
187,[2100.]
188,[1436.]
189,[2100.]
190,[284.]
191,[2100.]
192,[2100.]
193,[2100.]
194,[2100.]
195,[2100.]
196,[2100.]
197,[700.]
198,[2100.]
199,[2100.]
200,[2100.]
201,[1660.]
202,[2100.]
203,[1148.]
204,[348.]
205,[2100.]
206,[2100.]
207,[2100.]
208,[2100.]
209,[2100.]
210,[2100.]
211,[2100.]
212,[1948.]
213,[2100.]
214,[2100.]
215,[1436.]
216,[2100.]
217,[2100.]
218,[2100.]
219,[2100.]
220,[2100.]
221,[2100.]
222,[2100.]
223,[2100.]
224,[2100.]
225,[2100.]
226,[2100.]
227,[2100.]
228,[2100.]
229,[2100.]
230,[2100.]
231,[1340.]
232,[2100.]
233,[348.]
234,[732.]
235,[284.]
236,[2100.]
237,[2100.]
238,[284.]
239,[572.]
240,[2100.]
241,[1596.]
242,[540.]
243,[284.]
244,[2100.]
245,[2100.]
246,[2100.]
247,[2100.]
248,[2100.]
249,[1884.]
250,[604.]
251,[2100.]
252,[636.]
253,[2100.]
254,[2100.]
255,[2100.]
256,[2100.]
257,[988.]
258,[2100.]
259,[2100.]
260,[2100.]
261,[2100.]
262,[2100.]
263,[2100.]
264,[2100.]
265,[284.]
266,[2100.]
267,[1244.]
268,[2100.]
269,[1212.]
270,[2100.]
271,[2100.]
272,[2100.]
273,[412.]
274,[2100.]
275,[2100.]
276,[2100.]
277,[2100.]
278,[2100.]
279,[572.]
280,[2100.]
281,[2100.]
282,[2100.]
283,[892.]
284,[380.]
285,[2100.]
286,[2100.]
287,[2100.]
288,[284.]
289,[284.]
290,[2100.]
291,[2100.]
292,[2100.]
293,[1564.]
294,[1276.]
295,[1532.]
296,[2100.]
297,[2100.]
298,[2100.]
299,[2100.]
300,[1724.]
301,[2100.]
302,[2100.]
303,[540.]
304,[2100.]
305,[1564.]
306,[2100.]
307,[2100.]
308,[2100.]
309,[2100.]
310,[1404.]
311,[1532.]
312,[2100.]
313,[2100.]
314,[380.]
315,[572.]
316,[668.]
317,[2100.]
318,[2100.]
319,[2100.]
320,[2100.]
321,[2100.]
322,[284.]
323,[284.]
324,[2100.]
325,[2100.]
326,[476.]
327,[604.]
328,[2100.]
329,[2100.]
330,[2100.]
331,[2100.]
332,[476.]
333,[700.]
334,[2100.]
335,[2100.]
336,[892.]
337,[2100.]
338,[412.]
339,[2100.]
340,[2100.]
341,[1116.]
342,[2100.]
343,[1084.]
344,[1020.]
345,[2100.]
346,[2100.]
347,[668.]
348,[2100.]
349,[604.]
350,[2100.]
351,[924.]
352,[2100.]
353,[732.]
354,[2100.]
355,[2100.]
356,[2100.]
357,[2100.]
358,[1404.]
359,[2100.]
360,[2100.]
361,[2100.]
362,[1564.]
363,[2100.]
364,[2100.]
365,[2100.]
366,[2100.]
367,[2100.]
368,[2100.]
369,[1468.]
370,[2100.]
371,[2100.]
372,[2100.]
373,[2100.]
374,[2100.]
375,[2100.]
376,[2100.]
377,[2100.]
378,[2100.]
379,[2100.]
380,[2100.]
381,[892.]
382,[1564.]
383,[2100.]
384,[828.]
385,[2100.]
386,[2100.]
387,[2100.]
388,[1884.]
389,[2100.]
390,[636.]
391,[604.]
392,[572.]
393,[2100.]
394,[2100.]
395,[1404.]
396,[2100.]
397,[2100.]
398,[316.]
399,[2100.]
400,[2100.]
401,[540.]
402,[2100.]
403,[2100.]
404,[2100.]
405,[1532.]
406,[2100.]
407,[2100.]
408,[2100.]
409,[572.]
410,[2100.]
411,[2100.]
412,[2100.]
413,[2100.]
414,[764.]
415,[668.]
416,[1468.]
417,[1756.]
418,[284.]
419,[2100.]
420,[380.]
421,[2100.]
422,[2100.]
423,[2100.]
424,[380.]
425,[2100.]
426,[860.]
427,[2100.]
428,[2100.]
429,[2100.]
430,[2100.]
431,[2100.]
432,[2100.]
433,[2100.]
434,[2100.]
435,[2100.]
436,[2100.]
437,[2100.]
438,[1340.]
439,[2100.]
440,[2100.]
441,[284.]
442,[2100.]
443,[2100.]
444,[668.]
445,[2100.]
446,[1052.]
447,[2100.]
448,[2100.]
449,[316.]
450,[2100.]
451,[988.]
452,[2100.]
453,[412.]
454,[2100.]
455,[316.]
456,[2100.]
457,[2100.]
458,[668.]
459,[2100.]
460,[604.]
461,[988.]
462,[2100.]
463,[1340.]
464,[2100.]
465,[476.]
466,[2100.]
467,[2100.]
468,[2100.]
469,[2100.]
470,[1756.]
471,[2100.]
472,[2100.]
473,[2100.]
474,[2100.]
475,[2100.]
476,[380.]
477,[1692.]
478,[2100.]
479,[2100.]
480,[2100.]
481,[2100.]
482,[2100.]
483,[2100.]
484,[2100.]
485,[1148.]
486,[1628.]
487,[2100.]
488,[2100.]
489,[2100.]
490,[2100.]
491,[380.]
492,[1276.]
493,[2100.]
494,[2100.]
495,[2100.]
496,[1916.]
497,[2100.]
498,[2100.]
499,[380.]
500,[2100.]
501,[2100.]
502,[2100.]
503,[1436.]
504,[2100.]
505,[2100.]
506,[444.]
507,[2100.]
508,[2100.]
509,[2100.]
510,[2100.]
511,[1212.]
512,[2100.]
513,[700.]
514,[1468.]
515,[1276.]
516,[2100.]
517,[2100.]
518,[2100.]
519,[2100.]
520,[2100.]
521,[1692.]
522,[2100.]
523,[668.]
524,[2100.]
525,[380.]
526,[2100.]
527,[2100.]
528,[2100.]
529,[2100.]
530,[956.]
531,[444.]
532,[2100.]
533,[2100.]
534,[892.]
535,[2100.]
536,[2100.]
537,[2100.]
538,[2100.]
539,[284.]
540,[2100.]
541,[2100.]
542,[1820.]
543,[1084.]
544,[572.]
545,[2100.]
546,[2100.]
547,[796.]
548,[2100.]
549,[1596.]
550,[284.]
551,[2100.]
552,[2100.]
553,[2100.]
554,[1052.]
555,[2100.]
556,[1276.]
557,[1020.]
558,[2100.]
559,[2100.]
560,[2100.]
561,[2100.]
562,[2100.]
563,[2100.]
564,[2100.]
565,[2100.]
566,[2100.]
567,[956.]
568,[2100.]
569,[380.]
570,[2100.]
571,[2100.]
572,[444.]
573,[2100.]
574,[2100.]
575,[2100.]
576,[2100.]
577,[540.]
578,[2100.]
579,[284.]
580,[412.]
581,[572.]
582,[2100.]
583,[2100.]
584,[2100.]
585,[1756.]
586,[2100.]
587,[2100.]
588,[2100.]
589,[2100.]
590,[2100.]
591,[2100.]
592,[2100.]
593,[2100.]
594,[700.]
595,[2100.]
596,[2100.]
597,[2100.]
598,[2100.]
599,[2100.]
600,[2100.]
601,[2100.]
602,[1468.]
603,[2100.]
604,[1372.]
605,[2100.]
606,[2100.]
607,[284.]
608,[572.]
609,[2100.]
610,[2100.]
611,[2100.]
612,[2100.]
613,[380.]
614,[2100.]
615,[2100.]
616,[2100.]
617,[2100.]
618,[636.]
619,[2100.]
620,[2100.]
621,[2100.]
622,[2100.]
623,[924.]
624,[476.]
625,[2100.]
626,[2100.]
627,[2100.]
628,[2100.]
629,[2100.]
630,[284.]
631,[284.]
632,[2100.]
633,[2100.]
634,[2100.]
635,[2100.]
636,[2100.]
637,[2100.]
638,[2100.]
639,[2100.]
640,[2100.]
641,[2100.]
642,[380.]
643,[2100.]
644,[2100.]
645,[2100.]
646,[1628.]
647,[2100.]
648,[796.]
649,[2100.]
650,[2100.]
651,[2100.]
652,[2100.]
653,[1436.]
654,[2100.]
655,[1372.]
656,[1884.]
657,[2100.]
658,[924.]
659,[2100.]
660,[604.]
661,[540.]
662,[2100.]
663,[380.]
664,[2100.]
665,[2100.]
666,[2100.]
667,[988.]
668,[284.]
669,[2100.]
670,[2100.]
671,[2100.]
672,[2100.]
673,[2100.]
674,[1116.]
675,[1468.]
676,[476.]
677,[2100.]
678,[2100.]
679,[2100.]
680,[2100.]
681,[1212.]
682,[2100.]
683,[2100.]
684,[2100.]
685,[2100.]
686,[2100.]
687,[2100.]
688,[2100.]
689,[2100.]
690,[2100.]
691,[444.]
692,[2100.]
693,[2100.]
694,[1628.]
695,[668.]
696,[2100.]
697,[2100.]
698,[380.]
699,[2100.]
700,[2100.]
701,[2100.]
702,[2100.]
703,[380.]
704,[1180.]
705,[2100.]
706,[892.]
707,[2100.]
708,[2100.]
709,[380.]
710,[2100.]
711,[2100.]
712,[2100.]
713,[2100.]
714,[1116.]
715,[2100.]
716,[2100.]
717,[2100.]
718,[2100.]
719,[2100.]
720,[508.]
721,[2100.]
722,[1532.]
723,[2100.]
724,[476.]
725,[2100.]
726,[380.]
727,[1020.]
728,[2100.]
729,[2100.]
730,[2100.]
731,[284.]
732,[2100.]
733,[2100.]
734,[1884.]
735,[2100.]
736,[380.]
737,[2100.]
738,[604.]
739,[2100.]
740,[2100.]
741,[2100.]
742,[2100.]
743,[380.]
744,[668.]
745,[2100.]
746,[828.]
747,[540.]
748,[2100.]
749,[2100.]
750,[2100.]
751,[2100.]
752,[668.]
753,[1564.]
754,[2100.]
755,[2100.]
756,[2100.]
757,[2100.]
758,[892.]
759,[2100.]
760,[2100.]
761,[380.]
762,[2100.]
763,[2100.]
764,[476.]
765,[1756.]
766,[636.]
767,[2100.]
768,[2100.]
769,[2100.]
770,[1244.]
771,[2100.]
772,[828.]
773,[2100.]
774,[2100.]
775,[2100.]
776,[988.]
777,[2100.]
778,[2100.]
779,[2100.]
780,[444.]
781,[2100.]
782,[2100.]
783,[2100.]
784,[2100.]
785,[2100.]
786,[2100.]
787,[2100.]
788,[2100.]
789,[2100.]
790,[892.]
791,[2100.]
792,[2100.]
793,[2100.]
794,[1788.]
795,[284.]
796,[2100.]
797,[2100.]
798,[2100.]
799,[2100.]
800,[2100.]
801,[2100.]
802,[1020.]
803,[1084.]
804,[2100.]
805,[2100.]
806,[2100.]
807,[2100.]
808,[2100.]
809,[1724.]
810,[2100.]
811,[2100.]
812,[476.]
813,[1116.]
814,[1692.]
815,[700.]
816,[2100.]
817,[2100.]
818,[2100.]
819,[2100.]
820,[2100.]
821,[2100.]
822,[2100.]
823,[2100.]
824,[412.]
825,[2100.]
826,[2100.]
827,[2100.]
828,[2100.]
829,[2100.]
830,[572.]
831,[2100.]
832,[2100.]
833,[828.]
834,[2100.]
835,[2100.]
836,[2100.]
837,[2100.]
838,[2100.]
839,[2100.]
840,[2100.]
841,[2100.]
842,[2100.]
843,[2100.]
844,[2100.]
845,[2100.]
846,[2100.]
847,[2100.]
848,[2100.]
849,[2100.]
850,[316.]
851,[2100.]
852,[860.]
853,[284.]
854,[2100.]
855,[2100.]
856,[2100.]
857,[1724.]
858,[2100.]
859,[2100.]
860,[2100.]
861,[2100.]
862,[2100.]
863,[924.]
864,[2100.]
865,[2100.]
866,[2100.]
867,[1884.]
868,[412.]
869,[2100.]
870,[2100.]
871,[1852.]
872,[2100.]
873,[2100.]
874,[2100.]
875,[2100.]
876,[1756.]
877,[988.]
878,[1980.]
879,[2100.]
880,[2100.]
881,[2100.]
882,[2100.]
883,[2100.]
884,[2100.]
885,[2100.]
886,[2100.]
887,[668.]
888,[2100.]
889,[2100.]
890,[2100.]
891,[2100.]
892,[2100.]
893,[2100.]
894,[1468.]
895,[1628.]
896,[284.]
897,[2100.]
898,[2100.]
899,[764.]
900,[2100.]
901,[2100.]
902,[2100.]
903,[2100.]
904,[2100.]
905,[2100.]
906,[2100.]
907,[2100.]
908,[2100.]
909,[2100.]
910,[1436.]
911,[2100.]
912,[1980.]
913,[476.]
914,[2100.]
915,[380.]
916,[2100.]
917,[2100.]
918,[2100.]
919,[2100.]
920,[2100.]
921,[2100.]
922,[2100.]
923,[2100.]
924,[284.]
925,[2100.]
926,[2100.]
927,[2100.]
928,[2100.]
929,[2100.]
930,[2100.]
931,[380.]
932,[2100.]
933,[2100.]
934,[2100.]
935,[476.]
936,[2100.]
937,[2100.]
938,[2100.]
939,[2100.]
940,[476.]
941,[924.]
942,[476.]
943,[1532.]
944,[572.]
945,[668.]
946,[2100.]
947,[2100.]
948,[508.]
949,[956.]
950,[2100.]
951,[2100.]
952,[2100.]
953,[2100.]
954,[380.]
955,[2100.]
956,[2100.]
957,[2100.]
958,[1788.]
959,[988.]
960,[2100.]
961,[1724.]
962,[2100.]
963,[2100.]
964,[2100.]
965,[1244.]
966,[2100.]
967,[2100.]
968,[2100.]
969,[796.]
970,[284.]
971,[2100.]
972,[2100.]
973,[700.]
974,[2100.]
975,[2100.]
976,[2100.]
977,[668.]
978,[2100.]
979,[1052.]
980,[2100.]
981,[796.]
982,[2100.]
983,[1980.]
984,[604.]
985,[1116.]
986,[2100.]
987,[604.]
988,[2100.]
989,[284.]
990,[1372.]
991,[572.]
992,[2100.]
993,[2100.]
994,[2100.]
995,[2100.]
996,[2100.]
997,[1500.]
998,[476.]
999,[892.]
1000,[2100.]
1001,[860.]
1002,[2100.]
1003,[284.]
1004,[284.]
1005,[2100.]
1006,[380.]
1007,[2100.]
1008,[1340.]
1009,[2100.]
1010,[2100.]
1011,[2100.]
1012,[1148.]
1013,[2100.]
1014,[2100.]
1015,[2100.]
1016,[2100.]
1017,[2100.]
1018,[2100.]
1019,[764.]
1020,[2100.]
1021,[2100.]
1022,[412.]
1023,[1340.]
1024,[2100.]
1025,[2100.]
1026,[1116.]
1027,[2100.]
1028,[2100.]
1029,[2100.]
1030,[2100.]
1031,[2100.]
1032,[316.]
1033,[2100.]
1034,[2100.]
1035,[668.]
1036,[2100.]
1037,[2100.]
1038,[2100.]
1039,[2100.]
1040,[2100.]
1041,[2100.]
1042,[2100.]
1043,[2100.]
1044,[2100.]
1045,[2100.]
1046,[476.]
1047,[2100.]
1048,[2100.]
1049,[2100.]
1050,[2100.]
1051,[2100.]
1052,[796.]
1053,[2100.]
1054,[2100.]
1055,[284.]
1056,[2100.]
1057,[1532.]
1058,[284.]
1059,[2100.]
1060,[2100.]
1061,[668.]
1062,[2100.]
1063,[1820.]
1064,[2100.]
1065,[2100.]
1066,[2100.]
1067,[2100.]
1068,[2100.]
1069,[2100.]
1070,[476.]
1071,[2100.]
1072,[2100.]
1073,[1916.]
1074,[1980.]
1075,[2100.]
1076,[2100.]
1077,[316.]
1078,[2100.]
1079,[2100.]
1080,[2100.]
1081,[1468.]
1082,[668.]
1083,[2100.]
1084,[2100.]
1085,[444.]
1086,[1500.]
1087,[1948.]
1088,[2100.]
1089,[2100.]
1090,[1756.]
1091,[1628.]
1092,[316.]
1093,[1500.]
1094,[764.]
1095,[1788.]
1096,[1372.]
1097,[2100.]
1098,[1404.]
1099,[2100.]
1100,[2100.]
1101,[1628.]
1102,[2100.]
1103,[2100.]
1104,[2100.]
1105,[316.]
1106,[2100.]
1107,[1180.]
1108,[2100.]
1109,[1276.]
1110,[1372.]
1111,[2100.]
1112,[284.]
1113,[1820.]
1114,[2100.]
1115,[2100.]
1116,[2100.]
1117,[284.]
1118,[2100.]
1119,[2100.]
1120,[2100.]
1121,[732.]
1122,[2100.]
1123,[380.]
1124,[2100.]
1125,[2100.]
1126,[2100.]
1127,[2100.]
1128,[284.]
1129,[2100.]
1130,[2100.]
1131,[668.]
1132,[636.]
1133,[2100.]
1134,[2100.]
1135,[1244.]
1136,[380.]
1137,[2100.]
1138,[1628.]
1139,[476.]
1140,[2100.]
1141,[2100.]
1142,[2100.]
1143,[1148.]
1144,[2100.]
1145,[2100.]
1146,[2100.]
1147,[2100.]
1148,[2100.]
1149,[2100.]
1150,[2100.]
1151,[380.]
1152,[2100.]
1153,[2100.]
1154,[2100.]
1155,[2100.]
1156,[476.]
1157,[1180.]
1158,[540.]
1159,[476.]
1160,[2100.]
1161,[2100.]
1162,[2100.]
1163,[2100.]
1164,[2100.]
1165,[604.]
1166,[796.]
1167,[2100.]
1168,[2100.]
1169,[2100.]
1170,[380.]
1171,[444.]
1172,[2100.]
1173,[2100.]
1174,[2100.]
1175,[828.]
1176,[2100.]
1177,[1372.]
1178,[2100.]
1179,[2100.]
1180,[2100.]
1181,[2100.]
1182,[2100.]
1183,[2100.]
1184,[284.]
1185,[2100.]
1186,[924.]
1187,[2100.]
1188,[2100.]
1189,[2100.]
1190,[2100.]
1191,[2100.]
1192,[2100.]
1193,[284.]
1194,[2100.]
1195,[380.]
1196,[2100.]
1197,[284.]
1198,[2100.]
1199,[2100.]
1200,[2100.]
1201,[2100.]
1202,[2100.]
1203,[1116.]
1204,[2100.]
1205,[2100.]
1206,[2100.]
1207,[2100.]
1208,[2100.]
1209,[1660.]
1210,[2100.]
1211,[2100.]
1212,[2100.]
1213,[1468.]
1214,[2100.]
1215,[2100.]
1216,[2100.]
1217,[2100.]
1218,[2100.]
1219,[796.]
1220,[2100.]
1221,[2100.]
1222,[924.]
1223,[2100.]
1224,[2100.]
1225,[2100.]
1226,[2100.]
1227,[2100.]
1228,[2100.]
1229,[2100.]
1230,[2100.]
1231,[2100.]
1232,[2100.]
1233,[2100.]
1234,[668.]
1235,[2100.]
1236,[2100.]
1237,[2100.]
1238,[2100.]
1239,[2100.]
1240,[2100.]
1241,[380.]
1242,[1724.]
1243,[2100.]
1244,[284.]
1245,[284.]
1246,[2100.]
1247,[2100.]
1248,[2100.]
1249,[2100.]
1250,[2100.]
1251,[1948.]
1252,[1596.]
1253,[284.]
1254,[2100.]
1255,[2100.]
1256,[476.]
1257,[348.]
1258,[2100.]
1259,[2100.]
1260,[2100.]
1261,[2100.]
1262,[2100.]
1263,[2100.]
1264,[1020.]
1265,[2100.]
1266,[2100.]
1267,[1148.]
1268,[2100.]
1269,[2100.]
1270,[2100.]
1271,[1756.]
1272,[2100.]
1273,[2100.]
1274,[284.]
1275,[2100.]
1276,[284.]
1277,[2100.]
1278,[2100.]
1279,[2100.]
1280,[284.]
1281,[2100.]
1282,[2100.]
1283,[2100.]
1284,[2100.]
1285,[956.]
1286,[2100.]
1287,[2100.]
1288,[476.]
1289,[1020.]
1290,[2100.]
1291,[604.]
1292,[2100.]
1293,[380.]
1294,[2100.]
1295,[2100.]
1296,[2100.]
1297,[572.]
1298,[2100.]
1299,[2100.]
1300,[2100.]
1301,[2100.]
1302,[2100.]
1303,[828.]
1304,[2100.]
1305,[2100.]
1306,[2100.]
1307,[348.]
1308,[2100.]
1309,[2100.]
1310,[284.]
1311,[2100.]
1312,[2100.]
1313,[2100.]
1314,[1660.]
1315,[2100.]
1316,[1468.]
1317,[2100.]
1318,[2100.]
1319,[2100.]
1320,[2100.]
1321,[2100.]
1322,[2100.]
1323,[2100.]
1324,[2100.]
1325,[2100.]
1326,[2100.]
1327,[1404.]
1328,[2100.]
1329,[1340.]
1330,[2100.]
1331,[2100.]
1332,[1372.]
1333,[2100.]
1334,[1372.]
1335,[892.]
1336,[2100.]
1337,[2100.]
1338,[668.]
1339,[2100.]
1340,[2100.]
1341,[2100.]
1342,[2100.]
1343,[2100.]
1344,[2100.]
1345,[508.]
1346,[2100.]
1347,[2100.]
1348,[2100.]
1349,[2100.]
1350,[2100.]
1351,[668.]
1352,[2100.]
1353,[2100.]
1354,[2100.]
1355,[2100.]
1356,[2100.]
1357,[572.]
1358,[2100.]
1359,[1404.]
1360,[2100.]
1361,[2100.]
1362,[284.]
1363,[2100.]
1364,[1244.]
1365,[476.]
1366,[2100.]
1367,[604.]
1368,[2100.]
1369,[2100.]
1370,[2100.]
1371,[380.]
1372,[284.]
1373,[2100.]
1374,[2100.]
1375,[380.]
1376,[2100.]
1377,[2100.]
1378,[1372.]
1379,[2100.]
1380,[2100.]
1381,[444.]
1382,[2100.]
1383,[2100.]
1384,[2100.]
1385,[2100.]
1386,[2100.]
1387,[2100.]
1388,[2100.]
1389,[732.]
1390,[2100.]
1391,[1788.]
1392,[2100.]
1393,[2100.]
1394,[2100.]
1395,[2100.]
1396,[2100.]
1397,[2100.]
1398,[2100.]
1399,[2100.]
1400,[668.]
1401,[2100.]
1402,[2100.]
1403,[2100.]
1404,[2100.]
1405,[1564.]
1406,[1084.]
1407,[2100.]
1408,[2100.]
1409,[2100.]
1410,[2100.]
1411,[2100.]
1412,[1020.]
1413,[2100.]
1414,[284.]
1415,[2100.]
1416,[668.]
1417,[2100.]
1418,[1468.]
1419,[2100.]
1420,[2100.]
1421,[2100.]
1422,[2100.]
1423,[2100.]
1424,[284.]
1425,[2100.]
1426,[2100.]
1427,[508.]
1428,[284.]
1429,[572.]
1430,[2100.]
1431,[2100.]
1432,[2100.]
1433,[2100.]
1434,[380.]
1435,[2100.]
1436,[2100.]
1437,[2100.]
1438,[2100.]
1439,[1820.]
1440,[1980.]
1441,[2100.]
1442,[476.]
1443,[2100.]
1444,[284.]
1445,[2100.]
1446,[380.]
1447,[1596.]
1448,[2100.]
1449,[2100.]
1450,[2100.]
1451,[2100.]
1452,[2100.]
1453,[956.]
1454,[2100.]
1455,[2100.]
1456,[2100.]
1457,[668.]
1458,[348.]
1459,[2100.]
1460,[2100.]
1461,[2100.]
1462,[476.]
1463,[2100.]
1464,[2100.]
1465,[476.]
1466,[2100.]
1467,[2100.]
1468,[2100.]
1469,[2100.]
1470,[2100.]
1471,[2100.]
1472,[2100.]
1473,[348.]
1474,[2100.]
1475,[2100.]
1476,[1436.]
1477,[2100.]
1478,[1276.]
1479,[2100.]
1480,[2100.]
1481,[348.]
1482,[380.]
1483,[2100.]
1484,[2100.]
1485,[412.]
1486,[2100.]
1487,[1052.]
1488,[2100.]
1489,[1020.]
1490,[2100.]
1491,[2100.]
1492,[284.]
1493,[2100.]
1494,[2100.]
1495,[1532.]
1496,[1020.]
1497,[2100.]
1498,[1692.]
1499,[604.]
1500,[2100.]
1501,[2100.]
1502,[444.]
1503,[380.]
1504,[2100.]
1505,[1212.]
1506,[2100.]
1507,[1244.]
1508,[2100.]
1509,[284.]
1510,[508.]
1511,[2100.]
1512,[2100.]
1513,[2100.]
1514,[1756.]
1515,[2100.]
1516,[2100.]
1517,[2100.]
1518,[2100.]
1519,[2100.]
1520,[2100.]
1521,[2100.]
1522,[2100.]
1523,[2100.]
1524,[380.]
1525,[2100.]
1526,[2100.]
1527,[2100.]
1528,[2100.]
1529,[1180.]
1530,[2100.]
1531,[2100.]
1532,[1852.]
1533,[2100.]
1534,[316.]
1535,[2100.]
1536,[1852.]
1537,[2100.]
1538,[2100.]
1539,[2100.]
1540,[572.]
1541,[2100.]
1542,[2100.]
1543,[988.]
1544,[2100.]
1545,[2100.]
1546,[892.]
1547,[2100.]
1548,[2100.]
1549,[2100.]
1550,[2100.]
1551,[2100.]
1552,[476.]
1553,[2100.]
1554,[284.]
1555,[2100.]
1556,[924.]
1557,[2100.]
1558,[2100.]
1559,[2100.]
1560,[2100.]
1561,[2100.]
1562,[2100.]
1563,[2100.]
1564,[2100.]
1565,[2100.]
1566,[2100.]
1567,[2100.]
1568,[540.]
1569,[2100.]
1570,[2100.]
1571,[2100.]
1572,[2100.]
1573,[2100.]
1574,[2100.]
1575,[988.]
1576,[2100.]
1577,[796.]
1578,[2100.]
1579,[2100.]
1580,[2100.]
1581,[476.]
1582,[476.]
1583,[2100.]
1584,[1660.]
1585,[1148.]
1586,[2100.]
1587,[2100.]
1588,[2100.]
1589,[444.]
1590,[284.]
1591,[2100.]
1592,[2100.]
1593,[2100.]
1594,[380.]
1595,[2100.]
1596,[2100.]
1597,[2100.]
1598,[2100.]
1599,[2100.]
1600,[2100.]
1601,[2100.]
1602,[2100.]
1603,[2100.]
1604,[2100.]
1605,[1436.]
1606,[380.]
1607,[2100.]
1608,[2100.]
1609,[2100.]
1610,[2100.]
1611,[2100.]
1612,[2100.]
1613,[2100.]
1614,[2100.]
1615,[636.]
1616,[2100.]
1617,[2100.]
1618,[2100.]
1619,[2100.]
1620,[2100.]
1621,[2100.]
1622,[2100.]
1623,[2100.]
1624,[2100.]
1625,[1468.]
1626,[2100.]
1627,[2100.]
1628,[2100.]
1629,[508.]
1630,[2100.]
1631,[1404.]
1632,[284.]
1633,[2100.]
1634,[284.]
1635,[444.]
1636,[2100.]
1637,[2100.]
1638,[2100.]
1639,[2100.]
1640,[2100.]
1641,[2100.]
1642,[2100.]
1643,[2100.]
1644,[2100.]
1645,[2100.]
1646,[1276.]
1647,[2100.]
1648,[2100.]
1649,[380.]
1650,[284.]
1651,[2100.]
1652,[2100.]
1653,[2100.]
1654,[2100.]
1655,[2100.]
1656,[476.]
1657,[2100.]
1658,[2100.]
1659,[1276.]
1660,[2100.]
1661,[2100.]
1662,[2100.]
1663,[1180.]
1664,[572.]
1665,[2100.]
1666,[2100.]
1667,[2100.]
1668,[2100.]
1669,[2100.]
1670,[476.]
1671,[2100.]
1672,[1308.]
1673,[2100.]
1674,[572.]
1675,[2100.]
1676,[2100.]
1677,[828.]
1678,[2100.]
1679,[2100.]
1680,[316.]
1681,[2100.]
1682,[2100.]
1683,[2100.]
1684,[2100.]
1685,[2100.]
1686,[2100.]
1687,[2100.]
1688,[2100.]
1689,[2100.]
1690,[284.]
1691,[2100.]
1692,[2100.]
1693,[2100.]
1694,[2100.]
1695,[2100.]
1696,[2100.]
1697,[2100.]
1698,[2100.]
1699,[412.]
1700,[2100.]
1701,[2100.]
1702,[2100.]
1703,[2100.]
1704,[2100.]
1705,[956.]
1706,[764.]
1707,[2100.]
1708,[2100.]
1709,[2100.]
1710,[1276.]
1711,[348.]
1712,[2100.]
1713,[540.]
1714,[2100.]
1715,[2100.]
1716,[2100.]
1717,[284.]
1718,[2100.]
1719,[2100.]
1720,[476.]
1721,[2100.]
1722,[2100.]
1723,[2100.]
1724,[2100.]
1725,[2100.]
1726,[2100.]
1727,[2100.]
1728,[2100.]
1729,[2100.]
1730,[284.]
1731,[2100.]
1732,[2100.]
1733,[2100.]
1734,[860.]
1735,[380.]
1736,[2100.]
1737,[444.]
1738,[732.]
1739,[2100.]
1740,[2100.]
1741,[2100.]
1742,[2100.]
1743,[1628.]
1744,[2100.]
1745,[2100.]
1746,[476.]
1747,[2100.]
1748,[2100.]
1749,[2100.]
1750,[2100.]
1751,[2100.]
1752,[1500.]
1753,[924.]
1754,[2100.]
1755,[380.]
1756,[2100.]
1757,[284.]
1758,[2100.]
1759,[380.]
1760,[2100.]
1761,[1148.]
1762,[2100.]
1763,[2100.]
1764,[1596.]
1765,[412.]
1766,[2100.]
1767,[1948.]
1768,[2100.]
1769,[2100.]
1770,[1724.]
1771,[2100.]
1772,[796.]
1773,[2100.]
1774,[2100.]
1775,[2100.]
1776,[2100.]
1777,[2100.]
1778,[1564.]
1779,[284.]
1780,[2100.]
1781,[2100.]
1782,[1180.]
1783,[2100.]
1784,[2100.]
1785,[2100.]
1786,[2100.]
1787,[1916.]
1788,[284.]
1789,[572.]
1790,[284.]
1791,[764.]
1792,[2100.]
1793,[1212.]
1794,[284.]
1795,[924.]
1796,[2100.]
1797,[284.]
1798,[2100.]
1799,[412.]
1800,[988.]
1801,[764.]
1802,[2100.]
1803,[476.]
1804,[2100.]
1805,[2100.]
1806,[2100.]
1807,[2100.]
1808,[2100.]
1809,[2100.]
1810,[2100.]
1811,[2100.]
1812,[1244.]
1813,[2100.]
1814,[604.]
1815,[2100.]
1816,[2100.]
1817,[2100.]
1818,[1980.]
1819,[2100.]
1820,[2100.]
1821,[2100.]
1822,[2100.]
1823,[1180.]
1824,[1436.]
1825,[2100.]
1826,[1276.]
1827,[2100.]
1828,[1212.]
1829,[2100.]
1830,[2100.]
1831,[668.]
1832,[2100.]
1833,[2100.]
1834,[2100.]
1835,[2100.]
1836,[2100.]
1837,[2100.]
1838,[988.]
1839,[2100.]
1840,[2100.]
1841,[2100.]
1842,[2100.]
1843,[2100.]
1844,[380.]
1845,[2100.]
1846,[604.]
1847,[2100.]
1848,[2100.]
1849,[2100.]
1850,[2100.]
1851,[956.]
1852,[2100.]
1853,[2100.]
1854,[284.]
1855,[2100.]
1856,[956.]
1857,[1532.]
1858,[2100.]
1859,[2100.]
1860,[2100.]
1861,[2100.]
1862,[476.]
1863,[2100.]
1864,[2100.]
1865,[2100.]
1866,[2100.]
1867,[2100.]
1868,[2100.]
1869,[2100.]
1870,[380.]
1871,[2100.]
1872,[2100.]
1873,[1564.]
1874,[2100.]
1875,[1308.]
1876,[2100.]
1877,[2100.]
1878,[2100.]
1879,[2100.]
1880,[2100.]
1881,[2100.]
1882,[2100.]
1883,[2100.]
1884,[2100.]
1885,[2100.]
1886,[2100.]
1887,[2100.]
1888,[2100.]
1889,[2100.]
1890,[476.]
1891,[2100.]
1892,[2100.]
1893,[2100.]
1894,[284.]
1895,[2100.]
1896,[2100.]
1897,[2100.]
1898,[2100.]
1899,[2100.]
1900,[1180.]
1901,[2100.]
1902,[284.]
1903,[668.]
1904,[2100.]
1905,[2100.]
1906,[2100.]
1907,[2100.]
1908,[892.]
1909,[2100.]
1910,[2100.]
1911,[2100.]
1912,[2100.]
1913,[2100.]
1914,[2100.]
1915,[2100.]
1916,[2100.]
1917,[2100.]
1918,[2100.]
1919,[380.]
1920,[476.]
1921,[2100.]
1922,[380.]
1923,[732.]
1924,[380.]
1925,[1724.]
1926,[572.]
1927,[2100.]
1928,[2100.]
1929,[2100.]
1930,[1628.]
1931,[1180.]
1932,[2100.]
1933,[2100.]
1934,[2100.]
1935,[2100.]
1936,[2100.]
1937,[2100.]
1938,[284.]
1939,[2100.]
1940,[2100.]
1941,[2100.]
1942,[2100.]
1943,[2100.]
1944,[2100.]
1945,[2100.]
1946,[2100.]
1947,[2100.]
1948,[828.]
1949,[2100.]
1950,[924.]
1951,[2100.]
1952,[2100.]
1953,[2100.]
1954,[380.]
1955,[2100.]
1956,[2100.]
1957,[1468.]
1958,[2100.]
1959,[2100.]
1960,[2100.]
1961,[2100.]
1962,[2100.]
1963,[2100.]
1964,[2100.]
1965,[2100.]
1966,[2100.]
1967,[2100.]
1968,[2100.]
1969,[2100.]
1970,[2100.]
1971,[380.]
1972,[1404.]
1973,[2100.]
1974,[2100.]
1975,[2100.]
1976,[284.]
1977,[316.]
1978,[2100.]
1979,[2100.]
1980,[476.]
1981,[2100.]
1982,[2100.]
1983,[284.]
1984,[2100.]
1985,[2100.]
1986,[2100.]
1987,[2100.]
1988,[2100.]
1989,[2100.]
1990,[2100.]
1991,[348.]
1992,[1180.]
1993,[1244.]
1994,[2100.]
1995,[2100.]
1996,[284.]
1997,[2100.]
1998,[1852.]
1999,[2100.]
2000,[2100.]
2001,[2100.]
2002,[2100.]
2003,[668.]
2004,[2100.]
2005,[2100.]
2006,[2100.]
2007,[2100.]
2008,[2100.]
2009,[2100.]
2010,[2100.]
2011,[2100.]
2012,[2100.]
2013,[2100.]
2014,[2100.]
2015,[284.]
2016,[2100.]
2017,[2100.]
2018,[604.]
2019,[2100.]
2020,[2100.]
2021,[1084.]
2022,[2100.]
2023,[2100.]
2024,[668.]
2025,[2100.]
2026,[2100.]
2027,[2100.]
2028,[700.]
2029,[2100.]
2030,[476.]
2031,[2100.]
2032,[2100.]
2033,[892.]
2034,[2100.]
2035,[284.]
2036,[1116.]
2037,[2100.]
2038,[2100.]
2039,[2100.]
2040,[284.]
2041,[2100.]
2042,[2100.]
2043,[2100.]
2044,[2100.]
2045,[2100.]
2046,[2100.]
2047,[2100.]
2048,[2100.]
2049,[2100.]
2050,[2100.]
2051,[284.]
2052,[2100.]
2053,[284.]
2054,[2100.]
2055,[2100.]
2056,[2100.]
2057,[2100.]
2058,[2100.]
2059,[2100.]
2060,[2100.]
2061,[2100.]
2062,[2100.]
2063,[2100.]
2064,[2100.]
2065,[2100.]
2066,[2100.]
2067,[796.]
2068,[2100.]
2069,[2100.]
2070,[2100.]
2071,[2100.]
2072,[2100.]
2073,[1020.]
2074,[1084.]
2075,[2100.]
2076,[2100.]
2077,[2100.]
2078,[2100.]
2079,[1148.]
2080,[2100.]
2081,[2100.]
2082,[476.]
2083,[1084.]
2084,[1020.]
2085,[2100.]
2086,[380.]
2087,[2100.]
2088,[2100.]
2089,[2100.]
2090,[2100.]
2091,[2100.]
2092,[2100.]
2093,[1180.]
2094,[604.]
2095,[2100.]
2096,[2100.]
2097,[2100.]
2098,[2100.]
2099,[2100.]
2100,[476.]
2101,[2100.]
2102,[1564.]
2103,[1948.]
2104,[2100.]
2105,[2100.]
2106,[2100.]
2107,[2100.]
2108,[2100.]
2109,[2100.]
2110,[2100.]
2111,[2100.]
2112,[2100.]
2113,[2100.]
2114,[2100.]
2115,[2100.]
2116,[2100.]
2117,[2100.]
2118,[2100.]
2119,[2100.]
2120,[2100.]
2121,[284.]
2122,[2100.]
2123,[2100.]
2124,[2100.]
2125,[2100.]
2126,[1148.]
2127,[2100.]
2128,[380.]
2129,[2100.]
2130,[2100.]
2131,[2100.]
2132,[2100.]
2133,[2100.]
2134,[2100.]
2135,[2100.]
2136,[540.]
2137,[2100.]
2138,[2100.]
2139,[1692.]
2140,[2100.]
2141,[2100.]
2142,[2100.]
2143,[2100.]
2144,[2100.]
2145,[2100.]
2146,[2100.]
2147,[2100.]
2148,[1148.]
2149,[2100.]
2150,[2100.]
2151,[2100.]
2152,[2100.]
2153,[2100.]
2154,[1916.]
2155,[2100.]
2156,[2100.]
2157,[2100.]
2158,[2100.]
2159,[2100.]
2160,[508.]
2161,[2100.]
2162,[2100.]
2163,[508.]
2164,[1724.]
2165,[2100.]
2166,[2100.]
2167,[1980.]
2168,[2100.]
2169,[2100.]
2170,[2100.]
2171,[2100.]
2172,[604.]
2173,[380.]
2174,[2100.]
2175,[2100.]
2176,[2100.]
2177,[1180.]
2178,[2100.]
2179,[604.]
2180,[2100.]
2181,[2100.]
2182,[2100.]
2183,[2100.]
2184,[2100.]
2185,[2100.]
2186,[412.]
2187,[2100.]
2188,[380.]
2189,[2100.]
2190,[2100.]
2191,[764.]
2192,[476.]
2193,[2100.]
2194,[2100.]
2195,[2100.]
2196,[2100.]
2197,[2100.]
2198,[1596.]
2199,[2100.]
2200,[636.]
2201,[2100.]
2202,[540.]
2203,[860.]
2204,[1820.]
2205,[2100.]
2206,[2100.]
2207,[2100.]
2208,[2100.]
2209,[2100.]
2210,[284.]
2211,[2100.]
2212,[2100.]
2213,[2100.]
2214,[2100.]
2215,[572.]
2216,[2100.]
2217,[2100.]
2218,[988.]
2219,[2100.]
2220,[2100.]
2221,[2100.]
2222,[2100.]
2223,[2100.]
2224,[2100.]
2225,[2100.]
2226,[1820.]
2227,[1852.]
2228,[476.]
2229,[2100.]
2230,[2100.]
2231,[2100.]
2232,[380.]
2233,[2100.]
2234,[924.]
2235,[380.]
2236,[2100.]
2237,[2100.]
2238,[2100.]
2239,[1116.]
2240,[988.]
2241,[2100.]
2242,[988.]
2243,[1276.]
2244,[284.]
2245,[2100.]
2246,[2100.]
2247,[2100.]
2248,[284.]
2249,[2100.]
2250,[2100.]
2251,[2100.]
2252,[2100.]
2253,[284.]
2254,[284.]
2255,[2100.]
2256,[2100.]
2257,[1980.]
2258,[2100.]
2259,[2100.]
2260,[412.]
2261,[2100.]
2262,[2100.]
2263,[2100.]
2264,[284.]
2265,[988.]
2266,[380.]
2267,[2100.]
2268,[1340.]
2269,[2100.]
2270,[2100.]
2271,[2100.]
2272,[2100.]
2273,[2100.]
2274,[732.]
2275,[2100.]
2276,[2100.]
2277,[2100.]
2278,[2100.]
2279,[1180.]
2280,[1788.]
2281,[2100.]
2282,[1052.]
2283,[2100.]
2284,[2100.]
2285,[2100.]
2286,[2100.]
2287,[2100.]
2288,[1596.]
2289,[2100.]
2290,[2100.]
2291,[988.]
2292,[2100.]
2293,[2100.]
2294,[572.]
2295,[2100.]
2296,[2100.]
2297,[2100.]
2298,[2100.]
2299,[2100.]
2300,[2100.]
2301,[2100.]
2302,[2100.]
2303,[700.]
2304,[1276.]
2305,[1116.]
2306,[508.]
2307,[572.]
2308,[2100.]
2309,[2100.]
2310,[2100.]
2311,[2100.]
2312,[2100.]
2313,[2100.]
2314,[2100.]
2315,[2100.]
2316,[2100.]
2317,[2100.]
2318,[2100.]
2319,[572.]
2320,[1628.]
2321,[2100.]
2322,[2100.]
2323,[2100.]
2324,[2100.]
2325,[2100.]
2326,[2100.]
2327,[284.]
2328,[2100.]
2329,[476.]
2330,[380.]
2331,[1468.]
2332,[540.]
2333,[2100.]
2334,[2100.]
2335,[636.]
2336,[2100.]
2337,[380.]
2338,[2100.]
2339,[668.]
2340,[2100.]
2341,[2100.]
2342,[2100.]
2343,[2100.]
2344,[444.]
2345,[2100.]
2346,[1244.]
2347,[2100.]
2348,[2100.]
2349,[2100.]
2350,[796.]
2351,[2100.]
2352,[2100.]
2353,[1148.]
2354,[2100.]
2355,[2100.]
2356,[2100.]
2357,[444.]
2358,[2100.]
2359,[2100.]
2360,[2100.]
2361,[2100.]
2362,[572.]
2363,[2100.]
2364,[2100.]
2365,[476.]
2366,[2100.]
2367,[2100.]
2368,[700.]
2369,[2100.]
2370,[2100.]
2371,[380.]
2372,[2100.]
2373,[1948.]
2374,[1852.]
2375,[2100.]
2376,[764.]
2377,[2100.]
2378,[2100.]
2379,[2100.]
2380,[1052.]
2381,[2100.]
2382,[2100.]
2383,[2100.]
2384,[2100.]
2385,[2100.]
2386,[2100.]
2387,[508.]
2388,[2100.]
2389,[2100.]
2390,[2100.]
2391,[2100.]
2392,[2100.]
2393,[2100.]
2394,[2100.]
2395,[2100.]
2396,[2100.]
2397,[2100.]
2398,[2100.]
2399,[2100.]
2400,[316.]
2401,[476.]
2402,[2100.]
2403,[2100.]
2404,[2100.]
2405,[2100.]
2406,[284.]
2407,[572.]
2408,[2100.]
2409,[2100.]
2410,[2100.]
2411,[284.]
2412,[2100.]
2413,[380.]
2414,[540.]
2415,[2100.]
2416,[2100.]
2417,[2100.]
2418,[2100.]
2419,[2100.]
2420,[476.]
2421,[2100.]
2422,[2100.]
2423,[2100.]
2424,[2100.]
2425,[2100.]
2426,[2100.]
2427,[2100.]
2428,[508.]
2429,[2100.]
2430,[2100.]
2431,[2100.]
2432,[2100.]
2433,[2100.]
2434,[2100.]
2435,[2100.]
2436,[348.]
2437,[2100.]
2438,[2100.]
2439,[2100.]
2440,[2100.]
2441,[2100.]
2442,[284.]
2443,[2100.]
2444,[2100.]
2445,[2100.]
2446,[2100.]
2447,[2100.]
2448,[2100.]
2449,[2100.]
2450,[2100.]
2451,[2100.]
2452,[2100.]
2453,[2100.]
2454,[316.]
2455,[2100.]
2456,[1180.]
2457,[2100.]
2458,[2100.]
2459,[2100.]
2460,[700.]
2461,[2100.]
2462,[2100.]
2463,[892.]
2464,[2100.]
2465,[2100.]
2466,[380.]
2467,[1276.]
2468,[2100.]
2469,[2100.]
2470,[2100.]
2471,[2100.]
2472,[1500.]
2473,[2100.]
2474,[2100.]
2475,[2100.]
2476,[2100.]
2477,[2100.]
2478,[2100.]
2479,[892.]
2480,[1884.]
2481,[2100.]
2482,[2100.]
2483,[1180.]
2484,[2100.]
2485,[1276.]
2486,[2100.]
2487,[2100.]
2488,[1404.]
2489,[2100.]
2490,[796.]
2491,[2100.]
2492,[796.]
2493,[2100.]
2494,[2100.]
2495,[2100.]
2496,[2100.]
2497,[2100.]
2498,[1436.]
2499,[2100.]
2500,[1148.]
2501,[2100.]
2502,[2100.]
2503,[2100.]
2504,[2100.]
2505,[2100.]
2506,[2100.]
2507,[316.]
2508,[2100.]
2509,[2100.]
2510,[284.]
2511,[2100.]
2512,[2100.]
2513,[2100.]
2514,[2100.]
2515,[2100.]
2516,[2100.]
2517,[2100.]
2518,[2100.]
2519,[668.]
2520,[2100.]
2521,[2100.]
2522,[2100.]
2523,[700.]
2524,[2100.]
2525,[732.]
2526,[2100.]
2527,[2100.]
2528,[508.]
2529,[1820.]
2530,[1052.]
2531,[2100.]
2532,[1724.]
2533,[1820.]
2534,[380.]
2535,[2100.]
2536,[2100.]
2537,[2100.]
2538,[476.]
2539,[668.]
2540,[2100.]
2541,[412.]
2542,[1212.]
2543,[2100.]
2544,[2100.]
2545,[2100.]
2546,[1084.]
2547,[2100.]
2548,[2100.]
2549,[1180.]
2550,[2100.]
2551,[2100.]
2552,[2100.]
2553,[860.]
2554,[2100.]
2555,[2100.]
2556,[2100.]
2557,[2100.]
2558,[2100.]
2559,[1468.]
2560,[2100.]
2561,[2100.]
2562,[988.]
2563,[2100.]
2564,[2100.]
2565,[2100.]
2566,[2100.]
2567,[2100.]
2568,[2100.]
2569,[2100.]
2570,[2100.]
2571,[2100.]
2572,[476.]
2573,[284.]
2574,[892.]
2575,[2100.]
2576,[2100.]
2577,[2100.]
2578,[2100.]
2579,[1756.]
2580,[1564.]
2581,[2100.]
2582,[2100.]
2583,[380.]
2584,[2100.]
2585,[2100.]
2586,[2100.]
2587,[2100.]
2588,[2100.]
2589,[2100.]
2590,[2100.]
2591,[2100.]
2592,[2100.]
2593,[2100.]
2594,[2100.]
2595,[1116.]
2596,[2100.]
2597,[2100.]
2598,[412.]
2599,[2100.]
2600,[1500.]
2601,[2100.]
2602,[1372.]
2603,[1404.]
2604,[444.]
2605,[540.]
2606,[2100.]
2607,[2100.]
2608,[668.]
2609,[476.]
2610,[2100.]
2611,[2100.]
2612,[2100.]
2613,[2100.]
2614,[2100.]
2615,[2100.]
2616,[2100.]
2617,[2100.]
2618,[2100.]
2619,[572.]
2620,[2100.]
2621,[476.]
2622,[1948.]
2623,[2100.]
2624,[2100.]
2625,[2100.]
2626,[2100.]
2627,[2100.]
2628,[2100.]
2629,[2100.]
2630,[2100.]
2631,[2100.]
2632,[1308.]
2633,[476.]
2634,[828.]
2635,[668.]
2636,[2100.]
2637,[572.]
2638,[2100.]
2639,[2100.]
2640,[796.]
2641,[2100.]
2642,[2100.]
2643,[2100.]
2644,[764.]
2645,[1276.]
2646,[2100.]
2647,[2100.]
2648,[380.]
2649,[2100.]
2650,[412.]
2651,[2100.]
2652,[2100.]
2653,[2100.]
2654,[2100.]
2655,[2100.]
2656,[284.]
2657,[2100.]
2658,[2100.]
2659,[2100.]
2660,[2100.]
2661,[2100.]
2662,[2100.]
2663,[2100.]
2664,[924.]
2665,[2100.]
2666,[2100.]
2667,[2100.]
2668,[2100.]
2669,[2100.]
2670,[2100.]
2671,[2100.]
2672,[1116.]
2673,[2100.]
2674,[1404.]
2675,[2100.]
2676,[476.]
2677,[2100.]
2678,[2100.]
2679,[2100.]
2680,[2100.]
2681,[2100.]
2682,[2100.]
2683,[2100.]
2684,[2100.]
2685,[2100.]
2686,[284.]
2687,[1308.]
2688,[2100.]
2689,[2100.]
2690,[892.]
2691,[2100.]
2692,[380.]
2693,[1212.]
2694,[2100.]
2695,[380.]
2696,[380.]
2697,[2100.]
2698,[2100.]
2699,[2100.]
2700,[668.]
2701,[2100.]
2702,[2100.]
2703,[2100.]
2704,[2100.]
2705,[2100.]
2706,[2100.]
2707,[1308.]
2708,[2100.]
2709,[2100.]
2710,[2100.]
2711,[1116.]
2712,[2100.]
2713,[2100.]
2714,[1660.]
2715,[284.]
2716,[2100.]
2717,[2100.]
2718,[2100.]
2719,[2100.]
2720,[2100.]
2721,[2100.]
2722,[2100.]
2723,[2100.]
2724,[2100.]
2725,[2100.]
2726,[2100.]
2727,[2100.]
2728,[2100.]
2729,[2100.]
2730,[668.]
2731,[2100.]
2732,[2100.]
2733,[2100.]
2734,[2100.]
2735,[476.]
2736,[668.]
2737,[2100.]
2738,[2100.]
2739,[2100.]
2740,[2100.]
2741,[1084.]
2742,[2100.]
2743,[1820.]
2744,[2100.]
2745,[284.]
2746,[2100.]
2747,[380.]
2748,[2100.]
2749,[2100.]
2750,[2100.]
2751,[2100.]
2752,[2100.]
2753,[2100.]
2754,[1852.]
2755,[2100.]
2756,[2100.]
2757,[2100.]
2758,[1756.]
2759,[2100.]
2760,[284.]
2761,[2100.]
2762,[2100.]
2763,[572.]
2764,[2100.]
2765,[2100.]
2766,[1660.]
2767,[2100.]
2768,[2100.]
2769,[2100.]
2770,[284.]
2771,[1404.]
2772,[2100.]
2773,[2100.]
2774,[2100.]
2775,[2100.]
2776,[2100.]
2777,[2100.]
2778,[2100.]
2779,[572.]
2780,[2100.]
2781,[348.]
2782,[2100.]
2783,[284.]
2784,[2100.]
2785,[2100.]
2786,[1244.]
2787,[2100.]
2788,[2100.]
2789,[284.]
2790,[2100.]
2791,[1820.]
2792,[2100.]
2793,[2100.]
2794,[2100.]
2795,[508.]
2796,[2100.]
2797,[700.]
2798,[636.]
2799,[540.]
2800,[2100.]
2801,[2100.]
2802,[2100.]
2803,[284.]
2804,[2100.]
2805,[2100.]
2806,[380.]
2807,[2100.]
2808,[2100.]
2809,[2100.]
2810,[1020.]
2811,[284.]
2812,[444.]
2813,[2100.]
2814,[668.]
2815,[2100.]
2816,[2100.]
2817,[572.]
2818,[2100.]
2819,[1884.]
2820,[2100.]
2821,[476.]
2822,[892.]
2823,[284.]
2824,[2100.]
2825,[2100.]
2826,[2100.]
2827,[2100.]
2828,[2100.]
2829,[2100.]
2830,[764.]
2831,[2100.]
2832,[2100.]
2833,[2100.]
2834,[2100.]
2835,[412.]
2836,[2100.]
2837,[2100.]
2838,[2100.]
2839,[1052.]
2840,[2100.]
2841,[2100.]
2842,[2100.]
2843,[1628.]
2844,[2100.]
2845,[1468.]
2846,[2100.]
2847,[2100.]
2848,[2100.]
2849,[2100.]
2850,[604.]
2851,[2100.]
2852,[476.]
2853,[796.]
2854,[2100.]
2855,[508.]
2856,[2100.]
2857,[1628.]
2858,[2100.]
2859,[2100.]
2860,[476.]
2861,[284.]
2862,[2100.]
2863,[2100.]
2864,[2100.]
2865,[1148.]
2866,[2100.]
2867,[1948.]
2868,[2100.]
2869,[2100.]
2870,[2100.]
2871,[2100.]
2872,[284.]
2873,[2100.]
2874,[2100.]
2875,[2100.]
2876,[1820.]
2877,[604.]
2878,[732.]
2879,[668.]
2880,[2100.]
2881,[2100.]
2882,[2100.]
2883,[2100.]
2884,[892.]
2885,[2100.]
2886,[2100.]
2887,[2100.]
2888,[2100.]
2889,[2100.]
2890,[828.]
2891,[284.]
2892,[2100.]
2893,[2100.]
2894,[1468.]
2895,[2100.]
2896,[1564.]
2897,[2100.]
2898,[2100.]
2899,[2100.]
2900,[2100.]
2901,[2100.]
2902,[2100.]
2903,[956.]
2904,[2100.]
2905,[2100.]
2906,[2100.]
2907,[2100.]
2908,[2100.]
2909,[2100.]
2910,[2100.]
2911,[2100.]
2912,[828.]
2913,[2100.]
2914,[2100.]
2915,[2100.]
2916,[2100.]
2917,[2100.]
2918,[2100.]
2919,[316.]
2920,[380.]
2921,[2100.]
2922,[2100.]
2923,[2100.]
2924,[1308.]
2925,[2100.]
2926,[2100.]
2927,[2100.]
2928,[2100.]
2929,[2100.]
2930,[2100.]
2931,[2100.]
2932,[636.]
2933,[2100.]
2934,[2100.]
2935,[1532.]
2936,[2100.]
2937,[732.]
2938,[316.]
2939,[636.]
2940,[2100.]
2941,[284.]
2942,[2100.]
2943,[2100.]
2944,[892.]
2945,[2100.]
2946,[2100.]
2947,[1020.]
2948,[2100.]
2949,[1916.]
2950,[1820.]
2951,[2100.]
2952,[2100.]
2953,[2100.]
2954,[2100.]
2955,[2100.]
2956,[1084.]
2957,[2100.]
2958,[636.]
2959,[2100.]
2960,[2100.]
2961,[2100.]
2962,[2100.]
2963,[2100.]
2964,[988.]
2965,[1948.]
2966,[2100.]
2967,[1852.]
2968,[1948.]
2969,[2100.]
2970,[2100.]
2971,[1564.]
2972,[2100.]
2973,[284.]
2974,[2100.]
2975,[860.]
2976,[2100.]
2977,[2100.]
2978,[2100.]
2979,[2100.]
2980,[2100.]
2981,[2100.]
2982,[2100.]
2983,[2100.]
2984,[2100.]
2985,[2100.]
2986,[1756.]
2987,[2100.]
2988,[540.]
2989,[2100.]
2990,[2100.]
2991,[380.]
2992,[444.]
2993,[2100.]
2994,[2100.]
2995,[380.]
2996,[956.]
2997,[668.]
2998,[2100.]
2999,[2100.]
3000,[2100.]
3001,[2100.]
3002,[892.]
3003,[380.]
3004,[2100.]
3005,[2100.]
3006,[2100.]
3007,[2100.]
3008,[2100.]
3009,[636.]
3010,[380.]
3011,[2100.]
3012,[2100.]
3013,[1436.]
3014,[2100.]
3015,[2100.]
3016,[2100.]
3017,[1180.]
3018,[2100.]
3019,[1276.]
3020,[284.]
3021,[476.]
3022,[2100.]
3023,[2100.]
3024,[2100.]
3025,[2100.]
3026,[700.]
3027,[284.]
3028,[2100.]
3029,[2100.]
3030,[1916.]
3031,[2100.]
3032,[700.]
3033,[2100.]
3034,[284.]
3035,[1948.]
3036,[2100.]
3037,[1820.]
3038,[2100.]
3039,[2100.]
3040,[2100.]
3041,[1596.]
3042,[2100.]
3043,[1052.]
3044,[2100.]
3045,[284.]
3046,[2100.]
3047,[476.]
3048,[2100.]
3049,[2100.]
3050,[444.]
3051,[2100.]
3052,[2100.]
3053,[1564.]
3054,[2100.]
3055,[2100.]
3056,[284.]
3057,[732.]
3058,[2100.]
3059,[2100.]
3060,[796.]
3061,[2100.]
3062,[2100.]
3063,[2100.]
3064,[2100.]
3065,[988.]
3066,[2100.]
3067,[1308.]
3068,[2100.]
3069,[1788.]
3070,[2100.]
3071,[380.]
3072,[2100.]
3073,[668.]
3074,[1276.]
3075,[1500.]
3076,[2100.]
3077,[2100.]
3078,[2100.]
3079,[2100.]
3080,[2100.]
3081,[2100.]
3082,[604.]
3083,[2100.]
3084,[476.]
3085,[2100.]
3086,[2100.]
3087,[2100.]
3088,[1564.]
3089,[2100.]
3090,[2100.]
3091,[1852.]
3092,[2100.]
3093,[2100.]
3094,[1916.]
3095,[476.]
3096,[2100.]
3097,[2100.]
3098,[700.]
3099,[2100.]
3100,[2100.]
3101,[2100.]
3102,[284.]
3103,[2100.]
3104,[284.]
3105,[2100.]
3106,[2100.]
3107,[796.]
3108,[2100.]
3109,[2100.]
3110,[2100.]
3111,[2100.]
3112,[476.]
3113,[2100.]
3114,[2100.]
3115,[2100.]
3116,[2100.]
3117,[2100.]
3118,[2100.]
3119,[380.]
3120,[2100.]
3121,[2100.]
3122,[444.]
3123,[2100.]
3124,[2100.]
3125,[2100.]
3126,[668.]
3127,[2100.]
3128,[2100.]
3129,[892.]
3130,[2100.]
3131,[1724.]
3132,[2100.]
3133,[2100.]
3134,[2100.]
3135,[2100.]
3136,[2100.]
3137,[2100.]
3138,[2100.]
3139,[2100.]
3140,[1980.]
3141,[828.]
3142,[2100.]
3143,[2100.]
3144,[476.]
3145,[2100.]
3146,[2100.]
3147,[2100.]
3148,[2100.]
3149,[2100.]
3150,[2100.]
3151,[2100.]
3152,[2100.]
3153,[2100.]
3154,[2100.]
3155,[1468.]
3156,[2100.]
3157,[2100.]
3158,[2100.]
3159,[2100.]
3160,[444.]
3161,[2100.]
3162,[1084.]
3163,[2100.]
3164,[636.]
3165,[1788.]
3166,[892.]
3167,[2100.]
3168,[1244.]
3169,[2100.]
3170,[444.]
3171,[2100.]
3172,[2100.]
3173,[2100.]
3174,[2100.]
3175,[2100.]
3176,[2100.]
3177,[412.]
3178,[2100.]
3179,[1404.]
3180,[1436.]
3181,[2100.]
3182,[2100.]
3183,[2100.]
3184,[2100.]
3185,[2100.]
3186,[2100.]
3187,[2100.]
3188,[2100.]
3189,[2100.]
3190,[924.]
3191,[2100.]
3192,[2100.]
3193,[2100.]
3194,[1084.]
3195,[2100.]
3196,[2100.]
3197,[892.]
3198,[2100.]
3199,[2100.]
3200,[2100.]
3201,[2100.]
3202,[348.]
3203,[2100.]
3204,[2100.]
3205,[2100.]
3206,[2100.]
3207,[2100.]
3208,[2100.]
3209,[284.]
3210,[2100.]
3211,[2100.]
3212,[2100.]
3213,[2100.]
3214,[572.]
3215,[2100.]
3216,[444.]
3217,[2100.]
3218,[924.]
3219,[1756.]
3220,[2100.]
3221,[572.]
3222,[2100.]
3223,[2100.]
3224,[668.]
3225,[2100.]
3226,[2100.]
3227,[2100.]
3228,[476.]
3229,[2100.]
3230,[284.]
3231,[380.]
3232,[2100.]
3233,[412.]
3234,[1468.]
3235,[2100.]
3236,[1820.]
3237,[2100.]
3238,[2100.]
3239,[2100.]
3240,[2100.]
3241,[1084.]
3242,[2100.]
3243,[2100.]
3244,[2100.]
3245,[732.]
3246,[284.]
3247,[2100.]
3248,[476.]
3249,[412.]
3250,[2100.]
3251,[2100.]
3252,[2100.]
3253,[2100.]
3254,[636.]
3255,[2100.]
3256,[2100.]
3257,[2100.]
3258,[2100.]
3259,[2100.]
3260,[476.]
3261,[2100.]
3262,[2100.]
3263,[2100.]
3264,[732.]
3265,[2100.]
3266,[284.]
3267,[2100.]
3268,[2100.]
3269,[2100.]
3270,[2100.]
3271,[2100.]
3272,[764.]
3273,[2100.]
3274,[2100.]
3275,[1596.]
3276,[988.]
3277,[2100.]
3278,[2100.]
3279,[2100.]
3280,[444.]
3281,[2100.]
3282,[284.]
3283,[2100.]
3284,[2100.]
3285,[2100.]
3286,[2100.]
3287,[2100.]
3288,[2100.]
3289,[380.]
3290,[2100.]
3291,[508.]
3292,[2100.]
3293,[2100.]
3294,[2100.]
3295,[2100.]
3296,[764.]
3297,[476.]
3298,[2100.]
3299,[2100.]
3300,[2100.]
3301,[2100.]
3302,[2100.]
3303,[2100.]
3304,[2100.]
3305,[2100.]
3306,[476.]
3307,[2100.]
3308,[2100.]
3309,[2100.]
3310,[2100.]
3311,[2100.]
3312,[444.]
3313,[2100.]
3314,[2100.]
3315,[2100.]
3316,[2100.]
3317,[2100.]
3318,[2100.]
3319,[2100.]
3320,[2100.]
3321,[380.]
3322,[2100.]
3323,[2100.]
3324,[2100.]
3325,[1052.]
3326,[2100.]
3327,[2100.]
3328,[476.]
3329,[2100.]
3330,[2100.]
3331,[1628.]
3332,[2100.]
3333,[2100.]
3334,[2100.]
3335,[2100.]
3336,[2100.]
3337,[2100.]
3338,[892.]
3339,[2100.]
3340,[1308.]
3341,[2100.]
3342,[668.]
3343,[2100.]
3344,[2100.]
3345,[2100.]
3346,[1500.]
3347,[2100.]
3348,[2100.]
3349,[2100.]
3350,[2100.]
3351,[284.]
3352,[2100.]
3353,[380.]
3354,[1404.]
3355,[2100.]
3356,[2100.]
3357,[2100.]
3358,[2100.]
3359,[572.]
3360,[2100.]
3361,[2100.]
3362,[380.]
3363,[2100.]
3364,[2100.]
3365,[284.]
3366,[476.]
3367,[2100.]
3368,[604.]
3369,[2100.]
3370,[2100.]
3371,[2100.]
3372,[2100.]
3373,[2100.]
3374,[2100.]
3375,[284.]
3376,[1436.]
3377,[2100.]
3378,[2100.]
3379,[2100.]
3380,[1276.]
3381,[2100.]
3382,[2100.]
3383,[1788.]
3384,[2100.]
3385,[1212.]
3386,[2100.]
3387,[988.]
3388,[2100.]
3389,[2100.]
3390,[476.]
3391,[2100.]
3392,[2100.]
3393,[2100.]
3394,[2100.]
3395,[2100.]
3396,[2100.]
3397,[2100.]
3398,[2100.]
3399,[2100.]
3400,[1084.]
3401,[2100.]
3402,[2100.]
3403,[284.]
3404,[2100.]
3405,[380.]
3406,[2100.]
3407,[2100.]
3408,[2100.]
3409,[2100.]
3410,[2100.]
3411,[380.]
3412,[2100.]
3413,[2100.]
3414,[2100.]
3415,[2100.]
3416,[2100.]
3417,[508.]
3418,[2100.]
3419,[2100.]
3420,[2100.]
3421,[2100.]
3422,[1308.]
3423,[2100.]
3424,[668.]
3425,[2100.]
3426,[2100.]
3427,[2100.]
3428,[1308.]
3429,[2100.]
3430,[380.]
3431,[2100.]
3432,[2100.]
3433,[2100.]
3434,[284.]
3435,[2100.]
3436,[2100.]
3437,[2100.]
3438,[476.]
3439,[2100.]
3440,[2100.]
3441,[2100.]
3442,[2100.]
3443,[604.]
3444,[2100.]
3445,[2100.]
3446,[2100.]
3447,[2100.]
3448,[2100.]
3449,[2100.]
3450,[2100.]
3451,[1852.]
3452,[2100.]
3453,[2100.]
3454,[2100.]
3455,[380.]
3456,[2100.]
3457,[2100.]
3458,[1308.]
3459,[2100.]
3460,[2100.]
3461,[2100.]
3462,[2100.]
3463,[2100.]
3464,[2100.]
3465,[2100.]
3466,[2100.]
3467,[2100.]
3468,[892.]
3469,[2100.]
3470,[2100.]
3471,[1084.]
3472,[1404.]
3473,[2100.]
3474,[2100.]
3475,[988.]
3476,[2100.]
3477,[1116.]
3478,[1244.]
3479,[2100.]
3480,[1020.]
3481,[2100.]
3482,[2100.]
3483,[2100.]
3484,[2100.]
3485,[2100.]
3486,[2100.]
3487,[604.]
3488,[2100.]
3489,[1308.]
3490,[2100.]
3491,[2100.]
3492,[2100.]
3493,[2100.]
3494,[1020.]
3495,[1084.]
3496,[284.]
3497,[2100.]
3498,[2100.]
3499,[572.]
3500,[2100.]
3501,[2100.]
3502,[796.]
3503,[2100.]
3504,[2100.]
3505,[2100.]
3506,[2100.]
3507,[2100.]
3508,[2100.]
3509,[2100.]
3510,[668.]
3511,[892.]
3512,[284.]
3513,[2100.]
3514,[2100.]
3515,[1564.]
3516,[476.]
3517,[1084.]
3518,[2100.]
3519,[2100.]
3520,[1372.]
3521,[316.]
3522,[284.]
3523,[2100.]
3524,[1180.]
3525,[1308.]
3526,[572.]
3527,[2100.]
3528,[2100.]
3529,[1532.]
3530,[2100.]
3531,[796.]
3532,[412.]
3533,[2100.]
3534,[2100.]
3535,[284.]
3536,[2100.]
3537,[1372.]
3538,[2100.]
3539,[1948.]
3540,[2100.]
3541,[2100.]
3542,[1724.]
3543,[2100.]
3544,[2100.]
3545,[2100.]
3546,[1564.]
3547,[1116.]
3548,[2100.]
3549,[2100.]
3550,[2100.]
3551,[1532.]
3552,[2100.]
3553,[2100.]
3554,[2100.]
3555,[2100.]
3556,[2100.]
3557,[2100.]
3558,[2100.]
3559,[2100.]
3560,[2100.]
3561,[988.]
3562,[1116.]
3563,[2100.]
3564,[2100.]
3565,[2100.]
3566,[2100.]
3567,[1052.]
3568,[2100.]
3569,[2100.]
3570,[284.]
3571,[2100.]
3572,[2100.]
3573,[1468.]
3574,[2100.]
3575,[2100.]
3576,[2100.]
3577,[1948.]
3578,[380.]
3579,[860.]
3580,[2100.]
3581,[2100.]
3582,[2100.]
3583,[604.]
3584,[508.]
3585,[2100.]
3586,[2100.]
3587,[2100.]
3588,[2100.]
3589,[2100.]
3590,[412.]
3591,[2100.]
3592,[2100.]
3593,[2100.]
3594,[2100.]
3595,[2100.]
3596,[284.]
3597,[540.]
3598,[2100.]
3599,[2100.]
3600,[2100.]
3601,[2100.]
3602,[2100.]
3603,[860.]
3604,[2100.]
3605,[2100.]
3606,[1084.]
3607,[2100.]
3608,[444.]
3609,[1020.]
3610,[2100.]
3611,[2100.]
3612,[2100.]
3613,[604.]
3614,[2100.]
3615,[572.]
3616,[540.]
3617,[2100.]
3618,[2100.]
3619,[2100.]
3620,[2100.]
3621,[2100.]
3622,[2100.]
3623,[2100.]
3624,[2100.]
3625,[2100.]
3626,[2100.]
3627,[2100.]
3628,[2100.]
3629,[2100.]
3630,[1724.]
3631,[380.]
3632,[2100.]
3633,[2100.]
3634,[1180.]
3635,[2100.]
3636,[2100.]
3637,[2100.]
3638,[1564.]
3639,[2100.]
3640,[2100.]
3641,[2100.]
3642,[2100.]
3643,[1724.]
3644,[2100.]
3645,[2100.]
3646,[2100.]
3647,[2100.]
3648,[2100.]
3649,[2100.]
3650,[732.]
3651,[2100.]
3652,[1276.]
3653,[2100.]
3654,[2100.]
3655,[2100.]
3656,[2100.]
3657,[572.]
3658,[1564.]
3659,[2100.]
3660,[1628.]
3661,[2100.]
3662,[2100.]
3663,[2100.]
3664,[2100.]
3665,[2100.]
3666,[1820.]
3667,[1340.]
3668,[2100.]
3669,[572.]
3670,[2100.]
3671,[2100.]
3672,[2100.]
3673,[2100.]
3674,[2100.]
3675,[2100.]
3676,[316.]
3677,[1852.]
3678,[2100.]
3679,[1884.]
3680,[2100.]
3681,[2100.]
3682,[2100.]
3683,[380.]
3684,[2100.]
3685,[2100.]
3686,[380.]
3687,[2100.]
3688,[1884.]
3689,[2100.]
3690,[412.]
3691,[796.]
3692,[2100.]
3693,[380.]
3694,[2100.]
3695,[1148.]
3696,[2100.]
3697,[2100.]
3698,[2100.]
3699,[2100.]
3700,[2100.]
3701,[476.]
3702,[2100.]
3703,[2100.]
3704,[1020.]
3705,[2100.]
3706,[2100.]
3707,[2100.]
3708,[2100.]
3709,[828.]
3710,[700.]
3711,[2100.]
3712,[2100.]
3713,[1980.]
3714,[2100.]
3715,[2100.]
3716,[540.]
3717,[2100.]
3718,[2100.]
3719,[2100.]
3720,[2100.]
3721,[988.]
3722,[2100.]
3723,[2100.]
3724,[2100.]
3725,[1500.]
3726,[2100.]
3727,[2100.]
3728,[2100.]
3729,[2100.]
3730,[508.]
3731,[2100.]
3732,[2100.]
3733,[2100.]
3734,[380.]
3735,[380.]
3736,[1852.]
3737,[2100.]
3738,[892.]
3739,[2100.]
3740,[2100.]
3741,[284.]
3742,[1724.]
3743,[2100.]
3744,[2100.]
3745,[380.]
3746,[476.]
3747,[1980.]
3748,[2100.]
3749,[380.]
3750,[2100.]
3751,[2100.]
3752,[2100.]
3753,[572.]
3754,[380.]
3755,[2100.]
3756,[668.]
3757,[2100.]
3758,[2100.]
3759,[764.]
3760,[2100.]
3761,[2100.]
3762,[1180.]
3763,[2100.]
3764,[2100.]
3765,[2100.]
3766,[2100.]
3767,[2100.]
3768,[2100.]
3769,[2100.]
3770,[2100.]
3771,[284.]
3772,[2100.]
3773,[444.]
3774,[1340.]
3775,[2100.]
3776,[476.]
3777,[2100.]
3778,[380.]
3779,[2100.]
3780,[572.]
3781,[1340.]
3782,[1820.]
3783,[764.]
3784,[2100.]
3785,[2100.]
3786,[2100.]
3787,[2100.]
3788,[2100.]
3789,[2100.]
3790,[2100.]
3791,[860.]
3792,[2100.]
3793,[2100.]
3794,[380.]
3795,[2100.]
3796,[2100.]
3797,[988.]
3798,[2100.]
3799,[2100.]
3800,[2100.]
3801,[2100.]
3802,[2100.]
3803,[2100.]
3804,[2100.]
3805,[2100.]
3806,[2100.]
3807,[2100.]
3808,[2100.]
3809,[2100.]
3810,[1500.]
3811,[2100.]
3812,[2100.]
3813,[2100.]
3814,[2100.]
3815,[860.]
3816,[348.]
3817,[1596.]
3818,[2100.]
3819,[2100.]
3820,[2100.]
3821,[1692.]
3822,[2100.]
3823,[284.]
3824,[2100.]
3825,[572.]
3826,[2100.]
3827,[604.]
3828,[2100.]
3829,[476.]
3830,[2100.]
3831,[2100.]
3832,[2100.]
3833,[476.]
3834,[2100.]
3835,[2100.]
3836,[1308.]
3837,[284.]
3838,[2100.]
3839,[476.]
3840,[2100.]
3841,[2100.]
3842,[2100.]
3843,[2100.]
3844,[2100.]
3845,[572.]
3846,[2100.]
3847,[2100.]
3848,[2100.]
3849,[2100.]
3850,[2100.]
3851,[2100.]
3852,[2100.]
3853,[764.]
3854,[2100.]
3855,[476.]
3856,[2100.]
3857,[1916.]
3858,[2100.]
3859,[700.]
3860,[380.]
3861,[2100.]
3862,[2100.]
3863,[2100.]
3864,[2100.]
3865,[444.]
3866,[2100.]
3867,[2100.]
3868,[2100.]
3869,[2100.]
3870,[2100.]
3871,[2100.]
3872,[2100.]
3873,[2100.]
3874,[2100.]
3875,[2100.]
3876,[2100.]
3877,[2100.]
3878,[764.]
3879,[2100.]
3880,[2100.]
3881,[2100.]
3882,[2100.]
3883,[380.]
3884,[2100.]
3885,[2100.]
3886,[892.]
3887,[1820.]
3888,[2100.]
3889,[2100.]
3890,[2100.]
3891,[2100.]
3892,[2100.]
3893,[2100.]
3894,[2100.]
3895,[636.]
3896,[2100.]
3897,[2100.]
3898,[2100.]
3899,[604.]
3900,[2100.]
3901,[2100.]
3902,[380.]
3903,[700.]
3904,[316.]
3905,[2100.]
3906,[2100.]
3907,[2100.]
3908,[2100.]
3909,[2100.]
3910,[2100.]
3911,[2100.]
3912,[2100.]
3913,[2100.]
3914,[348.]
3915,[2100.]
3916,[2100.]
3917,[348.]
3918,[2100.]
3919,[2100.]
3920,[2100.]
3921,[1180.]
3922,[2100.]
3923,[2100.]
3924,[2100.]
3925,[2100.]
3926,[956.]
3927,[2100.]
3928,[2100.]
3929,[476.]
3930,[892.]
3931,[2100.]
3932,[2100.]
3933,[2100.]
3934,[380.]
3935,[2100.]
3936,[2100.]
3937,[2100.]
3938,[2100.]
3939,[2100.]
3940,[1788.]
3941,[956.]
3942,[348.]
3943,[2100.]
3944,[1084.]
3945,[956.]
3946,[2100.]
3947,[2100.]
3948,[412.]
3949,[1724.]
3950,[1468.]
3951,[2100.]
3952,[380.]
3953,[2100.]
3954,[1180.]
3955,[2100.]
3956,[2100.]
3957,[2100.]
3958,[1724.]
3959,[2100.]
3960,[2100.]
3961,[2100.]
3962,[2100.]
3963,[2100.]
3964,[2100.]
3965,[2100.]
3966,[1948.]
3967,[2100.]
3968,[2100.]
3969,[700.]
3970,[2100.]
3971,[2100.]
3972,[2100.]
3973,[2100.]
3974,[2100.]
3975,[828.]
3976,[1116.]
3977,[2100.]
3978,[2100.]
3979,[2100.]
3980,[2100.]
3981,[2100.]
3982,[2100.]
3983,[2100.]
3984,[572.]
3985,[2100.]
3986,[1052.]
3987,[668.]
3988,[2100.]
3989,[1340.]
3990,[2100.]
3991,[1756.]
3992,[380.]
3993,[1628.]
3994,[2100.]
3995,[2100.]
3996,[2100.]
3997,[2100.]
3998,[2100.]
3999,[2100.]
4000,[2100.]
4001,[796.]
4002,[2100.]
4003,[2100.]
4004,[284.]
4005,[1692.]
4006,[412.]
4007,[2100.]
4008,[2100.]
4009,[2100.]
4010,[2100.]
4011,[2100.]
4012,[380.]
4013,[1084.]
4014,[380.]
4015,[476.]
4016,[2100.]
4017,[2100.]
4018,[508.]
4019,[2100.]
4020,[2100.]
4021,[1692.]
4022,[2100.]
4023,[2100.]
4024,[2100.]
4025,[2100.]
4026,[2100.]
4027,[1756.]
4028,[2100.]
4029,[2100.]
4030,[2100.]
4031,[2100.]
4032,[2100.]
4033,[2100.]
4034,[1980.]
4035,[1724.]
4036,[2100.]
4037,[668.]
4038,[284.]
4039,[2100.]
4040,[2100.]
4041,[284.]
4042,[2100.]
4043,[2100.]
4044,[2100.]
4045,[2100.]
4046,[2100.]
4047,[2100.]
4048,[2100.]
4049,[284.]
4050,[284.]
4051,[2100.]
4052,[2100.]
4053,[2100.]
4054,[2100.]
4055,[2100.]
4056,[668.]
4057,[1276.]
4058,[348.]
4059,[380.]
4060,[2100.]
4061,[508.]
4062,[2100.]
4063,[2100.]
4064,[604.]
4065,[668.]
4066,[2100.]
4067,[1564.]
4068,[380.]
4069,[2100.]
4070,[2100.]
4071,[924.]
4072,[2100.]
4073,[1404.]
4074,[444.]
4075,[380.]
4076,[2100.]
4077,[284.]
4078,[1180.]
4079,[2100.]
4080,[2100.]
4081,[2100.]
4082,[2100.]
4083,[2100.]
4084,[2100.]
4085,[2100.]
4086,[2100.]
4087,[2100.]
4088,[2100.]
4089,[2100.]
4090,[2100.]
4091,[444.]
4092,[2100.]
4093,[2100.]
4094,[2100.]
4095,[2100.]
4096,[2100.]
4097,[2100.]
4098,[2100.]
4099,[2100.]
4100,[2100.]
4101,[284.]
4102,[924.]
4103,[2100.]
4104,[2100.]
4105,[540.]
4106,[2100.]
4107,[700.]
4108,[540.]
4109,[2100.]
4110,[2100.]
4111,[380.]
4112,[2100.]
4113,[2100.]
4114,[1020.]
4115,[2100.]
4116,[2100.]
4117,[2100.]
4118,[2100.]
4119,[2100.]
4120,[2100.]
4121,[348.]
4122,[1788.]
4123,[2100.]
4124,[1404.]
4125,[732.]
4126,[2100.]
4127,[2100.]
4128,[2100.]
4129,[2100.]
4130,[2100.]
4131,[476.]
4132,[1724.]
4133,[2100.]
4134,[2100.]
4135,[2100.]
4136,[1148.]
4137,[924.]
4138,[1628.]
4139,[476.]
4140,[2100.]
4141,[2100.]
4142,[2100.]
4143,[2100.]
4144,[1084.]
4145,[2100.]
4146,[2100.]
4147,[2100.]
4148,[2100.]
4149,[1692.]
4150,[572.]
4151,[2100.]
4152,[1788.]
4153,[476.]
4154,[1532.]
4155,[2100.]
4156,[2100.]
4157,[2100.]
4158,[1244.]
4159,[476.]
4160,[1372.]
4161,[2100.]
4162,[1180.]
4163,[2100.]
4164,[796.]
4165,[380.]
4166,[380.]
4167,[2100.]
4168,[2100.]
4169,[2100.]
4170,[2100.]
4171,[1340.]
4172,[2100.]
4173,[1916.]
4174,[2100.]
4175,[476.]
4176,[2100.]
4177,[2100.]
4178,[2100.]
4179,[2100.]
4180,[444.]
4181,[2100.]
4182,[1340.]
4183,[2100.]
4184,[2100.]
4185,[2100.]
4186,[1020.]
4187,[1212.]
4188,[540.]
4189,[2100.]
4190,[2100.]
4191,[1052.]
4192,[668.]
4193,[1468.]
4194,[1308.]
4195,[2100.]
4196,[1916.]
4197,[2100.]
4198,[2100.]
4199,[2100.]
4200,[2100.]
4201,[2100.]
4202,[2100.]
4203,[2100.]
4204,[2100.]
4205,[2100.]
4206,[2100.]
4207,[2100.]
4208,[2100.]
4209,[2100.]
4210,[1916.]
4211,[2100.]
4212,[2100.]
4213,[284.]
4214,[2100.]
4215,[2100.]
4216,[2100.]
4217,[860.]
4218,[2100.]
4219,[2100.]
4220,[2100.]
4221,[1724.]
4222,[2100.]
4223,[1756.]
4224,[2100.]
4225,[2100.]
4226,[2100.]
4227,[1468.]
4228,[316.]
4229,[284.]
4230,[1820.]
4231,[2100.]
4232,[2100.]
4233,[2100.]
4234,[1212.]
4235,[2100.]
4236,[860.]
4237,[2100.]
4238,[956.]
4239,[2100.]
4240,[284.]
4241,[284.]
4242,[924.]
4243,[2100.]
4244,[2100.]
4245,[2100.]
4246,[476.]
4247,[2100.]
4248,[956.]
4249,[2100.]
4250,[2100.]
4251,[796.]
4252,[668.]
4253,[2100.]
4254,[2100.]
4255,[572.]
4256,[1948.]
4257,[284.]
4258,[2100.]
4259,[2100.]
4260,[1180.]
4261,[1404.]
4262,[284.]
4263,[1180.]
4264,[2100.]
4265,[2100.]
4266,[2100.]
4267,[284.]
4268,[380.]
4269,[2100.]
4270,[2100.]
4271,[2100.]
4272,[2100.]
4273,[2100.]
4274,[2100.]
4275,[1340.]
4276,[2100.]
4277,[2100.]
4278,[2100.]
4279,[2100.]
4280,[540.]
4281,[572.]
4282,[1116.]
4283,[2100.]
4284,[2100.]
4285,[2100.]
4286,[2100.]
4287,[284.]
4288,[2100.]
4289,[2100.]
4290,[380.]
4291,[2100.]
4292,[2100.]
4293,[2100.]
4294,[348.]
4295,[2100.]
4296,[2100.]
4297,[2100.]
4298,[2100.]
4299,[2100.]
4300,[1180.]
4301,[2100.]
4302,[476.]
4303,[2100.]
4304,[2100.]
4305,[2100.]
4306,[2100.]
4307,[2100.]
4308,[2100.]
4309,[2100.]
4310,[1852.]
4311,[348.]
4312,[1212.]
4313,[1532.]
4314,[2100.]
4315,[2100.]
4316,[2100.]
4317,[2100.]
4318,[828.]
4319,[2100.]
4320,[2100.]
4321,[2100.]
4322,[284.]
4323,[2100.]
4324,[2100.]
4325,[2100.]
4326,[2100.]
4327,[2100.]
4328,[2100.]
4329,[2100.]
4330,[2100.]
4331,[2100.]
4332,[2100.]
4333,[2100.]
4334,[2100.]
4335,[2100.]
4336,[2100.]
4337,[2100.]
4338,[572.]
4339,[764.]
4340,[476.]
4341,[1308.]
4342,[1500.]
4343,[2100.]
4344,[2100.]
4345,[2100.]
4346,[2100.]
4347,[796.]
4348,[2100.]
4349,[2100.]
4350,[2100.]
4351,[1660.]
4352,[2100.]
4353,[1564.]
4354,[2100.]
4355,[2100.]
4356,[2100.]
4357,[348.]
4358,[2100.]
4359,[2100.]
4360,[2100.]
4361,[2100.]
4362,[2100.]
4363,[2100.]
4364,[1468.]
4365,[2100.]
4366,[412.]
4367,[2100.]
4368,[2100.]
4369,[2100.]
4370,[2100.]
4371,[2100.]
4372,[2100.]
4373,[2100.]
4374,[764.]
4375,[2100.]
4376,[2100.]
4377,[2100.]
4378,[2100.]
4379,[2100.]
4380,[2100.]
4381,[2100.]
4382,[2100.]
4383,[2100.]
4384,[2100.]
4385,[476.]
4386,[1948.]
4387,[1212.]
4388,[2100.]
4389,[2100.]
4390,[380.]
4391,[2100.]
4392,[2100.]
4393,[2100.]
4394,[2100.]
4395,[2100.]
4396,[2100.]
4397,[2100.]
4398,[2100.]
4399,[2100.]
4400,[2100.]
4401,[2100.]
4402,[604.]
4403,[1468.]
4404,[2100.]
4405,[1788.]
4406,[2100.]
4407,[2100.]
4408,[2100.]
4409,[2100.]
4410,[2100.]
4411,[1244.]
4412,[2100.]
4413,[2100.]
4414,[2100.]
4415,[2100.]
4416,[284.]
4417,[2100.]
4418,[2100.]
4419,[2100.]
4420,[284.]
4421,[2100.]
4422,[380.]
4423,[2100.]
4424,[2100.]
4425,[2100.]
4426,[2100.]
4427,[2100.]
4428,[604.]
4429,[2100.]
4430,[1724.]
4431,[1148.]
4432,[1468.]
4433,[2100.]
4434,[860.]
4435,[2100.]
4436,[2100.]
4437,[2100.]
4438,[572.]
4439,[2100.]
4440,[1788.]
4441,[2100.]
4442,[2100.]
4443,[636.]
4444,[2100.]
4445,[2100.]
4446,[732.]
4447,[2100.]
4448,[2100.]
4449,[2100.]
4450,[2100.]
4451,[380.]
4452,[2100.]
4453,[2100.]
4454,[2100.]
4455,[2100.]
4456,[2100.]
4457,[2100.]
4458,[2100.]
4459,[1276.]
4460,[2100.]
4461,[1180.]
4462,[2100.]
4463,[2100.]
4464,[2100.]
4465,[1308.]
4466,[380.]
4467,[1020.]
4468,[988.]
4469,[572.]
4470,[2100.]
4471,[2100.]
4472,[2100.]
4473,[1532.]
4474,[284.]
4475,[2100.]
4476,[2100.]
4477,[2100.]
4478,[2100.]
4479,[2100.]
4480,[476.]
4481,[2100.]
4482,[2100.]
4483,[2100.]
4484,[380.]
4485,[2100.]
4486,[2100.]
4487,[1980.]
4488,[2100.]
4489,[2100.]
4490,[1052.]
4491,[2100.]
4492,[2100.]
4493,[2100.]
4494,[732.]
4495,[284.]
4496,[2100.]
4497,[2100.]
4498,[2100.]
4499,[2100.]
4500,[2100.]
4501,[2100.]
4502,[2100.]
4503,[412.]
4504,[604.]
4505,[732.]
4506,[732.]
4507,[2100.]
4508,[284.]
4509,[2100.]
4510,[988.]
4511,[2100.]
4512,[2100.]
4513,[1692.]
4514,[1596.]
4515,[380.]
4516,[2100.]
4517,[2100.]
4518,[2100.]
4519,[1820.]
4520,[2100.]
4521,[2100.]
4522,[2100.]
4523,[2100.]
4524,[1212.]
4525,[508.]
4526,[2100.]
4527,[2100.]
4528,[2100.]
4529,[2100.]
4530,[2100.]
4531,[2100.]
4532,[572.]
4533,[1788.]
4534,[2100.]
4535,[1692.]
4536,[1596.]
4537,[2100.]
4538,[2100.]
4539,[860.]
4540,[2100.]
4541,[2100.]
4542,[2100.]
4543,[2100.]
4544,[2100.]
4545,[2100.]
4546,[2100.]
4547,[2100.]
4548,[2100.]
4549,[2100.]
4550,[1116.]
4551,[2100.]
4552,[892.]
4553,[2100.]
4554,[2100.]
4555,[732.]
4556,[700.]
4557,[1180.]
4558,[2100.]
4559,[2100.]
4560,[476.]
4561,[2100.]
4562,[2100.]
4563,[2100.]
4564,[2100.]
4565,[284.]
4566,[2100.]
4567,[2100.]
4568,[508.]
4569,[2100.]
4570,[2100.]
4571,[668.]
4572,[412.]
4573,[2100.]
4574,[1980.]
4575,[2100.]
4576,[2100.]
4577,[892.]
4578,[2100.]
4579,[2100.]
4580,[1244.]
4581,[1372.]
4582,[412.]
4583,[2100.]
4584,[2100.]
4585,[2100.]
4586,[988.]
4587,[2100.]
4588,[1148.]
4589,[2100.]
4590,[2100.]
4591,[2100.]
4592,[1500.]
4593,[2100.]
4594,[2100.]
4595,[828.]
4596,[2100.]
4597,[2100.]
4598,[2100.]
4599,[2100.]
4600,[2100.]
4601,[2100.]
4602,[1884.]
4603,[700.]
4604,[2100.]
4605,[2100.]
4606,[2100.]
4607,[2100.]
4608,[2100.]
4609,[2100.]
4610,[2100.]
4611,[2100.]
4612,[2100.]
4613,[380.]
4614,[2100.]
4615,[2100.]
4616,[1436.]
4617,[2100.]
4618,[476.]
4619,[380.]
4620,[2100.]
4621,[380.]
4622,[380.]
4623,[1500.]
4624,[2100.]
4625,[2100.]
4626,[2100.]
4627,[2100.]
4628,[2100.]
4629,[2100.]
4630,[1148.]
4631,[2100.]
4632,[1404.]
4633,[2100.]
4634,[2100.]
4635,[2100.]
4636,[2100.]
4637,[2100.]
4638,[2100.]
4639,[1692.]
4640,[2100.]
4641,[1180.]
4642,[2100.]
4643,[2100.]
4644,[2100.]
4645,[2100.]
4646,[380.]
4647,[2100.]
4648,[860.]
4649,[2100.]
4650,[2100.]
4651,[2100.]
4652,[2100.]
4653,[2100.]
4654,[2100.]
4655,[540.]
4656,[2100.]
4657,[1916.]
4658,[2100.]
4659,[2100.]
4660,[2100.]
4661,[700.]
4662,[2100.]
4663,[636.]
4664,[316.]
4665,[2100.]
4666,[2100.]
4667,[2100.]
4668,[2100.]
4669,[2100.]
4670,[2100.]
4671,[2100.]
4672,[476.]
4673,[2100.]
4674,[2100.]
4675,[2100.]
4676,[2100.]
4677,[2100.]
4678,[2100.]
4679,[476.]
4680,[2100.]
4681,[1180.]
4682,[2100.]
4683,[1276.]
4684,[476.]
4685,[2100.]
4686,[380.]
4687,[2100.]
4688,[1564.]
4689,[2100.]
4690,[1692.]
4691,[2100.]
4692,[2100.]
4693,[284.]
4694,[2100.]
4695,[1948.]
4696,[2100.]
4697,[572.]
4698,[2100.]
4699,[2100.]
4700,[1628.]
4701,[2100.]
4702,[2100.]
4703,[2100.]
4704,[2100.]
4705,[764.]
4706,[1148.]
4707,[2100.]
4708,[1244.]
4709,[2100.]
4710,[2100.]
4711,[2100.]
4712,[2100.]
4713,[508.]
4714,[2100.]
4715,[2100.]
4716,[2100.]
4717,[2100.]
4718,[2100.]
4719,[668.]
4720,[284.]
4721,[2100.]
4722,[2100.]
4723,[2100.]
4724,[2100.]
4725,[2100.]
4726,[444.]
4727,[2100.]
4728,[2100.]
4729,[2100.]
4730,[2100.]
4731,[1628.]
4732,[1884.]
4733,[956.]
4734,[284.]
4735,[2100.]
4736,[2100.]
4737,[892.]
4738,[2100.]
4739,[2100.]
4740,[2100.]
4741,[2100.]
4742,[2100.]
4743,[2100.]
4744,[2100.]
4745,[2100.]
4746,[1596.]
4747,[2100.]
4748,[2100.]
4749,[2100.]
4750,[508.]
4751,[988.]
4752,[2100.]
4753,[2100.]
4754,[2100.]
4755,[572.]
4756,[2100.]
4757,[2100.]
4758,[2100.]
4759,[2100.]
4760,[1404.]
4761,[2100.]
4762,[540.]
4763,[2100.]
4764,[2100.]
4765,[2100.]
4766,[1916.]
4767,[2100.]
4768,[380.]
4769,[1340.]
4770,[2100.]
4771,[860.]
4772,[2100.]
4773,[348.]
4774,[2100.]
4775,[2100.]
4776,[2100.]
4777,[2100.]
4778,[1596.]
4779,[2100.]
4780,[380.]
4781,[2100.]
4782,[988.]
4783,[1852.]
4784,[2100.]
4785,[2100.]
4786,[284.]
4787,[2100.]
4788,[2100.]
4789,[2100.]
4790,[956.]
4791,[1020.]
4792,[2100.]
4793,[2100.]
4794,[668.]
4795,[2100.]
4796,[476.]
4797,[668.]
4798,[2100.]
4799,[508.]
4800,[2100.]
4801,[2100.]
4802,[636.]
4803,[2100.]
4804,[2100.]
4805,[2100.]
4806,[1276.]
4807,[2100.]
4808,[2100.]
4809,[2100.]
4810,[2100.]
4811,[668.]
4812,[2100.]
4813,[2100.]
4814,[1372.]
4815,[2100.]
4816,[2100.]
4817,[2100.]
4818,[2100.]
4819,[2100.]
4820,[2100.]
4821,[2100.]
4822,[2100.]
4823,[2100.]
4824,[2100.]
4825,[2100.]
4826,[2100.]
4827,[2100.]
4828,[2100.]
4829,[1180.]
4830,[2100.]
4831,[796.]
4832,[2100.]
4833,[1340.]
4834,[2100.]
4835,[796.]
4836,[284.]
4837,[2100.]
4838,[2100.]
4839,[1180.]
4840,[2100.]
4841,[2100.]
4842,[2100.]
4843,[2100.]
4844,[2100.]
4845,[1500.]
4846,[2100.]
4847,[348.]
4848,[2100.]
4849,[2100.]
4850,[2100.]
4851,[1756.]
4852,[2100.]
4853,[2100.]
4854,[2100.]
4855,[1820.]
4856,[2100.]
4857,[316.]
4858,[2100.]
4859,[2100.]
4860,[2100.]
4861,[2100.]
4862,[2100.]
4863,[2100.]
4864,[2100.]
4865,[2100.]
4866,[2100.]
4867,[284.]
4868,[2100.]
4869,[2100.]
4870,[2100.]
4871,[2100.]
4872,[2100.]
4873,[700.]
4874,[2100.]
4875,[572.]
4876,[2100.]
4877,[1692.]
4878,[2100.]
4879,[2100.]
4880,[1692.]
4881,[380.]
4882,[1820.]
4883,[2100.]
4884,[2100.]
4885,[1532.]
4886,[2100.]
4887,[1916.]
4888,[2100.]
4889,[2100.]
4890,[2100.]
4891,[2100.]
4892,[2100.]
4893,[2100.]
4894,[2100.]
4895,[2100.]
4896,[2100.]
4897,[2100.]
4898,[2100.]
4899,[2100.]
4900,[2100.]
4901,[2100.]
4902,[700.]
4903,[540.]
4904,[2100.]
4905,[284.]
4906,[2100.]
4907,[2100.]
4908,[2100.]
4909,[2100.]
4910,[2100.]
4911,[508.]
4912,[2100.]
4913,[2100.]
4914,[2100.]
4915,[2100.]
4916,[2100.]
4917,[2100.]
4918,[2100.]
4919,[2100.]
4920,[988.]
4921,[2100.]
4922,[2100.]
4923,[764.]
4924,[2100.]
4925,[2100.]
4926,[2100.]
4927,[2100.]
4928,[476.]
4929,[1468.]
4930,[2100.]
4931,[2100.]
4932,[2100.]
4933,[1756.]
4934,[284.]
4935,[380.]
4936,[2100.]
4937,[988.]
4938,[2100.]
4939,[988.]
4940,[2100.]
4941,[2100.]
4942,[2100.]
4943,[956.]
4944,[2100.]
4945,[2100.]
4946,[2100.]
4947,[2100.]
4948,[956.]
4949,[2100.]
4950,[1180.]
4951,[2100.]
4952,[2100.]
4953,[2100.]
4954,[2100.]
4955,[1340.]
4956,[2100.]
4957,[2100.]
4958,[2100.]
4959,[572.]
4960,[2100.]
4961,[2100.]
4962,[2100.]
4963,[2100.]
4964,[2100.]
4965,[2100.]
4966,[988.]
4967,[2100.]
4968,[2100.]
4969,[956.]
4970,[2100.]
4971,[2100.]
4972,[380.]
4973,[2100.]
4974,[1084.]
4975,[2100.]
4976,[1308.]
4977,[2100.]
4978,[2100.]
4979,[2100.]
4980,[2100.]
4981,[2100.]
4982,[2100.]
4983,[1308.]
4984,[1212.]
4985,[2100.]
4986,[2100.]
4987,[2100.]
4988,[2100.]
4989,[2100.]
4990,[2100.]
4991,[284.]
4992,[284.]
4993,[2100.]
4994,[796.]
4995,[2100.]
4996,[2100.]
4997,[2100.]
4998,[2100.]
4999,[1564.]
5000,[2100.]
