Episodio,Puntaje
1,[21.]
2,[26.]
3,[20.]
4,[30.]
5,[34.]
6,[27.]
7,[30.]
8,[25.]
9,[25.]
10,[20.]
11,[26.]
12,[26.]
13,[28.]
14,[21.]
15,[16.]
16,[15.]
17,[28.]
18,[26.]
19,[10.]
20,[17.]
21,[25.]
22,[32.]
23,[32.]
24,[23.]
25,[17.]
26,[21.]
27,[31.]
28,[17.]
29,[24.]
30,[25.]
31,[18.]
32,[26.]
33,[25.]
34,[30.]
35,[36.]
36,[36.]
37,[25.]
38,[20.]
39,[26.]
40,[26.]
41,[18.]
42,[19.]
43,[35.]
44,[24.]
45,[19.]
46,[10.]
47,[27.]
48,[19.]
49,[22.]
50,[22.]
51,[23.]
52,[27.]
53,[28.]
54,[23.]
55,[7.]
56,[26.]
57,[30.]
58,[22.]
59,[18.]
60,[27.]
61,[30.]
62,[20.]
63,[22.]
64,[16.]
65,[34.]
66,[25.]
67,[30.]
68,[26.]
69,[27.]
70,[28.]
71,[29.]
72,[23.]
73,[27.]
74,[11.]
75,[29.]
76,[15.]
77,[24.]
78,[23.]
79,[26.]
80,[23.]
81,[11.]
82,[23.]
83,[25.]
84,[24.]
85,[23.]
86,[23.]
87,[16.]
88,[30.]
89,[23.]
90,[23.]
91,[25.]
92,[20.]
93,[26.]
94,[27.]
95,[17.]
96,[22.]
97,[26.]
98,[24.]
99,[35.]
100,[29.]
101,[37.]
102,[28.]
103,[23.]
104,[25.]
105,[24.]
106,[18.]
107,[36.]
108,[29.]
109,[30.]
110,[27.]
111,[21.]
112,[20.]
113,[31.]
114,[23.]
115,[25.]
116,[32.]
117,[22.]
118,[36.]
119,[36.]
120,[17.]
121,[15.]
122,[22.]
123,[21.]
124,[21.]
125,[30.]
126,[35.]
127,[26.]
128,[30.]
129,[24.]
130,[30.]
131,[20.]
132,[25.]
133,[31.]
134,[20.]
135,[25.]
136,[12.]
137,[15.]
138,[27.]
139,[23.]
140,[24.]
141,[20.]
142,[27.]
143,[28.]
144,[28.]
145,[26.]
146,[23.]
147,[30.]
148,[27.]
149,[25.]
150,[18.]
151,[36.]
152,[25.]
153,[31.]
154,[27.]
155,[22.]
156,[22.]
157,[12.]
158,[25.]
159,[26.]
160,[41.]
161,[28.]
162,[30.]
163,[27.]
164,[27.]
165,[21.]
166,[12.]
167,[26.]
168,[32.]
169,[22.]
170,[10.]
171,[23.]
172,[21.]
173,[31.]
174,[16.]
175,[12.]
176,[23.]
177,[23.]
178,[24.]
179,[28.]
180,[26.]
181,[16.]
182,[19.]
183,[27.]
184,[14.]
185,[18.]
186,[21.]
187,[21.]
188,[18.]
189,[27.]
190,[31.]
191,[23.]
192,[24.]
193,[21.]
194,[21.]
195,[28.]
196,[28.]
197,[20.]
198,[27.]
199,[22.]
200,[17.]
201,[30.]
202,[15.]
203,[41.]
204,[35.]
205,[23.]
206,[24.]
207,[27.]
208,[25.]
209,[26.]
210,[16.]
211,[27.]
212,[16.]
213,[24.]
214,[30.]
215,[31.]
216,[32.]
217,[22.]
218,[24.]
219,[21.]
220,[20.]
221,[29.]
222,[22.]
223,[24.]
224,[26.]
225,[28.]
226,[28.]
227,[21.]
228,[35.]
229,[29.]
230,[32.]
231,[35.]
232,[21.]
233,[16.]
234,[19.]
235,[33.]
236,[23.]
237,[23.]
238,[29.]
239,[26.]
240,[30.]
241,[25.]
242,[27.]
243,[23.]
244,[25.]
245,[15.]
246,[15.]
247,[25.]
248,[10.]
249,[21.]
250,[26.]
251,[26.]
252,[30.]
253,[29.]
254,[22.]
255,[24.]
256,[23.]
257,[23.]
258,[26.]
259,[23.]
260,[23.]
261,[28.]
262,[28.]
263,[31.]
264,[34.]
265,[20.]
266,[24.]
267,[33.]
268,[21.]
269,[26.]
270,[15.]
271,[30.]
272,[22.]
273,[23.]
274,[21.]
275,[30.]
276,[33.]
277,[25.]
278,[19.]
279,[17.]
280,[26.]
281,[18.]
282,[27.]
283,[21.]
284,[28.]
285,[25.]
286,[35.]
287,[22.]
288,[22.]
289,[14.]
290,[19.]
291,[13.]
292,[24.]
293,[18.]
294,[14.]
295,[31.]
296,[26.]
297,[22.]
298,[26.]
299,[22.]
300,[25.]
301,[21.]
302,[25.]
303,[21.]
304,[31.]
305,[29.]
306,[15.]
307,[23.]
308,[16.]
309,[22.]
310,[29.]
311,[33.]
312,[22.]
313,[20.]
314,[31.]
315,[19.]
316,[34.]
317,[21.]
318,[24.]
319,[23.]
320,[28.]
321,[26.]
322,[21.]
323,[23.]
324,[37.]
325,[26.]
326,[27.]
327,[28.]
328,[25.]
329,[23.]
330,[25.]
331,[23.]
332,[32.]
333,[22.]
334,[30.]
335,[19.]
336,[25.]
337,[21.]
338,[30.]
339,[19.]
340,[18.]
341,[29.]
342,[26.]
343,[22.]
344,[15.]
345,[28.]
346,[21.]
347,[29.]
348,[42.]
349,[18.]
350,[22.]
351,[19.]
352,[26.]
353,[27.]
354,[25.]
355,[22.]
356,[20.]
357,[28.]
358,[31.]
359,[20.]
360,[32.]
361,[23.]
362,[25.]
363,[26.]
364,[22.]
365,[29.]
366,[27.]
367,[27.]
368,[28.]
369,[28.]
370,[23.]
371,[43.]
372,[12.]
373,[30.]
374,[23.]
375,[42.]
376,[23.]
377,[26.]
378,[34.]
379,[34.]
380,[27.]
381,[14.]
382,[20.]
383,[31.]
384,[32.]
385,[28.]
386,[38.]
387,[22.]
388,[20.]
389,[16.]
390,[21.]
391,[24.]
392,[20.]
393,[25.]
394,[24.]
395,[20.]
396,[27.]
397,[27.]
398,[34.]
399,[28.]
400,[25.]
401,[16.]
402,[17.]
403,[21.]
404,[19.]
405,[20.]
406,[13.]
407,[24.]
408,[23.]
409,[19.]
410,[11.]
411,[31.]
412,[20.]
413,[24.]
414,[26.]
415,[28.]
416,[20.]
417,[25.]
418,[22.]
419,[27.]
420,[37.]
421,[14.]
422,[18.]
423,[33.]
424,[22.]
425,[30.]
426,[27.]
427,[16.]
428,[31.]
429,[20.]
430,[30.]
431,[22.]
432,[20.]
433,[25.]
434,[31.]
435,[29.]
436,[34.]
437,[25.]
438,[36.]
439,[21.]
440,[17.]
441,[14.]
442,[26.]
443,[17.]
444,[23.]
445,[33.]
446,[26.]
447,[13.]
448,[28.]
449,[27.]
450,[30.]
451,[19.]
452,[32.]
453,[19.]
454,[27.]
455,[25.]
456,[18.]
457,[22.]
458,[12.]
459,[22.]
460,[24.]
461,[16.]
462,[22.]
463,[23.]
464,[39.]
465,[20.]
466,[16.]
467,[22.]
468,[34.]
469,[30.]
470,[27.]
471,[30.]
472,[22.]
473,[21.]
474,[26.]
475,[26.]
476,[30.]
477,[12.]
478,[24.]
479,[28.]
480,[29.]
481,[23.]
482,[22.]
483,[29.]
484,[20.]
485,[23.]
486,[16.]
487,[34.]
488,[31.]
489,[9.]
490,[24.]
491,[18.]
492,[19.]
493,[24.]
494,[24.]
495,[26.]
496,[22.]
497,[25.]
498,[16.]
499,[29.]
500,[24.]
501,[11.]
502,[22.]
503,[17.]
504,[21.]
505,[31.]
506,[20.]
507,[30.]
508,[22.]
509,[25.]
510,[22.]
511,[32.]
512,[20.]
513,[28.]
514,[29.]
515,[25.]
516,[26.]
517,[19.]
518,[24.]
519,[38.]
520,[18.]
521,[20.]
522,[16.]
523,[23.]
524,[28.]
525,[25.]
526,[41.]
527,[25.]
528,[25.]
529,[17.]
530,[23.]
531,[14.]
532,[30.]
533,[27.]
534,[23.]
535,[24.]
536,[18.]
537,[29.]
538,[15.]
539,[26.]
540,[27.]
541,[24.]
542,[25.]
543,[30.]
544,[25.]
545,[29.]
546,[21.]
547,[28.]
548,[18.]
549,[26.]
550,[21.]
551,[24.]
552,[27.]
553,[31.]
554,[26.]
555,[16.]
556,[20.]
557,[29.]
558,[23.]
559,[18.]
560,[24.]
561,[23.]
562,[29.]
563,[29.]
564,[27.]
565,[24.]
566,[24.]
567,[24.]
568,[11.]
569,[23.]
570,[25.]
571,[14.]
572,[37.]
573,[18.]
574,[26.]
575,[22.]
576,[26.]
577,[27.]
578,[22.]
579,[15.]
580,[27.]
581,[24.]
582,[22.]
583,[26.]
584,[19.]
585,[14.]
586,[22.]
587,[20.]
588,[22.]
589,[27.]
590,[18.]
591,[22.]
592,[27.]
593,[23.]
594,[28.]
595,[19.]
596,[19.]
597,[20.]
598,[21.]
599,[34.]
600,[28.]
601,[16.]
602,[22.]
603,[22.]
604,[24.]
605,[27.]
606,[30.]
607,[20.]
608,[25.]
609,[22.]
610,[15.]
611,[24.]
612,[20.]
613,[14.]
614,[37.]
615,[23.]
616,[31.]
617,[31.]
618,[26.]
619,[32.]
620,[19.]
621,[27.]
622,[29.]
623,[28.]
624,[26.]
625,[19.]
626,[31.]
627,[23.]
628,[25.]
629,[22.]
630,[23.]
631,[36.]
632,[27.]
633,[27.]
634,[23.]
635,[20.]
636,[27.]
637,[12.]
638,[16.]
639,[20.]
640,[25.]
641,[32.]
642,[22.]
643,[16.]
644,[22.]
645,[27.]
646,[27.]
647,[25.]
648,[21.]
649,[13.]
650,[9.]
651,[24.]
652,[35.]
653,[14.]
654,[25.]
655,[35.]
656,[25.]
657,[23.]
658,[34.]
659,[20.]
660,[21.]
661,[29.]
662,[27.]
663,[23.]
664,[25.]
665,[20.]
666,[21.]
667,[17.]
668,[24.]
669,[14.]
670,[24.]
671,[21.]
672,[27.]
673,[37.]
674,[21.]
675,[26.]
676,[32.]
677,[21.]
678,[21.]
679,[25.]
680,[26.]
681,[21.]
682,[21.]
683,[26.]
684,[25.]
685,[20.]
686,[19.]
687,[28.]
688,[22.]
689,[27.]
690,[28.]
691,[18.]
692,[22.]
693,[22.]
694,[11.]
695,[20.]
696,[31.]
697,[25.]
698,[23.]
699,[19.]
700,[28.]
701,[31.]
702,[14.]
703,[29.]
704,[31.]
705,[29.]
706,[23.]
707,[21.]
708,[22.]
709,[29.]
710,[25.]
711,[7.]
712,[43.]
713,[27.]
714,[11.]
715,[25.]
716,[22.]
717,[16.]
718,[27.]
719,[20.]
720,[24.]
721,[33.]
722,[14.]
723,[32.]
724,[24.]
725,[24.]
726,[31.]
727,[37.]
728,[21.]
729,[19.]
730,[23.]
731,[19.]
732,[22.]
733,[24.]
734,[25.]
735,[29.]
736,[18.]
737,[20.]
738,[29.]
739,[19.]
740,[25.]
741,[30.]
742,[19.]
743,[19.]
744,[28.]
745,[20.]
746,[13.]
747,[30.]
748,[16.]
749,[28.]
750,[22.]
751,[19.]
752,[29.]
753,[9.]
754,[21.]
755,[25.]
756,[12.]
757,[33.]
758,[25.]
759,[27.]
760,[27.]
761,[27.]
762,[22.]
763,[26.]
764,[24.]
765,[18.]
766,[24.]
767,[24.]
768,[18.]
769,[22.]
770,[23.]
771,[31.]
772,[25.]
773,[27.]
774,[27.]
775,[31.]
776,[23.]
777,[22.]
778,[20.]
779,[23.]
780,[32.]
781,[25.]
782,[11.]
783,[23.]
784,[25.]
785,[23.]
786,[32.]
787,[22.]
788,[28.]
789,[26.]
790,[36.]
791,[26.]
792,[23.]
793,[32.]
794,[31.]
795,[14.]
796,[30.]
797,[35.]
798,[26.]
799,[35.]
800,[29.]
801,[21.]
802,[35.]
803,[24.]
804,[27.]
805,[29.]
806,[20.]
807,[28.]
808,[28.]
809,[37.]
810,[20.]
811,[26.]
812,[20.]
813,[28.]
814,[33.]
815,[21.]
816,[29.]
817,[25.]
818,[39.]
819,[26.]
820,[26.]
821,[22.]
822,[36.]
823,[27.]
824,[29.]
825,[36.]
826,[25.]
827,[19.]
828,[26.]
829,[28.]
830,[16.]
831,[23.]
832,[12.]
833,[16.]
834,[20.]
835,[23.]
836,[32.]
837,[11.]
838,[26.]
839,[22.]
840,[30.]
841,[28.]
842,[30.]
843,[37.]
844,[19.]
845,[22.]
846,[24.]
847,[20.]
848,[24.]
849,[21.]
850,[29.]
851,[24.]
852,[29.]
853,[28.]
854,[28.]
855,[27.]
856,[30.]
857,[26.]
858,[24.]
859,[19.]
860,[32.]
861,[24.]
862,[27.]
863,[23.]
864,[31.]
865,[15.]
866,[21.]
867,[33.]
868,[26.]
869,[25.]
870,[23.]
871,[27.]
872,[22.]
873,[27.]
874,[28.]
875,[29.]
876,[10.]
877,[22.]
878,[25.]
879,[22.]
880,[34.]
881,[31.]
882,[21.]
883,[28.]
884,[21.]
885,[22.]
886,[23.]
887,[22.]
888,[22.]
889,[18.]
890,[18.]
891,[19.]
892,[24.]
893,[28.]
894,[25.]
895,[19.]
896,[23.]
897,[15.]
898,[15.]
899,[18.]
900,[36.]
901,[21.]
902,[25.]
903,[28.]
904,[31.]
905,[21.]
906,[22.]
907,[21.]
908,[27.]
909,[30.]
910,[29.]
911,[24.]
912,[33.]
913,[31.]
914,[25.]
915,[31.]
916,[28.]
917,[32.]
918,[18.]
919,[25.]
920,[32.]
921,[20.]
922,[29.]
923,[30.]
924,[24.]
925,[27.]
926,[27.]
927,[24.]
928,[20.]
929,[27.]
930,[25.]
931,[18.]
932,[20.]
933,[25.]
934,[17.]
935,[40.]
936,[29.]
937,[22.]
938,[30.]
939,[18.]
940,[22.]
941,[18.]
942,[15.]
943,[26.]
944,[28.]
945,[23.]
946,[20.]
947,[28.]
948,[32.]
949,[29.]
950,[20.]
951,[33.]
952,[24.]
953,[24.]
954,[12.]
955,[23.]
956,[24.]
957,[21.]
958,[19.]
959,[15.]
960,[26.]
961,[21.]
962,[21.]
963,[18.]
964,[34.]
965,[22.]
966,[29.]
967,[31.]
968,[29.]
969,[35.]
970,[26.]
971,[30.]
972,[14.]
973,[16.]
974,[29.]
975,[33.]
976,[28.]
977,[15.]
978,[24.]
979,[32.]
980,[28.]
981,[21.]
982,[24.]
983,[25.]
984,[22.]
985,[18.]
986,[31.]
987,[22.]
988,[34.]
989,[26.]
990,[16.]
991,[31.]
992,[22.]
993,[25.]
994,[22.]
995,[28.]
996,[21.]
997,[24.]
998,[20.]
999,[25.]
1000,[33.]
1001,[24.]
1002,[25.]
1003,[23.]
1004,[25.]
1005,[14.]
1006,[19.]
1007,[31.]
1008,[28.]
1009,[10.]
1010,[25.]
1011,[32.]
1012,[29.]
1013,[19.]
1014,[18.]
1015,[23.]
1016,[29.]
1017,[20.]
1018,[26.]
1019,[16.]
1020,[22.]
1021,[29.]
1022,[30.]
1023,[17.]
1024,[11.]
1025,[39.]
1026,[20.]
1027,[24.]
1028,[30.]
1029,[23.]
1030,[19.]
1031,[20.]
1032,[24.]
1033,[27.]
1034,[13.]
1035,[27.]
1036,[33.]
1037,[18.]
1038,[28.]
1039,[25.]
1040,[26.]
1041,[29.]
1042,[13.]
1043,[27.]
1044,[21.]
1045,[16.]
1046,[31.]
1047,[27.]
1048,[15.]
1049,[27.]
1050,[22.]
1051,[25.]
1052,[30.]
1053,[22.]
1054,[21.]
1055,[22.]
1056,[30.]
1057,[18.]
1058,[12.]
1059,[21.]
1060,[26.]
1061,[13.]
1062,[26.]
1063,[27.]
1064,[26.]
1065,[27.]
1066,[40.]
1067,[21.]
1068,[24.]
1069,[30.]
1070,[22.]
1071,[22.]
1072,[17.]
1073,[28.]
1074,[28.]
1075,[21.]
1076,[20.]
1077,[24.]
1078,[20.]
1079,[29.]
1080,[32.]
1081,[19.]
1082,[25.]
1083,[28.]
1084,[22.]
1085,[19.]
1086,[19.]
1087,[34.]
1088,[19.]
1089,[27.]
1090,[23.]
1091,[26.]
1092,[17.]
1093,[21.]
1094,[20.]
1095,[21.]
1096,[28.]
1097,[28.]
1098,[26.]
1099,[22.]
1100,[32.]
1101,[19.]
1102,[23.]
1103,[27.]
1104,[20.]
1105,[16.]
1106,[20.]
1107,[30.]
1108,[39.]
1109,[24.]
1110,[15.]
1111,[32.]
1112,[33.]
1113,[28.]
1114,[22.]
1115,[28.]
1116,[38.]
1117,[22.]
1118,[31.]
1119,[28.]
1120,[30.]
1121,[32.]
1122,[33.]
1123,[27.]
1124,[24.]
1125,[30.]
1126,[19.]
1127,[29.]
1128,[27.]
1129,[16.]
1130,[19.]
1131,[22.]
1132,[23.]
1133,[21.]
1134,[23.]
1135,[18.]
1136,[16.]
1137,[28.]
1138,[21.]
1139,[26.]
1140,[22.]
1141,[31.]
1142,[23.]
1143,[21.]
1144,[26.]
1145,[25.]
1146,[22.]
1147,[20.]
1148,[34.]
1149,[33.]
1150,[22.]
1151,[16.]
1152,[29.]
1153,[25.]
1154,[24.]
1155,[36.]
1156,[21.]
1157,[28.]
1158,[25.]
1159,[29.]
1160,[21.]
1161,[26.]
1162,[23.]
1163,[35.]
1164,[31.]
1165,[25.]
1166,[29.]
1167,[20.]
1168,[23.]
1169,[25.]
1170,[28.]
1171,[25.]
1172,[18.]
1173,[20.]
1174,[25.]
1175,[23.]
1176,[19.]
1177,[30.]
1178,[22.]
1179,[27.]
1180,[21.]
1181,[23.]
1182,[30.]
1183,[28.]
1184,[25.]
1185,[20.]
1186,[14.]
1187,[19.]
1188,[23.]
1189,[24.]
1190,[21.]
1191,[33.]
1192,[23.]
1193,[25.]
1194,[20.]
1195,[20.]
1196,[33.]
1197,[18.]
1198,[23.]
1199,[27.]
1200,[23.]
1201,[28.]
1202,[23.]
1203,[20.]
1204,[20.]
1205,[25.]
1206,[36.]
1207,[24.]
1208,[26.]
1209,[22.]
1210,[21.]
1211,[24.]
1212,[24.]
1213,[27.]
1214,[26.]
1215,[18.]
1216,[21.]
1217,[26.]
1218,[35.]
1219,[24.]
1220,[14.]
1221,[27.]
1222,[21.]
1223,[9.]
1224,[26.]
1225,[23.]
1226,[33.]
1227,[32.]
1228,[19.]
1229,[28.]
1230,[28.]
1231,[23.]
1232,[23.]
1233,[28.]
1234,[29.]
1235,[19.]
1236,[23.]
1237,[24.]
1238,[24.]
1239,[20.]
1240,[26.]
1241,[27.]
1242,[21.]
1243,[25.]
1244,[26.]
1245,[17.]
1246,[33.]
1247,[31.]
1248,[39.]
1249,[16.]
1250,[16.]
1251,[24.]
1252,[28.]
1253,[30.]
1254,[26.]
1255,[25.]
1256,[19.]
1257,[26.]
1258,[22.]
1259,[33.]
1260,[15.]
1261,[27.]
1262,[23.]
1263,[11.]
1264,[23.]
1265,[21.]
1266,[24.]
1267,[15.]
1268,[32.]
1269,[21.]
1270,[25.]
1271,[34.]
1272,[21.]
1273,[31.]
1274,[30.]
1275,[33.]
1276,[32.]
1277,[16.]
1278,[27.]
1279,[19.]
1280,[26.]
1281,[32.]
1282,[26.]
1283,[30.]
1284,[14.]
1285,[22.]
1286,[23.]
1287,[25.]
1288,[29.]
1289,[20.]
1290,[25.]
1291,[34.]
1292,[26.]
1293,[23.]
1294,[27.]
1295,[25.]
1296,[21.]
1297,[35.]
1298,[26.]
1299,[31.]
1300,[31.]
1301,[8.]
1302,[18.]
1303,[25.]
1304,[19.]
1305,[24.]
1306,[33.]
1307,[31.]
1308,[28.]
1309,[23.]
1310,[21.]
1311,[19.]
1312,[18.]
1313,[19.]
1314,[33.]
1315,[25.]
1316,[30.]
1317,[33.]
1318,[26.]
1319,[28.]
1320,[31.]
1321,[24.]
1322,[16.]
1323,[24.]
1324,[21.]
1325,[29.]
1326,[30.]
1327,[21.]
1328,[24.]
1329,[26.]
1330,[22.]
1331,[21.]
1332,[23.]
1333,[20.]
1334,[21.]
1335,[14.]
1336,[25.]
1337,[6.]
1338,[23.]
1339,[21.]
1340,[32.]
1341,[24.]
1342,[25.]
1343,[27.]
1344,[19.]
1345,[21.]
1346,[25.]
1347,[23.]
1348,[30.]
1349,[22.]
1350,[29.]
1351,[22.]
1352,[30.]
1353,[23.]
1354,[22.]
1355,[22.]
1356,[18.]
1357,[26.]
1358,[18.]
1359,[17.]
1360,[20.]
1361,[20.]
1362,[26.]
1363,[32.]
1364,[19.]
1365,[24.]
1366,[18.]
1367,[21.]
1368,[12.]
1369,[31.]
1370,[20.]
1371,[18.]
1372,[31.]
1373,[19.]
1374,[20.]
1375,[27.]
1376,[15.]
1377,[25.]
1378,[33.]
1379,[22.]
1380,[22.]
1381,[24.]
1382,[26.]
1383,[37.]
1384,[24.]
1385,[18.]
1386,[24.]
1387,[20.]
1388,[27.]
1389,[16.]
1390,[20.]
1391,[25.]
1392,[15.]
1393,[25.]
1394,[19.]
1395,[18.]
1396,[27.]
1397,[26.]
1398,[27.]
1399,[11.]
1400,[18.]
1401,[25.]
1402,[33.]
1403,[23.]
1404,[38.]
1405,[18.]
1406,[30.]
1407,[22.]
1408,[23.]
1409,[31.]
1410,[20.]
1411,[19.]
1412,[26.]
1413,[21.]
1414,[31.]
1415,[30.]
1416,[30.]
1417,[31.]
1418,[16.]
1419,[34.]
1420,[17.]
1421,[17.]
1422,[18.]
1423,[27.]
1424,[15.]
1425,[37.]
1426,[21.]
1427,[22.]
1428,[28.]
1429,[31.]
1430,[20.]
1431,[10.]
1432,[26.]
1433,[22.]
1434,[23.]
1435,[31.]
1436,[18.]
1437,[32.]
1438,[26.]
1439,[24.]
1440,[28.]
1441,[30.]
1442,[18.]
1443,[27.]
1444,[24.]
1445,[17.]
1446,[23.]
1447,[33.]
1448,[23.]
1449,[22.]
1450,[28.]
1451,[21.]
1452,[28.]
1453,[21.]
1454,[26.]
1455,[24.]
1456,[21.]
1457,[31.]
1458,[26.]
1459,[29.]
1460,[24.]
1461,[26.]
1462,[20.]
1463,[23.]
1464,[18.]
1465,[27.]
1466,[33.]
1467,[16.]
1468,[19.]
1469,[30.]
1470,[30.]
1471,[28.]
1472,[9.]
1473,[21.]
1474,[35.]
1475,[22.]
1476,[32.]
1477,[17.]
1478,[24.]
1479,[27.]
1480,[26.]
1481,[16.]
1482,[20.]
1483,[18.]
1484,[28.]
1485,[33.]
1486,[21.]
1487,[23.]
1488,[20.]
1489,[25.]
1490,[23.]
1491,[25.]
1492,[24.]
1493,[20.]
1494,[18.]
1495,[30.]
1496,[26.]
1497,[33.]
1498,[28.]
1499,[20.]
1500,[16.]
1501,[21.]
1502,[24.]
1503,[11.]
1504,[24.]
1505,[12.]
1506,[25.]
1507,[14.]
1508,[38.]
1509,[36.]
1510,[25.]
1511,[15.]
1512,[22.]
1513,[25.]
1514,[20.]
1515,[22.]
1516,[24.]
1517,[20.]
1518,[15.]
1519,[23.]
1520,[28.]
1521,[18.]
1522,[23.]
1523,[26.]
1524,[25.]
1525,[13.]
1526,[28.]
1527,[15.]
1528,[12.]
1529,[26.]
1530,[23.]
1531,[24.]
1532,[18.]
1533,[23.]
1534,[19.]
1535,[25.]
1536,[13.]
1537,[27.]
1538,[24.]
1539,[24.]
1540,[29.]
1541,[26.]
1542,[26.]
1543,[14.]
1544,[32.]
1545,[18.]
1546,[14.]
1547,[23.]
1548,[18.]
1549,[27.]
1550,[23.]
1551,[21.]
1552,[25.]
1553,[25.]
1554,[27.]
1555,[19.]
1556,[25.]
1557,[29.]
1558,[21.]
1559,[24.]
1560,[27.]
1561,[24.]
1562,[20.]
1563,[29.]
1564,[22.]
1565,[20.]
1566,[23.]
1567,[28.]
1568,[26.]
1569,[34.]
1570,[23.]
1571,[19.]
1572,[28.]
1573,[24.]
1574,[34.]
1575,[27.]
1576,[19.]
1577,[21.]
1578,[25.]
1579,[31.]
1580,[29.]
1581,[30.]
1582,[24.]
1583,[19.]
1584,[32.]
1585,[26.]
1586,[22.]
1587,[22.]
1588,[26.]
1589,[19.]
1590,[15.]
1591,[22.]
1592,[16.]
1593,[22.]
1594,[24.]
1595,[27.]
1596,[26.]
1597,[31.]
1598,[34.]
1599,[26.]
1600,[21.]
1601,[29.]
1602,[22.]
1603,[25.]
1604,[21.]
1605,[20.]
1606,[28.]
1607,[18.]
1608,[29.]
1609,[36.]
1610,[18.]
1611,[27.]
1612,[22.]
1613,[11.]
1614,[17.]
1615,[31.]
1616,[32.]
1617,[22.]
1618,[16.]
1619,[23.]
1620,[26.]
1621,[22.]
1622,[26.]
1623,[23.]
1624,[29.]
1625,[35.]
1626,[25.]
1627,[23.]
1628,[27.]
1629,[26.]
1630,[32.]
1631,[29.]
1632,[30.]
1633,[30.]
1634,[30.]
1635,[26.]
1636,[28.]
1637,[31.]
1638,[34.]
1639,[17.]
1640,[19.]
1641,[28.]
1642,[21.]
1643,[26.]
1644,[25.]
1645,[24.]
1646,[25.]
1647,[28.]
1648,[29.]
1649,[24.]
1650,[24.]
1651,[21.]
1652,[19.]
1653,[33.]
1654,[27.]
1655,[24.]
1656,[17.]
1657,[25.]
1658,[18.]
1659,[22.]
1660,[25.]
1661,[20.]
1662,[27.]
1663,[21.]
1664,[25.]
1665,[19.]
1666,[21.]
1667,[25.]
1668,[18.]
1669,[34.]
1670,[23.]
1671,[22.]
1672,[22.]
1673,[27.]
1674,[27.]
1675,[22.]
1676,[22.]
1677,[29.]
1678,[20.]
1679,[38.]
1680,[25.]
1681,[18.]
1682,[22.]
1683,[25.]
1684,[27.]
1685,[14.]
1686,[25.]
1687,[22.]
1688,[12.]
1689,[14.]
1690,[18.]
1691,[18.]
1692,[27.]
1693,[15.]
1694,[30.]
1695,[22.]
1696,[10.]
1697,[26.]
1698,[17.]
1699,[25.]
1700,[38.]
1701,[29.]
1702,[26.]
1703,[30.]
1704,[24.]
1705,[30.]
1706,[21.]
1707,[25.]
1708,[28.]
1709,[24.]
1710,[25.]
1711,[16.]
1712,[17.]
1713,[21.]
1714,[24.]
1715,[23.]
1716,[29.]
1717,[21.]
1718,[31.]
1719,[34.]
1720,[16.]
1721,[16.]
1722,[25.]
1723,[23.]
1724,[30.]
1725,[31.]
1726,[27.]
1727,[18.]
1728,[29.]
1729,[32.]
1730,[11.]
1731,[24.]
1732,[28.]
1733,[28.]
1734,[15.]
1735,[28.]
1736,[24.]
1737,[28.]
1738,[41.]
1739,[28.]
1740,[40.]
1741,[26.]
1742,[35.]
1743,[19.]
1744,[20.]
1745,[20.]
1746,[28.]
1747,[23.]
1748,[23.]
1749,[17.]
1750,[31.]
1751,[28.]
1752,[20.]
1753,[17.]
1754,[26.]
1755,[16.]
1756,[22.]
1757,[26.]
1758,[18.]
1759,[31.]
1760,[24.]
1761,[21.]
1762,[25.]
1763,[21.]
1764,[26.]
1765,[23.]
1766,[20.]
1767,[11.]
1768,[30.]
1769,[27.]
1770,[17.]
1771,[23.]
1772,[10.]
1773,[20.]
1774,[24.]
1775,[19.]
1776,[13.]
1777,[20.]
1778,[29.]
1779,[23.]
1780,[17.]
1781,[24.]
1782,[32.]
1783,[24.]
1784,[24.]
1785,[6.]
1786,[23.]
1787,[25.]
1788,[26.]
1789,[24.]
1790,[14.]
1791,[18.]
1792,[21.]
1793,[23.]
1794,[29.]
1795,[30.]
1796,[23.]
1797,[25.]
1798,[36.]
1799,[26.]
1800,[16.]
1801,[30.]
1802,[27.]
1803,[21.]
1804,[15.]
1805,[24.]
1806,[23.]
1807,[22.]
1808,[26.]
1809,[20.]
1810,[22.]
1811,[25.]
1812,[21.]
1813,[25.]
1814,[25.]
1815,[25.]
1816,[13.]
1817,[30.]
1818,[22.]
1819,[17.]
1820,[27.]
1821,[25.]
1822,[22.]
1823,[20.]
1824,[25.]
1825,[21.]
1826,[11.]
1827,[29.]
1828,[28.]
1829,[31.]
1830,[21.]
1831,[34.]
1832,[30.]
1833,[20.]
1834,[24.]
1835,[23.]
1836,[31.]
1837,[28.]
1838,[22.]
1839,[19.]
1840,[26.]
1841,[35.]
1842,[11.]
1843,[23.]
1844,[28.]
1845,[17.]
1846,[24.]
1847,[21.]
1848,[30.]
1849,[30.]
1850,[28.]
1851,[35.]
1852,[29.]
1853,[31.]
1854,[30.]
1855,[26.]
1856,[21.]
1857,[23.]
1858,[24.]
1859,[19.]
1860,[32.]
1861,[29.]
1862,[32.]
1863,[24.]
1864,[25.]
1865,[31.]
1866,[30.]
1867,[24.]
1868,[17.]
1869,[24.]
1870,[29.]
1871,[22.]
1872,[17.]
1873,[21.]
1874,[20.]
1875,[30.]
1876,[28.]
1877,[24.]
1878,[28.]
1879,[25.]
1880,[18.]
1881,[22.]
1882,[19.]
1883,[24.]
1884,[30.]
1885,[22.]
1886,[18.]
1887,[21.]
1888,[16.]
1889,[24.]
1890,[23.]
1891,[16.]
1892,[20.]
1893,[19.]
1894,[37.]
1895,[28.]
1896,[17.]
1897,[22.]
1898,[24.]
1899,[28.]
1900,[24.]
1901,[31.]
1902,[26.]
1903,[27.]
1904,[27.]
1905,[24.]
1906,[29.]
1907,[19.]
1908,[26.]
1909,[21.]
1910,[28.]
1911,[25.]
1912,[33.]
1913,[21.]
1914,[23.]
1915,[26.]
1916,[19.]
1917,[16.]
1918,[36.]
1919,[21.]
1920,[21.]
1921,[23.]
1922,[28.]
1923,[28.]
1924,[34.]
1925,[22.]
1926,[25.]
1927,[23.]
1928,[27.]
1929,[26.]
1930,[21.]
1931,[30.]
1932,[20.]
1933,[28.]
1934,[19.]
1935,[21.]
1936,[21.]
1937,[29.]
1938,[29.]
1939,[25.]
1940,[16.]
1941,[25.]
1942,[21.]
1943,[13.]
1944,[19.]
1945,[24.]
1946,[28.]
1947,[16.]
1948,[23.]
1949,[32.]
1950,[15.]
1951,[35.]
1952,[29.]
1953,[10.]
1954,[28.]
1955,[21.]
1956,[22.]
1957,[26.]
1958,[25.]
1959,[35.]
1960,[21.]
1961,[23.]
1962,[15.]
1963,[26.]
1964,[20.]
1965,[32.]
1966,[23.]
1967,[28.]
1968,[31.]
1969,[12.]
1970,[22.]
1971,[9.]
1972,[28.]
1973,[28.]
1974,[27.]
1975,[27.]
1976,[30.]
1977,[26.]
1978,[30.]
1979,[33.]
1980,[20.]
1981,[28.]
1982,[21.]
1983,[27.]
1984,[15.]
1985,[17.]
1986,[8.]
1987,[21.]
1988,[24.]
1989,[25.]
1990,[28.]
1991,[24.]
1992,[24.]
1993,[25.]
1994,[27.]
1995,[32.]
1996,[24.]
1997,[34.]
1998,[24.]
1999,[31.]
2000,[34.]
2001,[23.]
2002,[18.]
2003,[14.]
2004,[21.]
2005,[26.]
2006,[24.]
2007,[20.]
2008,[29.]
2009,[25.]
2010,[19.]
2011,[30.]
2012,[32.]
2013,[20.]
2014,[33.]
2015,[25.]
2016,[34.]
2017,[28.]
2018,[29.]
2019,[14.]
2020,[17.]
2021,[25.]
2022,[28.]
2023,[23.]
2024,[19.]
2025,[27.]
2026,[30.]
2027,[19.]
2028,[31.]
2029,[34.]
2030,[27.]
2031,[19.]
2032,[28.]
2033,[22.]
2034,[20.]
2035,[25.]
2036,[14.]
2037,[20.]
2038,[21.]
2039,[30.]
2040,[22.]
2041,[25.]
2042,[27.]
2043,[31.]
2044,[28.]
2045,[21.]
2046,[11.]
2047,[28.]
2048,[24.]
2049,[33.]
2050,[23.]
2051,[14.]
2052,[35.]
2053,[17.]
2054,[20.]
2055,[10.]
2056,[15.]
2057,[26.]
2058,[22.]
2059,[25.]
2060,[25.]
2061,[24.]
2062,[22.]
2063,[26.]
2064,[20.]
2065,[19.]
2066,[14.]
2067,[25.]
2068,[21.]
2069,[26.]
2070,[26.]
2071,[34.]
2072,[19.]
2073,[17.]
2074,[20.]
2075,[27.]
2076,[19.]
2077,[35.]
2078,[30.]
2079,[10.]
2080,[17.]
2081,[22.]
2082,[28.]
2083,[16.]
2084,[28.]
2085,[31.]
2086,[24.]
2087,[24.]
2088,[21.]
2089,[18.]
2090,[38.]
2091,[23.]
2092,[31.]
2093,[39.]
2094,[21.]
2095,[17.]
2096,[18.]
2097,[18.]
2098,[20.]
2099,[30.]
2100,[23.]
2101,[20.]
2102,[24.]
2103,[15.]
2104,[27.]
2105,[31.]
2106,[13.]
2107,[36.]
2108,[21.]
2109,[34.]
2110,[27.]
2111,[21.]
2112,[29.]
2113,[24.]
2114,[26.]
2115,[25.]
2116,[30.]
2117,[17.]
2118,[19.]
2119,[30.]
2120,[31.]
2121,[25.]
2122,[23.]
2123,[23.]
2124,[22.]
2125,[28.]
2126,[29.]
2127,[24.]
2128,[26.]
2129,[29.]
2130,[15.]
2131,[27.]
2132,[24.]
2133,[20.]
2134,[28.]
2135,[26.]
2136,[25.]
2137,[34.]
2138,[20.]
2139,[13.]
2140,[25.]
2141,[25.]
2142,[25.]
2143,[23.]
2144,[33.]
2145,[17.]
2146,[13.]
2147,[25.]
2148,[30.]
2149,[21.]
2150,[23.]
2151,[25.]
2152,[24.]
2153,[25.]
2154,[32.]
2155,[22.]
2156,[32.]
2157,[17.]
2158,[20.]
2159,[24.]
2160,[33.]
2161,[25.]
2162,[15.]
2163,[21.]
2164,[30.]
2165,[22.]
2166,[29.]
2167,[29.]
2168,[23.]
2169,[31.]
2170,[20.]
2171,[26.]
2172,[23.]
2173,[21.]
2174,[14.]
2175,[36.]
2176,[25.]
2177,[21.]
2178,[23.]
2179,[21.]
2180,[22.]
2181,[25.]
2182,[28.]
2183,[23.]
2184,[30.]
2185,[19.]
2186,[17.]
2187,[23.]
2188,[19.]
2189,[17.]
2190,[25.]
2191,[27.]
2192,[23.]
2193,[21.]
2194,[22.]
2195,[25.]
2196,[27.]
2197,[27.]
2198,[27.]
2199,[35.]
2200,[23.]
2201,[27.]
2202,[19.]
2203,[16.]
2204,[26.]
2205,[27.]
2206,[32.]
2207,[23.]
2208,[28.]
2209,[25.]
2210,[27.]
2211,[33.]
2212,[22.]
2213,[31.]
2214,[26.]
2215,[17.]
2216,[22.]
2217,[29.]
2218,[23.]
2219,[26.]
2220,[22.]
2221,[20.]
2222,[20.]
2223,[17.]
2224,[24.]
2225,[19.]
2226,[30.]
2227,[28.]
2228,[21.]
2229,[20.]
2230,[22.]
2231,[27.]
2232,[28.]
2233,[38.]
2234,[29.]
2235,[21.]
2236,[15.]
2237,[42.]
2238,[21.]
2239,[23.]
2240,[29.]
2241,[23.]
2242,[20.]
2243,[21.]
2244,[23.]
2245,[32.]
2246,[27.]
2247,[26.]
2248,[27.]
2249,[27.]
2250,[14.]
2251,[29.]
2252,[31.]
2253,[15.]
2254,[16.]
2255,[16.]
2256,[22.]
2257,[20.]
2258,[26.]
2259,[35.]
2260,[19.]
2261,[29.]
2262,[16.]
2263,[26.]
2264,[29.]
2265,[21.]
2266,[20.]
2267,[23.]
2268,[28.]
2269,[28.]
2270,[24.]
2271,[10.]
2272,[29.]
2273,[33.]
2274,[26.]
2275,[33.]
2276,[12.]
2277,[31.]
2278,[27.]
2279,[23.]
2280,[23.]
2281,[28.]
2282,[18.]
2283,[29.]
2284,[25.]
2285,[26.]
2286,[15.]
2287,[23.]
2288,[17.]
2289,[30.]
2290,[24.]
2291,[19.]
2292,[23.]
2293,[20.]
2294,[23.]
2295,[16.]
2296,[25.]
2297,[11.]
2298,[36.]
2299,[27.]
2300,[28.]
2301,[21.]
2302,[24.]
2303,[24.]
2304,[35.]
2305,[27.]
2306,[33.]
2307,[27.]
2308,[26.]
2309,[22.]
2310,[35.]
2311,[15.]
2312,[27.]
2313,[19.]
2314,[23.]
2315,[29.]
2316,[27.]
2317,[20.]
2318,[25.]
2319,[24.]
2320,[28.]
2321,[25.]
2322,[16.]
2323,[24.]
2324,[20.]
2325,[22.]
2326,[23.]
2327,[24.]
2328,[27.]
2329,[20.]
2330,[11.]
2331,[23.]
2332,[21.]
2333,[13.]
2334,[31.]
2335,[33.]
2336,[20.]
2337,[21.]
2338,[17.]
2339,[26.]
2340,[20.]
2341,[17.]
2342,[21.]
2343,[16.]
2344,[22.]
2345,[15.]
2346,[25.]
2347,[23.]
2348,[32.]
2349,[14.]
2350,[24.]
2351,[15.]
2352,[32.]
2353,[28.]
2354,[21.]
2355,[22.]
2356,[29.]
2357,[26.]
2358,[20.]
2359,[23.]
2360,[31.]
2361,[32.]
2362,[28.]
2363,[29.]
2364,[23.]
2365,[18.]
2366,[16.]
2367,[24.]
2368,[32.]
2369,[37.]
2370,[22.]
2371,[31.]
2372,[20.]
2373,[21.]
2374,[23.]
2375,[22.]
2376,[26.]
2377,[19.]
2378,[35.]
2379,[31.]
2380,[23.]
2381,[20.]
2382,[23.]
2383,[33.]
2384,[23.]
2385,[23.]
2386,[32.]
2387,[21.]
2388,[15.]
2389,[19.]
2390,[19.]
2391,[27.]
2392,[27.]
2393,[20.]
2394,[28.]
2395,[33.]
2396,[29.]
2397,[31.]
2398,[21.]
2399,[23.]
2400,[21.]
2401,[18.]
2402,[16.]
2403,[19.]
2404,[14.]
2405,[16.]
2406,[12.]
2407,[23.]
2408,[17.]
2409,[24.]
2410,[25.]
2411,[22.]
2412,[18.]
2413,[28.]
2414,[21.]
2415,[22.]
2416,[22.]
2417,[12.]
2418,[31.]
2419,[16.]
2420,[39.]
2421,[27.]
2422,[19.]
2423,[23.]
2424,[36.]
2425,[27.]
2426,[27.]
2427,[30.]
2428,[21.]
2429,[22.]
2430,[23.]
2431,[20.]
2432,[20.]
2433,[20.]
2434,[21.]
2435,[30.]
2436,[22.]
2437,[20.]
2438,[21.]
2439,[26.]
2440,[24.]
2441,[26.]
2442,[24.]
2443,[20.]
2444,[18.]
2445,[19.]
2446,[25.]
2447,[27.]
2448,[28.]
2449,[27.]
2450,[24.]
2451,[20.]
2452,[23.]
2453,[28.]
2454,[25.]
2455,[26.]
2456,[16.]
2457,[17.]
2458,[26.]
2459,[31.]
2460,[25.]
2461,[19.]
2462,[20.]
2463,[23.]
2464,[26.]
2465,[25.]
2466,[23.]
2467,[35.]
2468,[33.]
2469,[19.]
2470,[16.]
2471,[30.]
2472,[18.]
2473,[24.]
2474,[19.]
2475,[21.]
2476,[28.]
2477,[4.]
2478,[19.]
2479,[27.]
2480,[35.]
2481,[15.]
2482,[27.]
2483,[27.]
2484,[27.]
2485,[22.]
2486,[25.]
2487,[24.]
2488,[27.]
2489,[26.]
2490,[27.]
2491,[34.]
2492,[28.]
2493,[16.]
2494,[28.]
2495,[32.]
2496,[22.]
2497,[34.]
2498,[30.]
2499,[24.]
2500,[28.]
2501,[15.]
2502,[26.]
2503,[27.]
2504,[33.]
2505,[29.]
2506,[29.]
2507,[27.]
2508,[13.]
2509,[32.]
2510,[25.]
2511,[24.]
2512,[32.]
2513,[17.]
2514,[19.]
2515,[17.]
2516,[21.]
2517,[21.]
2518,[32.]
2519,[42.]
2520,[20.]
2521,[31.]
2522,[21.]
2523,[27.]
2524,[29.]
2525,[17.]
2526,[26.]
2527,[23.]
2528,[28.]
2529,[18.]
2530,[27.]
2531,[33.]
2532,[28.]
2533,[23.]
2534,[22.]
2535,[16.]
2536,[17.]
2537,[30.]
2538,[24.]
2539,[25.]
2540,[28.]
2541,[20.]
2542,[23.]
2543,[14.]
2544,[30.]
2545,[20.]
2546,[38.]
2547,[18.]
2548,[23.]
2549,[24.]
2550,[14.]
2551,[31.]
2552,[20.]
2553,[26.]
2554,[25.]
2555,[41.]
2556,[17.]
2557,[21.]
2558,[26.]
2559,[24.]
2560,[18.]
2561,[27.]
2562,[16.]
2563,[31.]
2564,[13.]
2565,[25.]
2566,[35.]
2567,[12.]
2568,[15.]
2569,[14.]
2570,[18.]
2571,[20.]
2572,[31.]
2573,[24.]
2574,[28.]
2575,[23.]
2576,[20.]
2577,[27.]
2578,[23.]
2579,[15.]
2580,[26.]
2581,[22.]
2582,[13.]
2583,[32.]
2584,[10.]
2585,[10.]
2586,[25.]
2587,[19.]
2588,[24.]
2589,[27.]
2590,[24.]
2591,[17.]
2592,[21.]
2593,[25.]
2594,[27.]
2595,[25.]
2596,[30.]
2597,[17.]
2598,[16.]
2599,[25.]
2600,[26.]
2601,[28.]
2602,[23.]
2603,[34.]
2604,[32.]
2605,[25.]
2606,[27.]
2607,[21.]
2608,[23.]
2609,[37.]
2610,[19.]
2611,[21.]
2612,[25.]
2613,[29.]
2614,[20.]
2615,[34.]
2616,[28.]
2617,[6.]
2618,[16.]
2619,[17.]
2620,[25.]
2621,[27.]
2622,[24.]
2623,[34.]
2624,[26.]
2625,[25.]
2626,[19.]
2627,[26.]
2628,[17.]
2629,[25.]
2630,[19.]
2631,[24.]
2632,[34.]
2633,[24.]
2634,[30.]
2635,[29.]
2636,[34.]
2637,[17.]
2638,[15.]
2639,[25.]
2640,[27.]
2641,[17.]
2642,[20.]
2643,[22.]
2644,[30.]
2645,[22.]
2646,[19.]
2647,[20.]
2648,[17.]
2649,[32.]
2650,[19.]
2651,[25.]
2652,[28.]
2653,[24.]
2654,[27.]
2655,[32.]
2656,[18.]
2657,[22.]
2658,[26.]
2659,[22.]
2660,[27.]
2661,[17.]
2662,[30.]
2663,[23.]
2664,[23.]
2665,[35.]
2666,[24.]
2667,[23.]
2668,[34.]
2669,[29.]
2670,[13.]
2671,[28.]
2672,[24.]
2673,[24.]
2674,[16.]
2675,[22.]
2676,[23.]
2677,[24.]
2678,[28.]
2679,[29.]
2680,[24.]
2681,[22.]
2682,[22.]
2683,[27.]
2684,[25.]
2685,[27.]
2686,[30.]
2687,[24.]
2688,[29.]
2689,[34.]
2690,[21.]
2691,[28.]
2692,[30.]
2693,[24.]
2694,[26.]
2695,[19.]
2696,[22.]
2697,[29.]
2698,[27.]
2699,[20.]
2700,[23.]
2701,[18.]
2702,[20.]
2703,[19.]
2704,[13.]
2705,[29.]
2706,[20.]
2707,[32.]
2708,[27.]
2709,[38.]
2710,[24.]
2711,[22.]
2712,[23.]
2713,[32.]
2714,[25.]
2715,[22.]
2716,[28.]
2717,[18.]
2718,[34.]
2719,[18.]
2720,[40.]
2721,[16.]
2722,[24.]
2723,[27.]
2724,[27.]
2725,[18.]
2726,[20.]
2727,[26.]
2728,[24.]
2729,[22.]
2730,[21.]
2731,[30.]
2732,[24.]
2733,[20.]
2734,[19.]
2735,[20.]
2736,[25.]
2737,[28.]
2738,[21.]
2739,[19.]
2740,[29.]
2741,[27.]
2742,[23.]
2743,[20.]
2744,[25.]
2745,[25.]
2746,[19.]
2747,[22.]
2748,[19.]
2749,[37.]
2750,[20.]
2751,[37.]
2752,[17.]
2753,[35.]
2754,[18.]
2755,[29.]
2756,[30.]
2757,[19.]
2758,[21.]
2759,[19.]
2760,[23.]
2761,[23.]
2762,[25.]
2763,[30.]
2764,[27.]
2765,[20.]
2766,[26.]
2767,[27.]
2768,[16.]
2769,[12.]
2770,[21.]
2771,[28.]
2772,[25.]
2773,[29.]
2774,[26.]
2775,[19.]
2776,[26.]
2777,[16.]
2778,[17.]
2779,[10.]
2780,[14.]
2781,[23.]
2782,[19.]
2783,[27.]
2784,[18.]
2785,[25.]
2786,[26.]
2787,[23.]
2788,[33.]
2789,[28.]
2790,[20.]
2791,[31.]
2792,[27.]
2793,[26.]
2794,[30.]
2795,[36.]
2796,[14.]
2797,[15.]
2798,[25.]
2799,[22.]
2800,[21.]
2801,[27.]
2802,[30.]
2803,[28.]
2804,[26.]
2805,[27.]
2806,[14.]
2807,[23.]
2808,[20.]
2809,[22.]
2810,[22.]
2811,[16.]
2812,[31.]
2813,[23.]
2814,[24.]
2815,[26.]
2816,[22.]
2817,[24.]
2818,[20.]
2819,[31.]
2820,[16.]
2821,[25.]
2822,[22.]
2823,[23.]
2824,[28.]
2825,[21.]
2826,[14.]
2827,[20.]
2828,[30.]
2829,[32.]
2830,[31.]
2831,[24.]
2832,[20.]
2833,[22.]
2834,[14.]
2835,[39.]
2836,[22.]
2837,[20.]
2838,[27.]
2839,[17.]
2840,[29.]
2841,[25.]
2842,[21.]
2843,[19.]
2844,[15.]
2845,[25.]
2846,[22.]
2847,[23.]
2848,[30.]
2849,[23.]
2850,[18.]
2851,[17.]
2852,[15.]
2853,[17.]
2854,[28.]
2855,[29.]
2856,[28.]
2857,[27.]
2858,[28.]
2859,[30.]
2860,[29.]
2861,[26.]
2862,[36.]
2863,[18.]
2864,[29.]
2865,[24.]
2866,[22.]
2867,[24.]
2868,[19.]
2869,[21.]
2870,[28.]
2871,[29.]
2872,[22.]
2873,[27.]
2874,[16.]
2875,[30.]
2876,[28.]
2877,[26.]
2878,[24.]
2879,[19.]
2880,[26.]
2881,[27.]
2882,[34.]
2883,[29.]
2884,[15.]
2885,[26.]
2886,[38.]
2887,[32.]
2888,[23.]
2889,[25.]
2890,[24.]
2891,[38.]
2892,[18.]
2893,[25.]
2894,[22.]
2895,[27.]
2896,[24.]
2897,[20.]
2898,[32.]
2899,[25.]
2900,[26.]
2901,[26.]
2902,[24.]
2903,[28.]
2904,[12.]
2905,[24.]
2906,[20.]
2907,[15.]
2908,[22.]
2909,[18.]
2910,[22.]
2911,[27.]
2912,[26.]
2913,[35.]
2914,[27.]
2915,[33.]
2916,[29.]
2917,[15.]
2918,[27.]
2919,[27.]
2920,[27.]
2921,[36.]
2922,[24.]
2923,[16.]
2924,[34.]
2925,[21.]
2926,[26.]
2927,[31.]
2928,[37.]
2929,[24.]
2930,[26.]
2931,[24.]
2932,[23.]
2933,[18.]
2934,[28.]
2935,[19.]
2936,[22.]
2937,[16.]
2938,[23.]
2939,[15.]
2940,[28.]
2941,[16.]
2942,[27.]
2943,[21.]
2944,[15.]
2945,[25.]
2946,[25.]
2947,[34.]
2948,[18.]
2949,[21.]
2950,[39.]
2951,[21.]
2952,[24.]
2953,[15.]
2954,[26.]
2955,[24.]
2956,[29.]
2957,[34.]
2958,[26.]
2959,[20.]
2960,[22.]
2961,[16.]
2962,[25.]
2963,[21.]
2964,[24.]
2965,[29.]
2966,[18.]
2967,[26.]
2968,[28.]
2969,[14.]
2970,[21.]
2971,[23.]
2972,[19.]
2973,[26.]
2974,[10.]
2975,[25.]
2976,[22.]
2977,[36.]
2978,[25.]
2979,[25.]
2980,[32.]
2981,[22.]
2982,[22.]
2983,[20.]
2984,[28.]
2985,[22.]
2986,[12.]
2987,[20.]
2988,[27.]
2989,[33.]
2990,[39.]
2991,[17.]
2992,[13.]
2993,[17.]
2994,[20.]
2995,[21.]
2996,[31.]
2997,[29.]
2998,[30.]
2999,[22.]
3000,[14.]
3001,[29.]
3002,[18.]
3003,[27.]
3004,[31.]
3005,[32.]
3006,[29.]
3007,[17.]
3008,[18.]
3009,[18.]
3010,[23.]
3011,[19.]
3012,[15.]
3013,[20.]
3014,[27.]
3015,[25.]
3016,[32.]
3017,[29.]
3018,[28.]
3019,[29.]
3020,[29.]
3021,[21.]
3022,[26.]
3023,[24.]
3024,[24.]
3025,[21.]
3026,[27.]
3027,[15.]
3028,[16.]
3029,[30.]
3030,[22.]
3031,[24.]
3032,[21.]
3033,[27.]
3034,[22.]
3035,[19.]
3036,[33.]
3037,[19.]
3038,[17.]
3039,[18.]
3040,[25.]
3041,[29.]
3042,[25.]
3043,[19.]
3044,[20.]
3045,[25.]
3046,[36.]
3047,[22.]
3048,[34.]
3049,[18.]
3050,[26.]
3051,[27.]
3052,[24.]
3053,[10.]
3054,[25.]
3055,[16.]
3056,[21.]
3057,[27.]
3058,[30.]
3059,[16.]
3060,[21.]
3061,[29.]
3062,[37.]
3063,[26.]
3064,[38.]
3065,[22.]
3066,[11.]
3067,[27.]
3068,[17.]
3069,[19.]
3070,[20.]
3071,[26.]
3072,[27.]
3073,[29.]
3074,[26.]
3075,[25.]
3076,[25.]
3077,[23.]
3078,[30.]
3079,[25.]
3080,[25.]
3081,[24.]
3082,[22.]
3083,[26.]
3084,[17.]
3085,[24.]
3086,[32.]
3087,[22.]
3088,[30.]
3089,[19.]
3090,[25.]
3091,[17.]
3092,[16.]
3093,[32.]
3094,[23.]
3095,[27.]
3096,[24.]
3097,[17.]
3098,[26.]
3099,[25.]
3100,[31.]
3101,[25.]
3102,[23.]
3103,[24.]
3104,[28.]
3105,[25.]
3106,[19.]
3107,[36.]
3108,[21.]
3109,[23.]
3110,[21.]
3111,[28.]
3112,[21.]
3113,[28.]
3114,[17.]
3115,[34.]
3116,[29.]
3117,[20.]
3118,[21.]
3119,[25.]
3120,[25.]
3121,[30.]
3122,[19.]
3123,[19.]
3124,[20.]
3125,[20.]
3126,[22.]
3127,[18.]
3128,[29.]
3129,[37.]
3130,[38.]
3131,[21.]
3132,[27.]
3133,[28.]
3134,[23.]
3135,[26.]
3136,[20.]
3137,[24.]
3138,[22.]
3139,[20.]
3140,[32.]
3141,[22.]
3142,[26.]
3143,[25.]
3144,[30.]
3145,[25.]
3146,[27.]
3147,[36.]
3148,[16.]
3149,[26.]
3150,[25.]
3151,[26.]
3152,[31.]
3153,[22.]
3154,[26.]
3155,[26.]
3156,[23.]
3157,[18.]
3158,[35.]
3159,[26.]
3160,[14.]
3161,[24.]
3162,[16.]
3163,[33.]
3164,[28.]
3165,[16.]
3166,[15.]
3167,[30.]
3168,[32.]
3169,[26.]
3170,[25.]
3171,[34.]
3172,[14.]
3173,[26.]
3174,[26.]
3175,[35.]
3176,[23.]
3177,[21.]
3178,[31.]
3179,[26.]
3180,[40.]
3181,[28.]
3182,[20.]
3183,[21.]
3184,[28.]
3185,[20.]
3186,[16.]
3187,[16.]
3188,[27.]
3189,[26.]
3190,[28.]
3191,[24.]
3192,[24.]
3193,[20.]
3194,[23.]
3195,[21.]
3196,[22.]
3197,[23.]
3198,[27.]
3199,[34.]
3200,[7.]
3201,[26.]
3202,[29.]
3203,[31.]
3204,[31.]
3205,[24.]
3206,[16.]
3207,[16.]
3208,[30.]
3209,[18.]
3210,[18.]
3211,[18.]
3212,[20.]
3213,[27.]
3214,[21.]
3215,[30.]
3216,[26.]
3217,[32.]
3218,[28.]
3219,[11.]
3220,[29.]
3221,[29.]
3222,[21.]
3223,[36.]
3224,[19.]
3225,[24.]
3226,[28.]
3227,[22.]
3228,[16.]
3229,[32.]
3230,[23.]
3231,[25.]
3232,[26.]
3233,[28.]
3234,[31.]
3235,[28.]
3236,[26.]
3237,[34.]
3238,[29.]
3239,[32.]
3240,[20.]
3241,[25.]
3242,[19.]
3243,[30.]
3244,[28.]
3245,[33.]
3246,[30.]
3247,[24.]
3248,[26.]
3249,[22.]
3250,[14.]
3251,[11.]
3252,[35.]
3253,[21.]
3254,[19.]
3255,[25.]
3256,[22.]
3257,[22.]
3258,[21.]
3259,[23.]
3260,[22.]
3261,[28.]
3262,[29.]
3263,[30.]
3264,[30.]
3265,[22.]
3266,[24.]
3267,[28.]
3268,[25.]
3269,[34.]
3270,[21.]
3271,[28.]
3272,[23.]
3273,[21.]
3274,[27.]
3275,[28.]
3276,[25.]
3277,[18.]
3278,[23.]
3279,[28.]
3280,[10.]
3281,[24.]
3282,[13.]
3283,[23.]
3284,[32.]
3285,[23.]
3286,[24.]
3287,[21.]
3288,[44.]
3289,[22.]
3290,[20.]
3291,[18.]
3292,[28.]
3293,[28.]
3294,[29.]
3295,[21.]
3296,[30.]
3297,[27.]
3298,[17.]
3299,[23.]
3300,[15.]
3301,[36.]
3302,[18.]
3303,[21.]
3304,[11.]
3305,[19.]
3306,[30.]
3307,[30.]
3308,[32.]
3309,[24.]
3310,[21.]
3311,[23.]
3312,[23.]
3313,[28.]
3314,[25.]
3315,[30.]
3316,[29.]
3317,[39.]
3318,[22.]
3319,[23.]
3320,[25.]
3321,[33.]
3322,[14.]
3323,[17.]
3324,[26.]
3325,[41.]
3326,[23.]
3327,[23.]
3328,[22.]
3329,[28.]
3330,[24.]
3331,[31.]
3332,[22.]
3333,[25.]
3334,[21.]
3335,[11.]
3336,[34.]
3337,[15.]
3338,[22.]
3339,[24.]
3340,[22.]
3341,[19.]
3342,[22.]
3343,[25.]
3344,[15.]
3345,[21.]
3346,[26.]
3347,[19.]
3348,[30.]
3349,[24.]
3350,[21.]
3351,[27.]
3352,[19.]
3353,[23.]
3354,[16.]
3355,[21.]
3356,[24.]
3357,[20.]
3358,[20.]
3359,[25.]
3360,[19.]
3361,[25.]
3362,[20.]
3363,[26.]
3364,[25.]
3365,[21.]
3366,[27.]
3367,[26.]
3368,[28.]
3369,[23.]
3370,[32.]
3371,[19.]
3372,[34.]
3373,[18.]
3374,[28.]
3375,[26.]
3376,[21.]
3377,[35.]
3378,[24.]
3379,[24.]
3380,[20.]
3381,[28.]
3382,[30.]
3383,[20.]
3384,[14.]
3385,[27.]
3386,[28.]
3387,[20.]
3388,[10.]
3389,[21.]
3390,[22.]
3391,[28.]
3392,[23.]
3393,[26.]
3394,[25.]
3395,[32.]
3396,[23.]
3397,[23.]
3398,[22.]
3399,[18.]
3400,[23.]
3401,[29.]
3402,[16.]
3403,[17.]
3404,[35.]
3405,[31.]
3406,[11.]
3407,[26.]
3408,[34.]
3409,[28.]
3410,[20.]
3411,[27.]
3412,[21.]
3413,[22.]
3414,[19.]
3415,[19.]
3416,[29.]
3417,[19.]
3418,[24.]
3419,[28.]
3420,[20.]
3421,[27.]
3422,[24.]
3423,[25.]
3424,[19.]
3425,[27.]
3426,[22.]
3427,[29.]
3428,[27.]
3429,[28.]
3430,[25.]
3431,[25.]
3432,[39.]
3433,[19.]
3434,[23.]
3435,[38.]
3436,[19.]
3437,[25.]
3438,[15.]
3439,[30.]
3440,[19.]
3441,[22.]
3442,[30.]
3443,[19.]
3444,[27.]
3445,[30.]
3446,[22.]
3447,[19.]
3448,[27.]
3449,[26.]
3450,[13.]
3451,[25.]
3452,[25.]
3453,[27.]
3454,[27.]
3455,[26.]
3456,[32.]
3457,[22.]
3458,[25.]
3459,[23.]
3460,[23.]
3461,[17.]
3462,[23.]
3463,[27.]
3464,[15.]
3465,[16.]
3466,[28.]
3467,[22.]
3468,[27.]
3469,[24.]
3470,[33.]
3471,[20.]
3472,[31.]
3473,[15.]
3474,[26.]
3475,[23.]
3476,[26.]
3477,[23.]
3478,[19.]
3479,[25.]
3480,[25.]
3481,[22.]
3482,[28.]
3483,[22.]
3484,[24.]
3485,[26.]
3486,[16.]
3487,[28.]
3488,[21.]
3489,[26.]
3490,[32.]
3491,[33.]
3492,[27.]
3493,[23.]
3494,[29.]
3495,[18.]
3496,[31.]
3497,[21.]
3498,[24.]
3499,[16.]
3500,[22.]
3501,[24.]
3502,[23.]
3503,[24.]
3504,[29.]
3505,[34.]
3506,[21.]
3507,[24.]
3508,[32.]
3509,[33.]
3510,[27.]
3511,[30.]
3512,[29.]
3513,[20.]
3514,[25.]
3515,[28.]
3516,[18.]
3517,[16.]
3518,[34.]
3519,[23.]
3520,[28.]
3521,[25.]
3522,[31.]
3523,[20.]
3524,[26.]
3525,[22.]
3526,[32.]
3527,[30.]
3528,[27.]
3529,[16.]
3530,[27.]
3531,[28.]
3532,[15.]
3533,[27.]
3534,[25.]
3535,[22.]
3536,[26.]
3537,[31.]
3538,[39.]
3539,[24.]
3540,[30.]
3541,[15.]
3542,[29.]
3543,[27.]
3544,[25.]
3545,[24.]
3546,[22.]
3547,[18.]
3548,[26.]
3549,[29.]
3550,[21.]
3551,[24.]
3552,[17.]
3553,[26.]
3554,[25.]
3555,[21.]
3556,[29.]
3557,[28.]
3558,[14.]
3559,[31.]
3560,[20.]
3561,[16.]
3562,[25.]
3563,[21.]
3564,[19.]
3565,[27.]
3566,[32.]
3567,[20.]
3568,[23.]
3569,[20.]
3570,[25.]
3571,[19.]
3572,[25.]
3573,[28.]
3574,[20.]
3575,[15.]
3576,[31.]
3577,[32.]
3578,[24.]
3579,[23.]
3580,[29.]
3581,[27.]
3582,[32.]
3583,[25.]
3584,[35.]
3585,[29.]
3586,[35.]
3587,[22.]
3588,[15.]
3589,[20.]
3590,[21.]
3591,[37.]
3592,[15.]
3593,[25.]
3594,[30.]
3595,[17.]
3596,[20.]
3597,[19.]
3598,[25.]
3599,[31.]
3600,[21.]
3601,[26.]
3602,[31.]
3603,[23.]
3604,[16.]
3605,[22.]
3606,[27.]
3607,[24.]
3608,[22.]
3609,[18.]
3610,[19.]
3611,[17.]
3612,[23.]
3613,[13.]
3614,[23.]
3615,[20.]
3616,[15.]
3617,[36.]
3618,[15.]
3619,[29.]
3620,[25.]
3621,[17.]
3622,[36.]
3623,[17.]
3624,[22.]
3625,[15.]
3626,[22.]
3627,[28.]
3628,[22.]
3629,[34.]
3630,[12.]
3631,[29.]
3632,[30.]
3633,[23.]
3634,[19.]
3635,[14.]
3636,[33.]
3637,[20.]
3638,[21.]
3639,[18.]
3640,[20.]
3641,[12.]
3642,[20.]
3643,[23.]
3644,[25.]
3645,[30.]
3646,[36.]
3647,[22.]
3648,[20.]
3649,[26.]
3650,[20.]
3651,[16.]
3652,[26.]
3653,[21.]
3654,[26.]
3655,[26.]
3656,[28.]
3657,[23.]
3658,[21.]
3659,[19.]
3660,[27.]
3661,[16.]
3662,[28.]
3663,[19.]
3664,[24.]
3665,[26.]
3666,[27.]
3667,[22.]
3668,[27.]
3669,[26.]
3670,[32.]
3671,[25.]
3672,[21.]
3673,[30.]
3674,[27.]
3675,[18.]
3676,[16.]
3677,[23.]
3678,[26.]
3679,[24.]
3680,[32.]
3681,[33.]
3682,[24.]
3683,[18.]
3684,[31.]
3685,[23.]
3686,[16.]
3687,[17.]
3688,[24.]
3689,[27.]
3690,[29.]
3691,[17.]
3692,[20.]
3693,[15.]
3694,[27.]
3695,[22.]
3696,[13.]
3697,[25.]
3698,[22.]
3699,[32.]
3700,[21.]
3701,[15.]
3702,[27.]
3703,[31.]
3704,[29.]
3705,[28.]
3706,[17.]
3707,[20.]
3708,[26.]
3709,[21.]
3710,[28.]
3711,[23.]
3712,[24.]
3713,[31.]
3714,[28.]
3715,[24.]
3716,[30.]
3717,[19.]
3718,[25.]
3719,[17.]
3720,[26.]
3721,[20.]
3722,[24.]
3723,[16.]
3724,[20.]
3725,[9.]
3726,[30.]
3727,[25.]
3728,[29.]
3729,[27.]
3730,[18.]
3731,[22.]
3732,[25.]
3733,[28.]
3734,[32.]
3735,[21.]
3736,[24.]
3737,[28.]
3738,[27.]
3739,[30.]
3740,[37.]
3741,[26.]
3742,[23.]
3743,[13.]
3744,[16.]
3745,[17.]
3746,[27.]
3747,[22.]
3748,[20.]
3749,[27.]
3750,[26.]
3751,[24.]
3752,[18.]
3753,[16.]
3754,[18.]
3755,[20.]
3756,[24.]
3757,[18.]
3758,[17.]
3759,[27.]
3760,[29.]
3761,[28.]
3762,[18.]
3763,[20.]
3764,[30.]
3765,[20.]
3766,[21.]
3767,[22.]
3768,[29.]
3769,[31.]
3770,[24.]
3771,[25.]
3772,[22.]
3773,[14.]
3774,[30.]
3775,[22.]
3776,[31.]
3777,[26.]
3778,[32.]
3779,[21.]
3780,[20.]
3781,[28.]
3782,[27.]
3783,[25.]
3784,[30.]
3785,[29.]
3786,[27.]
3787,[26.]
3788,[26.]
3789,[21.]
3790,[25.]
3791,[20.]
3792,[20.]
3793,[28.]
3794,[23.]
3795,[23.]
3796,[31.]
3797,[16.]
3798,[25.]
3799,[24.]
3800,[33.]
3801,[21.]
3802,[24.]
3803,[26.]
3804,[26.]
3805,[26.]
3806,[23.]
3807,[18.]
3808,[23.]
3809,[23.]
3810,[23.]
3811,[25.]
3812,[28.]
3813,[24.]
3814,[19.]
3815,[20.]
3816,[21.]
3817,[17.]
3818,[27.]
3819,[24.]
3820,[33.]
3821,[21.]
3822,[26.]
3823,[25.]
3824,[18.]
3825,[20.]
3826,[17.]
3827,[21.]
3828,[20.]
3829,[17.]
3830,[21.]
3831,[26.]
3832,[26.]
3833,[21.]
3834,[16.]
3835,[26.]
3836,[28.]
3837,[13.]
3838,[19.]
3839,[9.]
3840,[29.]
3841,[26.]
3842,[32.]
3843,[24.]
3844,[21.]
3845,[15.]
3846,[37.]
3847,[23.]
3848,[18.]
3849,[26.]
3850,[19.]
3851,[23.]
3852,[20.]
3853,[21.]
3854,[16.]
3855,[14.]
3856,[25.]
3857,[25.]
3858,[23.]
3859,[29.]
3860,[20.]
3861,[31.]
3862,[15.]
3863,[26.]
3864,[13.]
3865,[25.]
3866,[28.]
3867,[27.]
3868,[23.]
3869,[30.]
3870,[26.]
3871,[27.]
3872,[23.]
3873,[26.]
3874,[25.]
3875,[26.]
3876,[27.]
3877,[29.]
3878,[33.]
3879,[25.]
3880,[21.]
3881,[23.]
3882,[40.]
3883,[22.]
3884,[29.]
3885,[25.]
3886,[28.]
3887,[23.]
3888,[22.]
3889,[16.]
3890,[25.]
3891,[33.]
3892,[32.]
3893,[33.]
3894,[26.]
3895,[20.]
3896,[29.]
3897,[40.]
3898,[25.]
3899,[19.]
3900,[17.]
3901,[30.]
3902,[19.]
3903,[19.]
3904,[23.]
3905,[14.]
3906,[9.]
3907,[27.]
3908,[22.]
3909,[20.]
3910,[25.]
3911,[24.]
3912,[17.]
3913,[32.]
3914,[35.]
3915,[32.]
3916,[16.]
3917,[22.]
3918,[19.]
3919,[31.]
3920,[26.]
3921,[25.]
3922,[32.]
3923,[28.]
3924,[20.]
3925,[13.]
3926,[21.]
3927,[22.]
3928,[17.]
3929,[30.]
3930,[6.]
3931,[18.]
3932,[27.]
3933,[32.]
3934,[23.]
3935,[25.]
3936,[16.]
3937,[22.]
3938,[22.]
3939,[14.]
3940,[30.]
3941,[25.]
3942,[24.]
3943,[20.]
3944,[34.]
3945,[29.]
3946,[18.]
3947,[15.]
3948,[24.]
3949,[26.]
3950,[20.]
3951,[26.]
3952,[25.]
3953,[20.]
3954,[27.]
3955,[23.]
3956,[30.]
3957,[25.]
3958,[32.]
3959,[19.]
3960,[35.]
3961,[27.]
3962,[25.]
3963,[14.]
3964,[18.]
3965,[31.]
3966,[21.]
3967,[23.]
3968,[30.]
3969,[21.]
3970,[30.]
3971,[36.]
3972,[31.]
3973,[8.]
3974,[27.]
3975,[29.]
3976,[18.]
3977,[24.]
3978,[33.]
3979,[24.]
3980,[28.]
3981,[18.]
3982,[23.]
3983,[32.]
3984,[23.]
3985,[25.]
3986,[29.]
3987,[20.]
3988,[28.]
3989,[22.]
3990,[14.]
3991,[19.]
3992,[24.]
3993,[15.]
3994,[13.]
3995,[25.]
3996,[30.]
3997,[29.]
3998,[24.]
3999,[24.]
4000,[27.]
4001,[23.]
4002,[30.]
4003,[16.]
4004,[35.]
4005,[21.]
4006,[25.]
4007,[28.]
4008,[23.]
4009,[22.]
4010,[20.]
4011,[24.]
4012,[20.]
4013,[29.]
4014,[19.]
4015,[27.]
4016,[20.]
4017,[29.]
4018,[16.]
4019,[25.]
4020,[25.]
4021,[27.]
4022,[25.]
4023,[13.]
4024,[27.]
4025,[27.]
4026,[17.]
4027,[14.]
4028,[19.]
4029,[17.]
4030,[23.]
4031,[27.]
4032,[32.]
4033,[18.]
4034,[20.]
4035,[23.]
4036,[29.]
4037,[37.]
4038,[26.]
4039,[30.]
4040,[23.]
4041,[17.]
4042,[24.]
4043,[27.]
4044,[19.]
4045,[32.]
4046,[23.]
4047,[32.]
4048,[13.]
4049,[28.]
4050,[29.]
4051,[38.]
4052,[28.]
4053,[30.]
4054,[22.]
4055,[15.]
4056,[14.]
4057,[27.]
4058,[30.]
4059,[32.]
4060,[24.]
4061,[21.]
4062,[14.]
4063,[22.]
4064,[20.]
4065,[28.]
4066,[22.]
4067,[18.]
4068,[23.]
4069,[28.]
4070,[24.]
4071,[27.]
4072,[32.]
4073,[15.]
4074,[38.]
4075,[14.]
4076,[23.]
4077,[34.]
4078,[25.]
4079,[26.]
4080,[27.]
4081,[23.]
4082,[25.]
4083,[16.]
4084,[23.]
4085,[23.]
4086,[17.]
4087,[29.]
4088,[27.]
4089,[22.]
4090,[25.]
4091,[24.]
4092,[29.]
4093,[30.]
4094,[27.]
4095,[29.]
4096,[27.]
4097,[30.]
4098,[14.]
4099,[9.]
4100,[19.]
4101,[22.]
4102,[27.]
4103,[36.]
4104,[27.]
4105,[31.]
4106,[31.]
4107,[23.]
4108,[36.]
4109,[15.]
4110,[30.]
4111,[21.]
4112,[27.]
4113,[30.]
4114,[24.]
4115,[29.]
4116,[25.]
4117,[21.]
4118,[18.]
4119,[14.]
4120,[33.]
4121,[28.]
4122,[22.]
4123,[27.]
4124,[20.]
4125,[33.]
4126,[24.]
4127,[18.]
4128,[18.]
4129,[20.]
4130,[27.]
4131,[25.]
4132,[23.]
4133,[20.]
4134,[25.]
4135,[22.]
4136,[29.]
4137,[20.]
4138,[19.]
4139,[24.]
4140,[28.]
4141,[20.]
4142,[12.]
4143,[26.]
4144,[24.]
4145,[33.]
4146,[27.]
4147,[32.]
4148,[27.]
4149,[33.]
4150,[30.]
4151,[24.]
4152,[43.]
4153,[19.]
4154,[23.]
4155,[26.]
4156,[27.]
4157,[29.]
4158,[30.]
4159,[27.]
4160,[28.]
4161,[21.]
4162,[25.]
4163,[27.]
4164,[16.]
4165,[24.]
4166,[29.]
4167,[29.]
4168,[19.]
4169,[21.]
4170,[21.]
4171,[33.]
4172,[23.]
4173,[16.]
4174,[17.]
4175,[27.]
4176,[17.]
4177,[17.]
4178,[36.]
4179,[24.]
4180,[33.]
4181,[36.]
4182,[18.]
4183,[22.]
4184,[31.]
4185,[28.]
4186,[16.]
4187,[20.]
4188,[15.]
4189,[20.]
4190,[19.]
4191,[32.]
4192,[24.]
4193,[19.]
4194,[27.]
4195,[22.]
4196,[18.]
4197,[24.]
4198,[24.]
4199,[15.]
4200,[23.]
4201,[30.]
4202,[18.]
4203,[17.]
4204,[21.]
4205,[26.]
4206,[19.]
4207,[33.]
4208,[27.]
4209,[16.]
4210,[25.]
4211,[29.]
4212,[21.]
4213,[34.]
4214,[29.]
4215,[31.]
4216,[23.]
4217,[30.]
4218,[27.]
4219,[24.]
4220,[26.]
4221,[19.]
4222,[25.]
4223,[20.]
4224,[19.]
4225,[26.]
4226,[28.]
4227,[26.]
4228,[35.]
4229,[30.]
4230,[19.]
4231,[21.]
4232,[47.]
4233,[17.]
4234,[24.]
4235,[10.]
4236,[29.]
4237,[22.]
4238,[27.]
4239,[32.]
4240,[20.]
4241,[33.]
4242,[23.]
4243,[22.]
4244,[26.]
4245,[24.]
4246,[29.]
4247,[19.]
4248,[21.]
4249,[30.]
4250,[40.]
4251,[29.]
4252,[21.]
4253,[27.]
4254,[15.]
4255,[32.]
4256,[27.]
4257,[14.]
4258,[15.]
4259,[25.]
4260,[18.]
4261,[26.]
4262,[35.]
4263,[27.]
4264,[24.]
4265,[31.]
4266,[24.]
4267,[11.]
4268,[17.]
4269,[37.]
4270,[23.]
4271,[26.]
4272,[24.]
4273,[21.]
4274,[19.]
4275,[20.]
4276,[30.]
4277,[28.]
4278,[24.]
4279,[32.]
4280,[27.]
4281,[29.]
4282,[28.]
4283,[25.]
4284,[27.]
4285,[21.]
4286,[31.]
4287,[20.]
4288,[22.]
4289,[22.]
4290,[21.]
4291,[25.]
4292,[22.]
4293,[15.]
4294,[28.]
4295,[30.]
4296,[21.]
4297,[17.]
4298,[32.]
4299,[38.]
4300,[15.]
4301,[33.]
4302,[21.]
4303,[22.]
4304,[17.]
4305,[20.]
4306,[24.]
4307,[23.]
4308,[17.]
4309,[27.]
4310,[17.]
4311,[16.]
4312,[18.]
4313,[29.]
4314,[22.]
4315,[11.]
4316,[19.]
4317,[19.]
4318,[15.]
4319,[11.]
4320,[27.]
4321,[28.]
4322,[26.]
4323,[22.]
4324,[18.]
4325,[21.]
4326,[22.]
4327,[24.]
4328,[27.]
4329,[28.]
4330,[27.]
4331,[34.]
4332,[31.]
4333,[20.]
4334,[20.]
4335,[19.]
4336,[19.]
4337,[28.]
4338,[24.]
4339,[26.]
4340,[27.]
4341,[24.]
4342,[19.]
4343,[21.]
4344,[23.]
4345,[16.]
4346,[31.]
4347,[24.]
4348,[21.]
4349,[30.]
4350,[34.]
4351,[17.]
4352,[26.]
4353,[29.]
4354,[20.]
4355,[12.]
4356,[39.]
4357,[22.]
4358,[23.]
4359,[21.]
4360,[24.]
4361,[26.]
4362,[25.]
4363,[16.]
4364,[22.]
4365,[35.]
4366,[24.]
4367,[30.]
4368,[16.]
4369,[26.]
4370,[28.]
4371,[20.]
4372,[33.]
4373,[20.]
4374,[18.]
4375,[22.]
4376,[17.]
4377,[20.]
4378,[17.]
4379,[15.]
4380,[27.]
4381,[27.]
4382,[25.]
4383,[22.]
4384,[14.]
4385,[17.]
4386,[34.]
4387,[26.]
4388,[23.]
4389,[29.]
4390,[33.]
4391,[13.]
4392,[24.]
4393,[31.]
4394,[33.]
4395,[22.]
4396,[35.]
4397,[26.]
4398,[33.]
4399,[29.]
4400,[28.]
4401,[27.]
4402,[35.]
4403,[30.]
4404,[27.]
4405,[23.]
4406,[33.]
4407,[15.]
4408,[25.]
4409,[20.]
4410,[28.]
4411,[25.]
4412,[28.]
4413,[14.]
4414,[28.]
4415,[22.]
4416,[18.]
4417,[21.]
4418,[10.]
4419,[23.]
4420,[27.]
4421,[24.]
4422,[25.]
4423,[27.]
4424,[11.]
4425,[22.]
4426,[16.]
4427,[20.]
4428,[31.]
4429,[29.]
4430,[28.]
4431,[38.]
4432,[19.]
4433,[27.]
4434,[26.]
4435,[36.]
4436,[26.]
4437,[40.]
4438,[25.]
4439,[19.]
4440,[27.]
4441,[25.]
4442,[28.]
4443,[28.]
4444,[24.]
4445,[27.]
4446,[14.]
4447,[34.]
4448,[29.]
4449,[12.]
4450,[30.]
4451,[33.]
4452,[29.]
4453,[26.]
4454,[22.]
4455,[32.]
4456,[31.]
4457,[31.]
4458,[17.]
4459,[24.]
4460,[23.]
4461,[25.]
4462,[29.]
4463,[23.]
4464,[29.]
4465,[20.]
4466,[21.]
4467,[27.]
4468,[26.]
4469,[26.]
4470,[21.]
4471,[35.]
4472,[27.]
4473,[23.]
4474,[27.]
4475,[32.]
4476,[36.]
4477,[27.]
4478,[33.]
4479,[21.]
4480,[25.]
4481,[33.]
4482,[17.]
4483,[15.]
4484,[22.]
4485,[21.]
4486,[35.]
4487,[29.]
4488,[27.]
4489,[23.]
4490,[31.]
4491,[31.]
4492,[22.]
4493,[20.]
4494,[17.]
4495,[18.]
4496,[32.]
4497,[24.]
4498,[19.]
4499,[25.]
4500,[12.]
4501,[28.]
4502,[21.]
4503,[14.]
4504,[20.]
4505,[22.]
4506,[26.]
4507,[32.]
4508,[22.]
4509,[18.]
4510,[34.]
4511,[25.]
4512,[22.]
4513,[15.]
4514,[21.]
4515,[25.]
4516,[20.]
4517,[19.]
4518,[30.]
4519,[27.]
4520,[26.]
4521,[25.]
4522,[10.]
4523,[24.]
4524,[24.]
4525,[22.]
4526,[25.]
4527,[26.]
4528,[28.]
4529,[17.]
4530,[36.]
4531,[29.]
4532,[18.]
4533,[21.]
4534,[24.]
4535,[23.]
4536,[23.]
4537,[31.]
4538,[30.]
4539,[31.]
4540,[22.]
4541,[29.]
4542,[24.]
4543,[30.]
4544,[25.]
4545,[31.]
4546,[24.]
4547,[14.]
4548,[28.]
4549,[23.]
4550,[28.]
4551,[19.]
4552,[39.]
4553,[24.]
4554,[27.]
4555,[22.]
4556,[24.]
4557,[27.]
4558,[25.]
4559,[22.]
4560,[23.]
4561,[25.]
4562,[20.]
4563,[27.]
4564,[26.]
4565,[24.]
4566,[28.]
4567,[31.]
4568,[31.]
4569,[33.]
4570,[29.]
4571,[29.]
4572,[25.]
4573,[28.]
4574,[23.]
4575,[27.]
4576,[16.]
4577,[16.]
4578,[28.]
4579,[20.]
4580,[26.]
4581,[20.]
4582,[5.]
4583,[25.]
4584,[28.]
4585,[24.]
4586,[11.]
4587,[25.]
4588,[31.]
4589,[25.]
4590,[19.]
4591,[19.]
4592,[23.]
4593,[27.]
4594,[16.]
4595,[24.]
4596,[22.]
4597,[39.]
4598,[22.]
4599,[25.]
4600,[25.]
4601,[25.]
4602,[21.]
4603,[15.]
4604,[18.]
4605,[28.]
4606,[23.]
4607,[26.]
4608,[16.]
4609,[27.]
4610,[22.]
4611,[27.]
4612,[23.]
4613,[26.]
4614,[21.]
4615,[24.]
4616,[25.]
4617,[15.]
4618,[18.]
4619,[19.]
4620,[22.]
4621,[19.]
4622,[17.]
4623,[21.]
4624,[22.]
4625,[25.]
4626,[23.]
4627,[31.]
4628,[28.]
4629,[26.]
4630,[22.]
4631,[27.]
4632,[23.]
4633,[26.]
4634,[24.]
4635,[24.]
4636,[27.]
4637,[18.]
4638,[20.]
4639,[24.]
4640,[21.]
4641,[26.]
4642,[26.]
4643,[15.]
4644,[24.]
4645,[24.]
4646,[15.]
4647,[32.]
4648,[34.]
4649,[32.]
4650,[25.]
4651,[23.]
4652,[27.]
4653,[34.]
4654,[30.]
4655,[24.]
4656,[37.]
4657,[24.]
4658,[26.]
4659,[22.]
4660,[33.]
4661,[18.]
4662,[20.]
4663,[25.]
4664,[27.]
4665,[24.]
4666,[28.]
4667,[27.]
4668,[26.]
4669,[29.]
4670,[29.]
4671,[17.]
4672,[19.]
4673,[22.]
4674,[19.]
4675,[20.]
4676,[25.]
4677,[34.]
4678,[26.]
4679,[27.]
4680,[12.]
4681,[27.]
4682,[22.]
4683,[27.]
4684,[32.]
4685,[20.]
4686,[34.]
4687,[25.]
4688,[22.]
4689,[19.]
4690,[31.]
4691,[28.]
4692,[20.]
4693,[23.]
4694,[21.]
4695,[25.]
4696,[30.]
4697,[34.]
4698,[13.]
4699,[21.]
4700,[22.]
4701,[29.]
4702,[14.]
4703,[31.]
4704,[32.]
4705,[26.]
4706,[27.]
4707,[19.]
4708,[19.]
4709,[15.]
4710,[24.]
4711,[22.]
4712,[24.]
4713,[30.]
4714,[24.]
4715,[8.]
4716,[26.]
4717,[31.]
4718,[28.]
4719,[28.]
4720,[28.]
4721,[21.]
4722,[24.]
4723,[22.]
4724,[20.]
4725,[27.]
4726,[25.]
4727,[29.]
4728,[21.]
4729,[26.]
4730,[16.]
4731,[26.]
4732,[11.]
4733,[24.]
4734,[21.]
4735,[33.]
4736,[21.]
4737,[22.]
4738,[23.]
4739,[20.]
4740,[38.]
4741,[22.]
4742,[24.]
4743,[22.]
4744,[14.]
4745,[25.]
4746,[26.]
4747,[25.]
4748,[15.]
4749,[31.]
4750,[31.]
4751,[24.]
4752,[22.]
4753,[26.]
4754,[18.]
4755,[20.]
4756,[22.]
4757,[16.]
4758,[26.]
4759,[27.]
4760,[24.]
4761,[23.]
4762,[24.]
4763,[20.]
4764,[27.]
4765,[21.]
4766,[21.]
4767,[21.]
4768,[20.]
4769,[20.]
4770,[22.]
4771,[21.]
4772,[16.]
4773,[20.]
4774,[24.]
4775,[31.]
4776,[29.]
4777,[32.]
4778,[24.]
4779,[33.]
4780,[29.]
4781,[18.]
4782,[24.]
4783,[40.]
4784,[31.]
4785,[23.]
4786,[25.]
4787,[22.]
4788,[20.]
4789,[16.]
4790,[22.]
4791,[25.]
4792,[26.]
4793,[22.]
4794,[13.]
4795,[24.]
4796,[28.]
4797,[23.]
4798,[26.]
4799,[8.]
4800,[33.]
4801,[26.]
4802,[28.]
4803,[24.]
4804,[26.]
4805,[27.]
4806,[30.]
4807,[28.]
4808,[21.]
4809,[15.]
4810,[28.]
4811,[27.]
4812,[17.]
4813,[22.]
4814,[23.]
4815,[23.]
4816,[16.]
4817,[20.]
4818,[33.]
4819,[31.]
4820,[32.]
4821,[26.]
4822,[23.]
4823,[27.]
4824,[30.]
4825,[20.]
4826,[25.]
4827,[31.]
4828,[27.]
4829,[22.]
4830,[21.]
4831,[25.]
4832,[16.]
4833,[22.]
4834,[26.]
4835,[25.]
4836,[25.]
4837,[16.]
4838,[16.]
4839,[16.]
4840,[23.]
4841,[31.]
4842,[23.]
4843,[33.]
4844,[20.]
4845,[23.]
4846,[21.]
4847,[31.]
4848,[21.]
4849,[19.]
4850,[25.]
4851,[17.]
4852,[20.]
4853,[19.]
4854,[23.]
4855,[26.]
4856,[27.]
4857,[27.]
4858,[28.]
4859,[22.]
4860,[26.]
4861,[30.]
4862,[14.]
4863,[25.]
4864,[27.]
4865,[22.]
4866,[18.]
4867,[21.]
4868,[25.]
4869,[20.]
4870,[19.]
4871,[22.]
4872,[21.]
4873,[19.]
4874,[24.]
4875,[25.]
4876,[30.]
4877,[25.]
4878,[26.]
4879,[21.]
4880,[23.]
4881,[34.]
4882,[23.]
4883,[35.]
4884,[19.]
4885,[19.]
4886,[25.]
4887,[18.]
4888,[29.]
4889,[33.]
4890,[28.]
4891,[30.]
4892,[28.]
4893,[18.]
4894,[29.]
4895,[19.]
4896,[18.]
4897,[28.]
4898,[38.]
4899,[18.]
4900,[26.]
4901,[17.]
4902,[20.]
4903,[25.]
4904,[19.]
4905,[33.]
4906,[19.]
4907,[23.]
4908,[20.]
4909,[23.]
4910,[23.]
4911,[27.]
4912,[25.]
4913,[20.]
4914,[30.]
4915,[29.]
4916,[18.]
4917,[19.]
4918,[13.]
4919,[17.]
4920,[12.]
4921,[32.]
4922,[21.]
4923,[28.]
4924,[29.]
4925,[36.]
4926,[13.]
4927,[25.]
4928,[19.]
4929,[23.]
4930,[16.]
4931,[27.]
4932,[26.]
4933,[33.]
4934,[14.]
4935,[20.]
4936,[24.]
4937,[29.]
4938,[28.]
4939,[28.]
4940,[25.]
4941,[34.]
4942,[19.]
4943,[28.]
4944,[23.]
4945,[23.]
4946,[27.]
4947,[24.]
4948,[21.]
4949,[22.]
4950,[19.]
4951,[35.]
4952,[24.]
4953,[28.]
4954,[29.]
4955,[21.]
4956,[18.]
4957,[20.]
4958,[16.]
4959,[17.]
4960,[25.]
4961,[18.]
4962,[24.]
4963,[35.]
4964,[29.]
4965,[14.]
4966,[21.]
4967,[12.]
4968,[27.]
4969,[22.]
4970,[19.]
4971,[22.]
4972,[27.]
4973,[24.]
4974,[39.]
4975,[21.]
4976,[17.]
4977,[15.]
4978,[15.]
4979,[32.]
4980,[31.]
4981,[36.]
4982,[15.]
4983,[15.]
4984,[14.]
4985,[26.]
4986,[26.]
4987,[33.]
4988,[26.]
4989,[31.]
4990,[22.]
4991,[28.]
4992,[26.]
4993,[24.]
4994,[35.]
4995,[24.]
4996,[16.]
4997,[16.]
4998,[28.]
4999,[20.]
5000,[27.]
