Episodio,Puntaje
1,[24.]
2,[20.]
3,[27.]
4,[19.]
5,[31.]
6,[27.]
7,[29.]
8,[22.]
9,[19.]
10,[22.]
11,[28.]
12,[26.]
13,[29.]
14,[27.]
15,[37.]
16,[28.]
17,[19.]
18,[22.]
19,[21.]
20,[25.]
21,[22.]
22,[27.]
23,[30.]
24,[13.]
25,[25.]
26,[20.]
27,[23.]
28,[19.]
29,[20.]
30,[17.]
31,[17.]
32,[19.]
33,[23.]
34,[25.]
35,[25.]
36,[23.]
37,[24.]
38,[18.]
39,[21.]
40,[20.]
41,[24.]
42,[18.]
43,[29.]
44,[25.]
45,[24.]
46,[17.]
47,[20.]
48,[26.]
49,[23.]
50,[26.]
51,[24.]
52,[36.]
53,[16.]
54,[18.]
55,[32.]
56,[21.]
57,[18.]
58,[32.]
59,[18.]
60,[23.]
61,[25.]
62,[25.]
63,[27.]
64,[19.]
65,[21.]
66,[25.]
67,[26.]
68,[16.]
69,[14.]
70,[23.]
71,[23.]
72,[24.]
73,[21.]
74,[29.]
75,[22.]
76,[22.]
77,[26.]
78,[18.]
79,[21.]
80,[24.]
81,[23.]
82,[31.]
83,[20.]
84,[30.]
85,[13.]
86,[26.]
87,[22.]
88,[21.]
89,[27.]
90,[26.]
91,[23.]
92,[18.]
93,[33.]
94,[18.]
95,[17.]
96,[25.]
97,[23.]
98,[23.]
99,[20.]
100,[25.]
101,[25.]
102,[26.]
103,[24.]
104,[26.]
105,[23.]
106,[34.]
107,[29.]
108,[23.]
109,[20.]
110,[23.]
111,[35.]
112,[16.]
113,[18.]
114,[23.]
115,[21.]
116,[30.]
117,[28.]
118,[18.]
119,[29.]
120,[28.]
121,[22.]
122,[31.]
123,[17.]
124,[26.]
125,[10.]
126,[25.]
127,[10.]
128,[24.]
129,[22.]
130,[19.]
131,[18.]
132,[28.]
133,[29.]
134,[24.]
135,[21.]
136,[27.]
137,[23.]
138,[24.]
139,[19.]
140,[27.]
141,[22.]
142,[39.]
143,[29.]
144,[15.]
145,[21.]
146,[20.]
147,[23.]
148,[27.]
149,[31.]
150,[33.]
151,[10.]
152,[23.]
153,[25.]
154,[19.]
155,[18.]
156,[21.]
157,[27.]
158,[21.]
159,[16.]
160,[23.]
161,[29.]
162,[24.]
163,[28.]
164,[29.]
165,[19.]
166,[20.]
167,[25.]
168,[16.]
169,[24.]
170,[31.]
171,[26.]
172,[24.]
173,[15.]
174,[25.]
175,[17.]
176,[15.]
177,[24.]
178,[35.]
179,[20.]
180,[19.]
181,[18.]
182,[25.]
183,[27.]
184,[17.]
185,[22.]
186,[23.]
187,[22.]
188,[35.]
189,[19.]
190,[21.]
191,[20.]
192,[23.]
193,[22.]
194,[30.]
195,[31.]
196,[26.]
197,[15.]
198,[24.]
199,[18.]
200,[23.]
201,[25.]
202,[27.]
203,[19.]
204,[22.]
205,[20.]
206,[26.]
207,[25.]
208,[24.]
209,[26.]
210,[24.]
211,[31.]
212,[19.]
213,[30.]
214,[27.]
215,[28.]
216,[27.]
217,[25.]
218,[13.]
219,[16.]
220,[25.]
221,[24.]
222,[29.]
223,[17.]
224,[29.]
225,[20.]
226,[16.]
227,[38.]
228,[33.]
229,[27.]
230,[20.]
231,[28.]
232,[21.]
233,[19.]
234,[27.]
235,[15.]
236,[17.]
237,[28.]
238,[23.]
239,[27.]
240,[20.]
241,[21.]
242,[32.]
243,[20.]
244,[21.]
245,[19.]
246,[25.]
247,[25.]
248,[12.]
249,[34.]
250,[27.]
251,[28.]
252,[25.]
253,[22.]
254,[27.]
255,[28.]
256,[20.]
257,[22.]
258,[23.]
259,[21.]
260,[28.]
261,[18.]
262,[22.]
263,[18.]
264,[25.]
265,[12.]
266,[24.]
267,[31.]
268,[24.]
269,[22.]
270,[27.]
271,[26.]
272,[26.]
273,[27.]
274,[33.]
275,[33.]
276,[16.]
277,[23.]
278,[21.]
279,[28.]
280,[15.]
281,[24.]
282,[23.]
283,[25.]
284,[32.]
285,[20.]
286,[26.]
287,[23.]
288,[29.]
289,[26.]
290,[7.]
291,[30.]
292,[29.]
293,[31.]
294,[32.]
295,[13.]
296,[13.]
297,[24.]
298,[16.]
299,[9.]
300,[21.]
301,[22.]
302,[23.]
303,[24.]
304,[23.]
305,[33.]
306,[30.]
307,[24.]
308,[21.]
309,[25.]
310,[19.]
311,[29.]
312,[24.]
313,[19.]
314,[20.]
315,[16.]
316,[15.]
317,[25.]
318,[20.]
319,[15.]
320,[23.]
321,[15.]
322,[22.]
323,[19.]
324,[17.]
325,[27.]
326,[27.]
327,[21.]
328,[27.]
329,[29.]
330,[22.]
331,[26.]
332,[20.]
333,[34.]
334,[25.]
335,[34.]
336,[27.]
337,[28.]
338,[22.]
339,[18.]
340,[21.]
341,[24.]
342,[31.]
343,[17.]
344,[22.]
345,[24.]
346,[14.]
347,[29.]
348,[24.]
349,[24.]
350,[20.]
351,[26.]
352,[27.]
353,[33.]
354,[18.]
355,[27.]
356,[24.]
357,[17.]
358,[23.]
359,[20.]
360,[32.]
361,[12.]
362,[31.]
363,[23.]
364,[20.]
365,[20.]
366,[22.]
367,[27.]
368,[20.]
369,[16.]
370,[22.]
371,[32.]
372,[21.]
373,[20.]
374,[31.]
375,[21.]
376,[22.]
377,[30.]
378,[21.]
379,[23.]
380,[22.]
381,[25.]
382,[23.]
383,[17.]
384,[29.]
385,[26.]
386,[25.]
387,[32.]
388,[34.]
389,[23.]
390,[24.]
391,[19.]
392,[21.]
393,[28.]
394,[30.]
395,[21.]
396,[23.]
397,[32.]
398,[23.]
399,[30.]
400,[20.]
401,[25.]
402,[23.]
403,[29.]
404,[20.]
405,[23.]
406,[25.]
407,[16.]
408,[18.]
409,[20.]
410,[35.]
411,[18.]
412,[25.]
413,[23.]
414,[31.]
415,[21.]
416,[27.]
417,[32.]
418,[15.]
419,[29.]
420,[23.]
421,[29.]
422,[27.]
423,[23.]
424,[21.]
425,[27.]
426,[28.]
427,[25.]
428,[27.]
429,[22.]
430,[22.]
431,[24.]
432,[22.]
433,[26.]
434,[24.]
435,[27.]
436,[23.]
437,[23.]
438,[21.]
439,[21.]
440,[20.]
441,[32.]
442,[23.]
443,[27.]
444,[13.]
445,[36.]
446,[21.]
447,[27.]
448,[21.]
449,[33.]
450,[23.]
451,[33.]
452,[23.]
453,[19.]
454,[18.]
455,[16.]
456,[22.]
457,[27.]
458,[18.]
459,[28.]
460,[26.]
461,[28.]
462,[34.]
463,[21.]
464,[28.]
465,[28.]
466,[28.]
467,[23.]
468,[17.]
469,[27.]
470,[22.]
471,[28.]
472,[24.]
473,[17.]
474,[18.]
475,[33.]
476,[24.]
477,[25.]
478,[22.]
479,[28.]
480,[10.]
481,[7.]
482,[18.]
483,[26.]
484,[25.]
485,[19.]
486,[23.]
487,[26.]
488,[16.]
489,[30.]
490,[25.]
491,[25.]
492,[15.]
493,[26.]
494,[17.]
495,[22.]
496,[22.]
497,[23.]
498,[32.]
499,[30.]
500,[29.]
501,[29.]
502,[26.]
503,[33.]
504,[15.]
505,[19.]
506,[32.]
507,[29.]
508,[25.]
509,[15.]
510,[19.]
511,[29.]
512,[30.]
513,[16.]
514,[19.]
515,[26.]
516,[21.]
517,[17.]
518,[17.]
519,[25.]
520,[18.]
521,[26.]
522,[19.]
523,[23.]
524,[21.]
525,[24.]
526,[19.]
527,[24.]
528,[31.]
529,[12.]
530,[36.]
531,[19.]
532,[21.]
533,[19.]
534,[22.]
535,[16.]
536,[29.]
537,[32.]
538,[19.]
539,[34.]
540,[27.]
541,[16.]
542,[31.]
543,[23.]
544,[25.]
545,[29.]
546,[27.]
547,[25.]
548,[18.]
549,[22.]
550,[24.]
551,[16.]
552,[24.]
553,[16.]
554,[21.]
555,[32.]
556,[23.]
557,[32.]
558,[31.]
559,[25.]
560,[26.]
561,[29.]
562,[24.]
563,[25.]
564,[20.]
565,[26.]
566,[28.]
567,[15.]
568,[20.]
569,[32.]
570,[15.]
571,[25.]
572,[17.]
573,[29.]
574,[28.]
575,[15.]
576,[33.]
577,[24.]
578,[24.]
579,[19.]
580,[19.]
581,[26.]
582,[28.]
583,[27.]
584,[29.]
585,[21.]
586,[24.]
587,[19.]
588,[24.]
589,[22.]
590,[29.]
591,[27.]
592,[23.]
593,[23.]
594,[21.]
595,[22.]
596,[20.]
597,[22.]
598,[14.]
599,[22.]
600,[32.]
601,[11.]
602,[24.]
603,[21.]
604,[24.]
605,[27.]
606,[29.]
607,[17.]
608,[25.]
609,[20.]
610,[29.]
611,[23.]
612,[23.]
613,[19.]
614,[29.]
615,[22.]
616,[24.]
617,[24.]
618,[16.]
619,[32.]
620,[18.]
621,[19.]
622,[26.]
623,[32.]
624,[28.]
625,[20.]
626,[29.]
627,[42.]
628,[23.]
629,[22.]
630,[30.]
631,[26.]
632,[14.]
633,[30.]
634,[17.]
635,[26.]
636,[30.]
637,[23.]
638,[19.]
639,[30.]
640,[22.]
641,[22.]
642,[18.]
643,[21.]
644,[29.]
645,[23.]
646,[29.]
647,[23.]
648,[26.]
649,[22.]
650,[21.]
651,[36.]
652,[22.]
653,[34.]
654,[29.]
655,[17.]
656,[26.]
657,[23.]
658,[25.]
659,[21.]
660,[21.]
661,[28.]
662,[24.]
663,[24.]
664,[18.]
665,[25.]
666,[26.]
667,[22.]
668,[29.]
669,[17.]
670,[20.]
671,[22.]
672,[31.]
673,[29.]
674,[34.]
675,[31.]
676,[19.]
677,[17.]
678,[23.]
679,[23.]
680,[31.]
681,[15.]
682,[37.]
683,[32.]
684,[27.]
685,[28.]
686,[19.]
687,[23.]
688,[16.]
689,[26.]
690,[20.]
691,[25.]
692,[28.]
693,[23.]
694,[28.]
695,[23.]
696,[23.]
697,[30.]
698,[26.]
699,[16.]
700,[21.]
701,[31.]
702,[27.]
703,[25.]
704,[26.]
705,[18.]
706,[33.]
707,[19.]
708,[27.]
709,[30.]
710,[23.]
711,[28.]
712,[21.]
713,[14.]
714,[24.]
715,[18.]
716,[19.]
717,[25.]
718,[34.]
719,[27.]
720,[20.]
721,[24.]
722,[18.]
723,[24.]
724,[24.]
725,[23.]
726,[25.]
727,[18.]
728,[11.]
729,[20.]
730,[30.]
731,[22.]
732,[28.]
733,[23.]
734,[26.]
735,[17.]
736,[34.]
737,[23.]
738,[23.]
739,[21.]
740,[35.]
741,[35.]
742,[29.]
743,[18.]
744,[20.]
745,[28.]
746,[37.]
747,[28.]
748,[29.]
749,[23.]
750,[24.]
751,[35.]
752,[30.]
753,[29.]
754,[23.]
755,[25.]
756,[17.]
757,[31.]
758,[31.]
759,[28.]
760,[22.]
761,[26.]
762,[25.]
763,[24.]
764,[13.]
765,[23.]
766,[29.]
767,[23.]
768,[28.]
769,[22.]
770,[33.]
771,[19.]
772,[21.]
773,[24.]
774,[29.]
775,[24.]
776,[18.]
777,[23.]
778,[20.]
779,[26.]
780,[20.]
781,[27.]
782,[27.]
783,[20.]
784,[26.]
785,[18.]
786,[25.]
787,[25.]
788,[24.]
789,[23.]
790,[27.]
791,[35.]
792,[23.]
793,[16.]
794,[21.]
795,[23.]
796,[33.]
797,[16.]
798,[26.]
799,[27.]
800,[34.]
801,[16.]
802,[25.]
803,[21.]
804,[30.]
805,[27.]
806,[37.]
807,[22.]
808,[32.]
809,[28.]
810,[20.]
811,[27.]
812,[30.]
813,[21.]
814,[29.]
815,[28.]
816,[24.]
817,[31.]
818,[37.]
819,[17.]
820,[26.]
821,[21.]
822,[25.]
823,[22.]
824,[14.]
825,[27.]
826,[20.]
827,[29.]
828,[24.]
829,[40.]
830,[29.]
831,[35.]
832,[25.]
833,[30.]
834,[38.]
835,[26.]
836,[27.]
837,[30.]
838,[22.]
839,[29.]
840,[20.]
841,[26.]
842,[20.]
843,[26.]
844,[22.]
845,[31.]
846,[28.]
847,[28.]
848,[24.]
849,[23.]
850,[30.]
851,[28.]
852,[23.]
853,[23.]
854,[17.]
855,[19.]
856,[31.]
857,[21.]
858,[29.]
859,[24.]
860,[21.]
861,[20.]
862,[19.]
863,[20.]
864,[28.]
865,[26.]
866,[25.]
867,[28.]
868,[26.]
869,[30.]
870,[23.]
871,[33.]
872,[23.]
873,[31.]
874,[17.]
875,[22.]
876,[27.]
877,[22.]
878,[21.]
879,[22.]
880,[21.]
881,[20.]
882,[27.]
883,[24.]
884,[28.]
885,[29.]
886,[18.]
887,[25.]
888,[18.]
889,[23.]
890,[21.]
891,[21.]
892,[24.]
893,[33.]
894,[28.]
895,[26.]
896,[23.]
897,[29.]
898,[37.]
899,[25.]
900,[23.]
901,[33.]
902,[23.]
903,[22.]
904,[34.]
905,[25.]
906,[23.]
907,[21.]
908,[20.]
909,[21.]
910,[18.]
911,[20.]
912,[17.]
913,[18.]
914,[24.]
915,[40.]
916,[37.]
917,[32.]
918,[22.]
919,[35.]
920,[33.]
921,[25.]
922,[22.]
923,[30.]
924,[20.]
925,[23.]
926,[12.]
927,[30.]
928,[33.]
929,[21.]
930,[23.]
931,[16.]
932,[21.]
933,[14.]
934,[24.]
935,[22.]
936,[25.]
937,[32.]
938,[35.]
939,[29.]
940,[21.]
941,[24.]
942,[26.]
943,[19.]
944,[29.]
945,[23.]
946,[25.]
947,[26.]
948,[29.]
949,[17.]
950,[17.]
951,[24.]
952,[23.]
953,[34.]
954,[25.]
955,[11.]
956,[17.]
957,[25.]
958,[14.]
959,[25.]
960,[25.]
961,[27.]
962,[25.]
963,[33.]
964,[28.]
965,[23.]
966,[12.]
967,[26.]
968,[24.]
969,[15.]
970,[27.]
971,[32.]
972,[29.]
973,[31.]
974,[27.]
975,[27.]
976,[27.]
977,[23.]
978,[24.]
979,[30.]
980,[28.]
981,[23.]
982,[16.]
983,[24.]
984,[32.]
985,[28.]
986,[12.]
987,[22.]
988,[21.]
989,[29.]
990,[22.]
991,[21.]
992,[35.]
993,[24.]
994,[17.]
995,[20.]
996,[38.]
997,[18.]
998,[26.]
999,[28.]
1000,[19.]
1001,[29.]
1002,[32.]
1003,[25.]
1004,[27.]
1005,[23.]
1006,[12.]
1007,[24.]
1008,[20.]
1009,[18.]
1010,[28.]
1011,[23.]
1012,[27.]
1013,[14.]
1014,[28.]
1015,[18.]
1016,[19.]
1017,[25.]
1018,[27.]
1019,[27.]
1020,[25.]
1021,[36.]
1022,[21.]
1023,[24.]
1024,[22.]
1025,[28.]
1026,[22.]
1027,[13.]
1028,[28.]
1029,[34.]
1030,[21.]
1031,[30.]
1032,[20.]
1033,[19.]
1034,[23.]
1035,[25.]
1036,[19.]
1037,[19.]
1038,[34.]
1039,[26.]
1040,[20.]
1041,[21.]
1042,[23.]
1043,[24.]
1044,[29.]
1045,[30.]
1046,[17.]
1047,[26.]
1048,[35.]
1049,[26.]
1050,[21.]
1051,[22.]
1052,[22.]
1053,[17.]
1054,[21.]
1055,[22.]
1056,[27.]
1057,[24.]
1058,[25.]
1059,[18.]
1060,[37.]
1061,[28.]
1062,[31.]
1063,[24.]
1064,[38.]
1065,[16.]
1066,[15.]
1067,[16.]
1068,[20.]
1069,[21.]
1070,[31.]
1071,[31.]
1072,[19.]
1073,[26.]
1074,[25.]
1075,[31.]
1076,[23.]
1077,[17.]
1078,[20.]
1079,[10.]
1080,[28.]
1081,[24.]
1082,[22.]
1083,[29.]
1084,[19.]
1085,[33.]
1086,[30.]
1087,[23.]
1088,[29.]
1089,[9.]
1090,[40.]
1091,[21.]
1092,[23.]
1093,[16.]
1094,[27.]
1095,[29.]
1096,[17.]
1097,[18.]
1098,[16.]
1099,[31.]
1100,[12.]
1101,[24.]
1102,[19.]
1103,[37.]
1104,[20.]
1105,[21.]
1106,[33.]
1107,[28.]
1108,[32.]
1109,[28.]
1110,[16.]
1111,[17.]
1112,[22.]
1113,[27.]
1114,[29.]
1115,[15.]
1116,[23.]
1117,[28.]
1118,[31.]
1119,[34.]
1120,[28.]
1121,[22.]
1122,[19.]
1123,[23.]
1124,[24.]
1125,[13.]
1126,[16.]
1127,[24.]
1128,[37.]
1129,[29.]
1130,[29.]
1131,[32.]
1132,[10.]
1133,[31.]
1134,[37.]
1135,[35.]
1136,[23.]
1137,[22.]
1138,[20.]
1139,[23.]
1140,[21.]
1141,[30.]
1142,[22.]
1143,[20.]
1144,[21.]
1145,[20.]
1146,[27.]
1147,[21.]
1148,[22.]
1149,[32.]
1150,[30.]
1151,[26.]
1152,[24.]
1153,[31.]
1154,[22.]
1155,[15.]
1156,[30.]
1157,[27.]
1158,[21.]
1159,[19.]
1160,[33.]
1161,[18.]
1162,[21.]
1163,[26.]
1164,[12.]
1165,[39.]
1166,[30.]
1167,[26.]
1168,[27.]
1169,[19.]
1170,[32.]
1171,[25.]
1172,[25.]
1173,[19.]
1174,[20.]
1175,[18.]
1176,[33.]
1177,[21.]
1178,[25.]
1179,[30.]
1180,[18.]
1181,[16.]
1182,[14.]
1183,[20.]
1184,[22.]
1185,[29.]
1186,[16.]
1187,[32.]
1188,[7.]
1189,[18.]
1190,[26.]
1191,[28.]
1192,[24.]
1193,[16.]
1194,[19.]
1195,[24.]
1196,[23.]
1197,[23.]
1198,[17.]
1199,[27.]
1200,[19.]
1201,[11.]
1202,[20.]
1203,[10.]
1204,[31.]
1205,[42.]
1206,[17.]
1207,[29.]
1208,[29.]
1209,[26.]
1210,[24.]
1211,[26.]
1212,[21.]
1213,[21.]
1214,[30.]
1215,[28.]
1216,[29.]
1217,[26.]
1218,[19.]
1219,[24.]
1220,[23.]
1221,[13.]
1222,[28.]
1223,[29.]
1224,[23.]
1225,[35.]
1226,[25.]
1227,[22.]
1228,[31.]
1229,[28.]
1230,[34.]
1231,[18.]
1232,[20.]
1233,[21.]
1234,[27.]
1235,[23.]
1236,[28.]
1237,[25.]
1238,[11.]
1239,[18.]
1240,[33.]
1241,[22.]
1242,[29.]
1243,[26.]
1244,[28.]
1245,[21.]
1246,[19.]
1247,[26.]
1248,[28.]
1249,[25.]
1250,[16.]
1251,[24.]
1252,[29.]
1253,[16.]
1254,[33.]
1255,[30.]
1256,[21.]
1257,[36.]
1258,[23.]
1259,[32.]
1260,[28.]
1261,[15.]
1262,[20.]
1263,[16.]
1264,[17.]
1265,[24.]
1266,[28.]
1267,[29.]
1268,[16.]
1269,[30.]
1270,[16.]
1271,[26.]
1272,[33.]
1273,[26.]
1274,[26.]
1275,[29.]
1276,[24.]
1277,[30.]
1278,[27.]
1279,[19.]
1280,[29.]
1281,[17.]
1282,[17.]
1283,[34.]
1284,[22.]
1285,[17.]
1286,[31.]
1287,[23.]
1288,[26.]
1289,[25.]
1290,[15.]
1291,[32.]
1292,[32.]
1293,[13.]
1294,[28.]
1295,[25.]
1296,[30.]
1297,[30.]
1298,[29.]
1299,[15.]
1300,[22.]
1301,[13.]
1302,[25.]
1303,[25.]
1304,[25.]
1305,[20.]
1306,[7.]
1307,[30.]
1308,[24.]
1309,[28.]
1310,[23.]
1311,[29.]
1312,[28.]
1313,[25.]
1314,[20.]
1315,[14.]
1316,[31.]
1317,[28.]
1318,[20.]
1319,[31.]
1320,[27.]
1321,[23.]
1322,[28.]
1323,[22.]
1324,[24.]
1325,[24.]
1326,[26.]
1327,[32.]
1328,[27.]
1329,[21.]
1330,[27.]
1331,[16.]
1332,[29.]
1333,[19.]
1334,[26.]
1335,[35.]
1336,[21.]
1337,[23.]
1338,[28.]
1339,[25.]
1340,[25.]
1341,[32.]
1342,[33.]
1343,[25.]
1344,[22.]
1345,[28.]
1346,[29.]
1347,[15.]
1348,[20.]
1349,[26.]
1350,[25.]
1351,[28.]
1352,[22.]
1353,[18.]
1354,[24.]
1355,[17.]
1356,[27.]
1357,[28.]
1358,[31.]
1359,[21.]
1360,[23.]
1361,[21.]
1362,[19.]
1363,[39.]
1364,[21.]
1365,[21.]
1366,[18.]
1367,[24.]
1368,[20.]
1369,[29.]
1370,[18.]
1371,[18.]
1372,[28.]
1373,[12.]
1374,[26.]
1375,[29.]
1376,[30.]
1377,[36.]
1378,[26.]
1379,[20.]
1380,[31.]
1381,[28.]
1382,[32.]
1383,[24.]
1384,[24.]
1385,[19.]
1386,[24.]
1387,[22.]
1388,[29.]
1389,[22.]
1390,[33.]
1391,[17.]
1392,[25.]
1393,[26.]
1394,[28.]
1395,[26.]
1396,[35.]
1397,[30.]
1398,[18.]
1399,[33.]
1400,[23.]
1401,[16.]
1402,[27.]
1403,[23.]
1404,[37.]
1405,[21.]
1406,[14.]
1407,[21.]
1408,[14.]
1409,[28.]
1410,[25.]
1411,[36.]
1412,[27.]
1413,[20.]
1414,[17.]
1415,[41.]
1416,[29.]
1417,[24.]
1418,[23.]
1419,[23.]
1420,[25.]
1421,[20.]
1422,[35.]
1423,[25.]
1424,[16.]
1425,[36.]
1426,[29.]
1427,[31.]
1428,[19.]
1429,[30.]
1430,[27.]
1431,[23.]
1432,[23.]
1433,[36.]
1434,[22.]
1435,[19.]
1436,[18.]
1437,[40.]
1438,[21.]
1439,[20.]
1440,[34.]
1441,[28.]
1442,[21.]
1443,[31.]
1444,[30.]
1445,[25.]
1446,[26.]
1447,[18.]
1448,[33.]
1449,[20.]
1450,[23.]
1451,[21.]
1452,[25.]
1453,[26.]
1454,[21.]
1455,[27.]
1456,[25.]
1457,[22.]
1458,[22.]
1459,[27.]
1460,[31.]
1461,[17.]
1462,[24.]
1463,[16.]
1464,[30.]
1465,[26.]
1466,[13.]
1467,[27.]
1468,[24.]
1469,[23.]
1470,[26.]
1471,[15.]
1472,[26.]
1473,[14.]
1474,[33.]
1475,[14.]
1476,[32.]
1477,[24.]
1478,[23.]
1479,[22.]
1480,[20.]
1481,[30.]
1482,[31.]
1483,[9.]
1484,[22.]
1485,[30.]
1486,[26.]
1487,[18.]
1488,[24.]
1489,[27.]
1490,[25.]
1491,[27.]
1492,[23.]
1493,[28.]
1494,[31.]
1495,[27.]
1496,[24.]
1497,[27.]
1498,[28.]
1499,[26.]
1500,[20.]
1501,[19.]
1502,[28.]
1503,[23.]
1504,[33.]
1505,[28.]
1506,[29.]
1507,[32.]
1508,[27.]
1509,[20.]
1510,[25.]
1511,[35.]
1512,[21.]
1513,[27.]
1514,[28.]
1515,[24.]
1516,[24.]
1517,[23.]
1518,[28.]
1519,[22.]
1520,[24.]
1521,[20.]
1522,[16.]
1523,[16.]
1524,[27.]
1525,[22.]
1526,[29.]
1527,[26.]
1528,[27.]
1529,[22.]
1530,[19.]
1531,[29.]
1532,[30.]
1533,[24.]
1534,[21.]
1535,[19.]
1536,[27.]
1537,[33.]
1538,[28.]
1539,[16.]
1540,[28.]
1541,[20.]
1542,[22.]
1543,[23.]
1544,[29.]
1545,[25.]
1546,[21.]
1547,[31.]
1548,[32.]
1549,[15.]
1550,[30.]
1551,[29.]
1552,[28.]
1553,[16.]
1554,[16.]
1555,[22.]
1556,[25.]
1557,[26.]
1558,[30.]
1559,[30.]
1560,[33.]
1561,[20.]
1562,[15.]
1563,[27.]
1564,[37.]
1565,[17.]
1566,[16.]
1567,[28.]
1568,[16.]
1569,[26.]
1570,[28.]
1571,[16.]
1572,[24.]
1573,[22.]
1574,[19.]
1575,[32.]
1576,[22.]
1577,[33.]
1578,[32.]
1579,[17.]
1580,[33.]
1581,[25.]
1582,[23.]
1583,[26.]
1584,[19.]
1585,[20.]
1586,[15.]
1587,[27.]
1588,[14.]
1589,[26.]
1590,[23.]
1591,[23.]
1592,[23.]
1593,[21.]
1594,[27.]
1595,[28.]
1596,[24.]
1597,[31.]
1598,[27.]
1599,[18.]
1600,[26.]
1601,[13.]
1602,[22.]
1603,[23.]
1604,[16.]
1605,[18.]
1606,[37.]
1607,[20.]
1608,[24.]
1609,[22.]
1610,[27.]
1611,[25.]
1612,[28.]
1613,[16.]
1614,[35.]
1615,[35.]
1616,[21.]
1617,[17.]
1618,[28.]
1619,[25.]
1620,[35.]
1621,[23.]
1622,[19.]
1623,[34.]
1624,[26.]
1625,[22.]
1626,[25.]
1627,[25.]
1628,[26.]
1629,[33.]
1630,[20.]
1631,[24.]
1632,[18.]
1633,[23.]
1634,[16.]
1635,[14.]
1636,[21.]
1637,[24.]
1638,[25.]
1639,[34.]
1640,[23.]
1641,[31.]
1642,[22.]
1643,[29.]
1644,[17.]
1645,[16.]
1646,[27.]
1647,[28.]
1648,[26.]
1649,[23.]
1650,[32.]
1651,[28.]
1652,[15.]
1653,[28.]
1654,[22.]
1655,[28.]
1656,[18.]
1657,[30.]
1658,[23.]
1659,[23.]
1660,[24.]
1661,[23.]
1662,[18.]
1663,[19.]
1664,[22.]
1665,[26.]
1666,[29.]
1667,[28.]
1668,[25.]
1669,[23.]
1670,[37.]
1671,[18.]
1672,[35.]
1673,[11.]
1674,[21.]
1675,[22.]
1676,[30.]
1677,[27.]
1678,[23.]
1679,[29.]
1680,[25.]
1681,[28.]
1682,[24.]
1683,[26.]
1684,[28.]
1685,[20.]
1686,[20.]
1687,[27.]
1688,[19.]
1689,[31.]
1690,[29.]
1691,[28.]
1692,[38.]
1693,[23.]
1694,[27.]
1695,[23.]
1696,[20.]
1697,[35.]
1698,[24.]
1699,[6.]
1700,[28.]
1701,[19.]
1702,[16.]
1703,[19.]
1704,[30.]
1705,[18.]
1706,[28.]
1707,[31.]
1708,[17.]
1709,[30.]
1710,[23.]
1711,[20.]
1712,[15.]
1713,[23.]
1714,[34.]
1715,[21.]
1716,[26.]
1717,[33.]
1718,[30.]
1719,[20.]
1720,[21.]
1721,[19.]
1722,[16.]
1723,[11.]
1724,[17.]
1725,[14.]
1726,[21.]
1727,[33.]
1728,[28.]
1729,[17.]
1730,[27.]
1731,[23.]
1732,[26.]
1733,[27.]
1734,[31.]
1735,[22.]
1736,[31.]
1737,[29.]
1738,[23.]
1739,[26.]
1740,[20.]
1741,[19.]
1742,[29.]
1743,[25.]
1744,[30.]
1745,[22.]
1746,[16.]
1747,[24.]
1748,[28.]
1749,[32.]
1750,[24.]
1751,[28.]
1752,[27.]
1753,[33.]
1754,[21.]
1755,[30.]
1756,[22.]
1757,[31.]
1758,[21.]
1759,[17.]
1760,[23.]
1761,[30.]
1762,[23.]
1763,[28.]
1764,[13.]
1765,[25.]
1766,[18.]
1767,[20.]
1768,[23.]
1769,[25.]
1770,[15.]
1771,[24.]
1772,[18.]
1773,[12.]
1774,[15.]
1775,[25.]
1776,[39.]
1777,[23.]
1778,[23.]
1779,[34.]
1780,[29.]
1781,[22.]
1782,[29.]
1783,[15.]
1784,[22.]
1785,[21.]
1786,[21.]
1787,[38.]
1788,[32.]
1789,[26.]
1790,[23.]
1791,[21.]
1792,[18.]
1793,[17.]
1794,[27.]
1795,[19.]
1796,[22.]
1797,[29.]
1798,[17.]
1799,[20.]
1800,[28.]
1801,[26.]
1802,[22.]
1803,[31.]
1804,[28.]
1805,[19.]
1806,[25.]
1807,[21.]
1808,[22.]
1809,[16.]
1810,[22.]
1811,[22.]
1812,[18.]
1813,[23.]
1814,[26.]
1815,[26.]
1816,[16.]
1817,[29.]
1818,[16.]
1819,[28.]
1820,[20.]
1821,[29.]
1822,[36.]
1823,[33.]
1824,[23.]
1825,[33.]
1826,[29.]
1827,[20.]
1828,[22.]
1829,[29.]
1830,[18.]
1831,[19.]
1832,[27.]
1833,[22.]
1834,[29.]
1835,[21.]
1836,[16.]
1837,[20.]
1838,[21.]
1839,[33.]
1840,[26.]
1841,[25.]
1842,[23.]
1843,[21.]
1844,[17.]
1845,[20.]
1846,[28.]
1847,[18.]
1848,[23.]
1849,[17.]
1850,[25.]
1851,[21.]
1852,[28.]
1853,[21.]
1854,[22.]
1855,[31.]
1856,[33.]
1857,[24.]
1858,[25.]
1859,[28.]
1860,[37.]
1861,[25.]
1862,[20.]
1863,[31.]
1864,[28.]
1865,[32.]
1866,[25.]
1867,[21.]
1868,[17.]
1869,[30.]
1870,[24.]
1871,[24.]
1872,[27.]
1873,[23.]
1874,[10.]
1875,[33.]
1876,[23.]
1877,[28.]
1878,[28.]
1879,[33.]
1880,[24.]
1881,[29.]
1882,[24.]
1883,[32.]
1884,[31.]
1885,[22.]
1886,[13.]
1887,[16.]
1888,[21.]
1889,[20.]
1890,[27.]
1891,[29.]
1892,[21.]
1893,[28.]
1894,[28.]
1895,[25.]
1896,[13.]
1897,[19.]
1898,[29.]
1899,[15.]
1900,[25.]
1901,[27.]
1902,[20.]
1903,[19.]
1904,[10.]
1905,[19.]
1906,[25.]
1907,[17.]
1908,[32.]
1909,[21.]
1910,[19.]
1911,[17.]
1912,[31.]
1913,[23.]
1914,[25.]
1915,[32.]
1916,[22.]
1917,[33.]
1918,[32.]
1919,[31.]
1920,[30.]
1921,[30.]
1922,[20.]
1923,[34.]
1924,[16.]
1925,[22.]
1926,[24.]
1927,[25.]
1928,[30.]
1929,[26.]
1930,[18.]
1931,[24.]
1932,[22.]
1933,[28.]
1934,[22.]
1935,[24.]
1936,[20.]
1937,[28.]
1938,[33.]
1939,[28.]
1940,[25.]
1941,[16.]
1942,[17.]
1943,[19.]
1944,[12.]
1945,[23.]
1946,[21.]
1947,[29.]
1948,[25.]
1949,[26.]
1950,[25.]
1951,[26.]
1952,[28.]
1953,[33.]
1954,[16.]
1955,[15.]
1956,[35.]
1957,[30.]
1958,[27.]
1959,[18.]
1960,[26.]
1961,[18.]
1962,[27.]
1963,[27.]
1964,[25.]
1965,[24.]
1966,[25.]
1967,[21.]
1968,[20.]
1969,[26.]
1970,[20.]
1971,[19.]
1972,[24.]
1973,[22.]
1974,[24.]
1975,[26.]
1976,[29.]
1977,[28.]
1978,[29.]
1979,[31.]
1980,[20.]
1981,[24.]
1982,[15.]
1983,[24.]
1984,[27.]
1985,[26.]
1986,[20.]
1987,[26.]
1988,[21.]
1989,[26.]
1990,[22.]
1991,[23.]
1992,[30.]
1993,[13.]
1994,[18.]
1995,[14.]
1996,[22.]
1997,[24.]
1998,[22.]
1999,[30.]
2000,[26.]
2001,[25.]
2002,[29.]
2003,[17.]
2004,[29.]
2005,[22.]
2006,[28.]
2007,[16.]
2008,[23.]
2009,[27.]
2010,[23.]
2011,[37.]
2012,[30.]
2013,[29.]
2014,[20.]
2015,[26.]
2016,[23.]
2017,[33.]
2018,[16.]
2019,[21.]
2020,[26.]
2021,[24.]
2022,[32.]
2023,[22.]
2024,[25.]
2025,[20.]
2026,[19.]
2027,[21.]
2028,[24.]
2029,[34.]
2030,[25.]
2031,[24.]
2032,[22.]
2033,[25.]
2034,[25.]
2035,[24.]
2036,[23.]
2037,[25.]
2038,[29.]
2039,[22.]
2040,[24.]
2041,[40.]
2042,[22.]
2043,[21.]
2044,[15.]
2045,[9.]
2046,[28.]
2047,[32.]
2048,[17.]
2049,[17.]
2050,[27.]
2051,[15.]
2052,[14.]
2053,[24.]
2054,[27.]
2055,[27.]
2056,[33.]
2057,[28.]
2058,[16.]
2059,[19.]
2060,[22.]
2061,[23.]
2062,[17.]
2063,[27.]
2064,[30.]
2065,[28.]
2066,[30.]
2067,[28.]
2068,[21.]
2069,[28.]
2070,[26.]
2071,[22.]
2072,[21.]
2073,[28.]
2074,[30.]
2075,[36.]
2076,[36.]
2077,[18.]
2078,[25.]
2079,[20.]
2080,[22.]
2081,[28.]
2082,[26.]
2083,[18.]
2084,[34.]
2085,[15.]
2086,[25.]
2087,[28.]
2088,[28.]
2089,[25.]
2090,[25.]
2091,[21.]
2092,[32.]
2093,[28.]
2094,[31.]
2095,[23.]
2096,[29.]
2097,[31.]
2098,[22.]
2099,[27.]
2100,[26.]
2101,[34.]
2102,[23.]
2103,[24.]
2104,[26.]
2105,[27.]
2106,[19.]
2107,[23.]
2108,[15.]
2109,[25.]
2110,[29.]
2111,[30.]
2112,[35.]
2113,[27.]
2114,[16.]
2115,[28.]
2116,[28.]
2117,[28.]
2118,[33.]
2119,[27.]
2120,[18.]
2121,[25.]
2122,[25.]
2123,[20.]
2124,[25.]
2125,[26.]
2126,[24.]
2127,[29.]
2128,[35.]
2129,[28.]
2130,[25.]
2131,[25.]
2132,[19.]
2133,[26.]
2134,[24.]
2135,[26.]
2136,[26.]
2137,[21.]
2138,[13.]
2139,[28.]
2140,[27.]
2141,[25.]
2142,[23.]
2143,[19.]
2144,[33.]
2145,[18.]
2146,[25.]
2147,[27.]
2148,[22.]
2149,[32.]
2150,[25.]
2151,[13.]
2152,[17.]
2153,[24.]
2154,[25.]
2155,[10.]
2156,[24.]
2157,[21.]
2158,[26.]
2159,[31.]
2160,[18.]
2161,[25.]
2162,[24.]
2163,[18.]
2164,[29.]
2165,[22.]
2166,[27.]
2167,[20.]
2168,[15.]
2169,[34.]
2170,[25.]
2171,[29.]
2172,[27.]
2173,[25.]
2174,[18.]
2175,[30.]
2176,[25.]
2177,[40.]
2178,[35.]
2179,[26.]
2180,[31.]
2181,[20.]
2182,[23.]
2183,[21.]
2184,[26.]
2185,[28.]
2186,[23.]
2187,[33.]
2188,[19.]
2189,[30.]
2190,[20.]
2191,[25.]
2192,[18.]
2193,[23.]
2194,[17.]
2195,[12.]
2196,[16.]
2197,[21.]
2198,[23.]
2199,[20.]
2200,[26.]
2201,[40.]
2202,[13.]
2203,[12.]
2204,[20.]
2205,[22.]
2206,[30.]
2207,[30.]
2208,[16.]
2209,[30.]
2210,[29.]
2211,[18.]
2212,[27.]
2213,[32.]
2214,[20.]
2215,[28.]
2216,[16.]
2217,[37.]
2218,[26.]
2219,[28.]
2220,[28.]
2221,[29.]
2222,[37.]
2223,[10.]
2224,[12.]
2225,[26.]
2226,[24.]
2227,[16.]
2228,[25.]
2229,[45.]
2230,[26.]
2231,[32.]
2232,[25.]
2233,[27.]
2234,[20.]
2235,[26.]
2236,[20.]
2237,[19.]
2238,[11.]
2239,[19.]
2240,[21.]
2241,[41.]
2242,[26.]
2243,[21.]
2244,[17.]
2245,[25.]
2246,[38.]
2247,[28.]
2248,[40.]
2249,[21.]
2250,[23.]
2251,[26.]
2252,[30.]
2253,[34.]
2254,[19.]
2255,[27.]
2256,[25.]
2257,[24.]
2258,[20.]
2259,[20.]
2260,[33.]
2261,[17.]
2262,[36.]
2263,[28.]
2264,[19.]
2265,[28.]
2266,[32.]
2267,[21.]
2268,[26.]
2269,[24.]
2270,[38.]
2271,[26.]
2272,[22.]
2273,[10.]
2274,[23.]
2275,[31.]
2276,[25.]
2277,[21.]
2278,[27.]
2279,[16.]
2280,[19.]
2281,[21.]
2282,[9.]
2283,[30.]
2284,[17.]
2285,[29.]
2286,[25.]
2287,[34.]
2288,[25.]
2289,[20.]
2290,[27.]
2291,[31.]
2292,[18.]
2293,[22.]
2294,[23.]
2295,[34.]
2296,[25.]
2297,[26.]
2298,[19.]
2299,[25.]
2300,[23.]
2301,[20.]
2302,[22.]
2303,[20.]
2304,[24.]
2305,[26.]
2306,[23.]
2307,[25.]
2308,[17.]
2309,[14.]
2310,[28.]
2311,[33.]
2312,[23.]
2313,[30.]
2314,[27.]
2315,[29.]
2316,[18.]
2317,[24.]
2318,[20.]
2319,[25.]
2320,[28.]
2321,[23.]
2322,[21.]
2323,[34.]
2324,[30.]
2325,[40.]
2326,[21.]
2327,[25.]
2328,[26.]
2329,[30.]
2330,[29.]
2331,[17.]
2332,[30.]
2333,[19.]
2334,[19.]
2335,[29.]
2336,[19.]
2337,[21.]
2338,[24.]
2339,[20.]
2340,[18.]
2341,[10.]
2342,[21.]
2343,[23.]
2344,[23.]
2345,[35.]
2346,[24.]
2347,[26.]
2348,[26.]
2349,[23.]
2350,[21.]
2351,[22.]
2352,[21.]
2353,[33.]
2354,[20.]
2355,[22.]
2356,[30.]
2357,[20.]
2358,[22.]
2359,[28.]
2360,[23.]
2361,[26.]
2362,[11.]
2363,[29.]
2364,[30.]
2365,[22.]
2366,[21.]
2367,[31.]
2368,[30.]
2369,[32.]
2370,[14.]
2371,[24.]
2372,[26.]
2373,[20.]
2374,[23.]
2375,[26.]
2376,[23.]
2377,[14.]
2378,[24.]
2379,[19.]
2380,[20.]
2381,[15.]
2382,[25.]
2383,[25.]
2384,[25.]
2385,[18.]
2386,[23.]
2387,[24.]
2388,[24.]
2389,[24.]
2390,[21.]
2391,[19.]
2392,[26.]
2393,[21.]
2394,[19.]
2395,[24.]
2396,[20.]
2397,[27.]
2398,[35.]
2399,[22.]
2400,[22.]
2401,[32.]
2402,[17.]
2403,[27.]
2404,[31.]
2405,[25.]
2406,[34.]
2407,[18.]
2408,[29.]
2409,[30.]
2410,[28.]
2411,[23.]
2412,[29.]
2413,[27.]
2414,[25.]
2415,[22.]
2416,[24.]
2417,[24.]
2418,[28.]
2419,[30.]
2420,[28.]
2421,[22.]
2422,[18.]
2423,[30.]
2424,[29.]
2425,[14.]
2426,[25.]
2427,[26.]
2428,[30.]
2429,[22.]
2430,[19.]
2431,[21.]
2432,[27.]
2433,[27.]
2434,[18.]
2435,[28.]
2436,[25.]
2437,[21.]
2438,[22.]
2439,[21.]
2440,[26.]
2441,[25.]
2442,[27.]
2443,[23.]
2444,[31.]
2445,[23.]
2446,[31.]
2447,[25.]
2448,[16.]
2449,[25.]
2450,[24.]
2451,[26.]
2452,[28.]
2453,[35.]
2454,[35.]
2455,[25.]
2456,[35.]
2457,[24.]
2458,[19.]
2459,[29.]
2460,[18.]
2461,[21.]
2462,[20.]
2463,[21.]
2464,[18.]
2465,[26.]
2466,[26.]
2467,[28.]
2468,[28.]
2469,[25.]
2470,[25.]
2471,[23.]
2472,[32.]
2473,[13.]
2474,[25.]
2475,[17.]
2476,[19.]
2477,[27.]
2478,[18.]
2479,[24.]
2480,[27.]
2481,[18.]
2482,[24.]
2483,[23.]
2484,[16.]
2485,[25.]
2486,[16.]
2487,[20.]
2488,[25.]
2489,[27.]
2490,[13.]
2491,[26.]
2492,[30.]
2493,[23.]
2494,[17.]
2495,[21.]
2496,[21.]
2497,[23.]
2498,[30.]
2499,[23.]
2500,[26.]
2501,[29.]
2502,[42.]
2503,[21.]
2504,[14.]
2505,[28.]
2506,[27.]
2507,[28.]
2508,[37.]
2509,[13.]
2510,[21.]
2511,[18.]
2512,[22.]
2513,[19.]
2514,[14.]
2515,[17.]
2516,[25.]
2517,[27.]
2518,[23.]
2519,[34.]
2520,[31.]
2521,[24.]
2522,[22.]
2523,[26.]
2524,[35.]
2525,[27.]
2526,[23.]
2527,[19.]
2528,[18.]
2529,[13.]
2530,[28.]
2531,[22.]
2532,[18.]
2533,[24.]
2534,[18.]
2535,[18.]
2536,[26.]
2537,[36.]
2538,[31.]
2539,[21.]
2540,[18.]
2541,[23.]
2542,[22.]
2543,[24.]
2544,[20.]
2545,[35.]
2546,[23.]
2547,[19.]
2548,[29.]
2549,[30.]
2550,[17.]
2551,[21.]
2552,[26.]
2553,[13.]
2554,[31.]
2555,[34.]
2556,[25.]
2557,[28.]
2558,[27.]
2559,[35.]
2560,[21.]
2561,[18.]
2562,[20.]
2563,[25.]
2564,[16.]
2565,[18.]
2566,[15.]
2567,[32.]
2568,[14.]
2569,[24.]
2570,[30.]
2571,[19.]
2572,[20.]
2573,[17.]
2574,[24.]
2575,[26.]
2576,[18.]
2577,[19.]
2578,[32.]
2579,[26.]
2580,[14.]
2581,[28.]
2582,[26.]
2583,[25.]
2584,[21.]
2585,[17.]
2586,[30.]
2587,[25.]
2588,[26.]
2589,[22.]
2590,[25.]
2591,[22.]
2592,[30.]
2593,[31.]
2594,[37.]
2595,[28.]
2596,[17.]
2597,[18.]
2598,[21.]
2599,[19.]
2600,[21.]
2601,[24.]
2602,[22.]
2603,[12.]
2604,[14.]
2605,[40.]
2606,[16.]
2607,[22.]
2608,[22.]
2609,[12.]
2610,[23.]
2611,[20.]
2612,[18.]
2613,[28.]
2614,[25.]
2615,[28.]
2616,[25.]
2617,[19.]
2618,[25.]
2619,[17.]
2620,[13.]
2621,[30.]
2622,[29.]
2623,[25.]
2624,[21.]
2625,[25.]
2626,[24.]
2627,[23.]
2628,[25.]
2629,[23.]
2630,[24.]
2631,[22.]
2632,[21.]
2633,[26.]
2634,[21.]
2635,[26.]
2636,[31.]
2637,[23.]
2638,[22.]
2639,[26.]
2640,[28.]
2641,[29.]
2642,[15.]
2643,[31.]
2644,[26.]
2645,[25.]
2646,[20.]
2647,[22.]
2648,[19.]
2649,[22.]
2650,[17.]
2651,[24.]
2652,[23.]
2653,[27.]
2654,[21.]
2655,[24.]
2656,[27.]
2657,[28.]
2658,[25.]
2659,[17.]
2660,[30.]
2661,[28.]
2662,[17.]
2663,[15.]
2664,[18.]
2665,[26.]
2666,[20.]
2667,[26.]
2668,[29.]
2669,[21.]
2670,[28.]
2671,[27.]
2672,[22.]
2673,[33.]
2674,[37.]
2675,[27.]
2676,[28.]
2677,[19.]
2678,[20.]
2679,[18.]
2680,[17.]
2681,[22.]
2682,[18.]
2683,[16.]
2684,[17.]
2685,[15.]
2686,[27.]
2687,[12.]
2688,[26.]
2689,[25.]
2690,[34.]
2691,[32.]
2692,[24.]
2693,[13.]
2694,[17.]
2695,[29.]
2696,[28.]
2697,[28.]
2698,[25.]
2699,[14.]
2700,[24.]
2701,[24.]
2702,[22.]
2703,[22.]
2704,[25.]
2705,[15.]
2706,[20.]
2707,[20.]
2708,[27.]
2709,[31.]
2710,[22.]
2711,[28.]
2712,[22.]
2713,[26.]
2714,[25.]
2715,[22.]
2716,[20.]
2717,[31.]
2718,[20.]
2719,[6.]
2720,[22.]
2721,[30.]
2722,[30.]
2723,[30.]
2724,[25.]
2725,[24.]
2726,[27.]
2727,[24.]
2728,[27.]
2729,[14.]
2730,[26.]
2731,[18.]
2732,[19.]
2733,[28.]
2734,[17.]
2735,[24.]
2736,[36.]
2737,[28.]
2738,[27.]
2739,[20.]
2740,[33.]
2741,[19.]
2742,[29.]
2743,[27.]
2744,[17.]
2745,[13.]
2746,[32.]
2747,[27.]
2748,[25.]
2749,[27.]
2750,[12.]
2751,[21.]
2752,[23.]
2753,[16.]
2754,[18.]
2755,[14.]
2756,[19.]
2757,[24.]
2758,[32.]
2759,[27.]
2760,[36.]
2761,[12.]
2762,[25.]
2763,[13.]
2764,[23.]
2765,[21.]
2766,[29.]
2767,[21.]
2768,[19.]
2769,[30.]
2770,[23.]
2771,[22.]
2772,[24.]
2773,[24.]
2774,[24.]
2775,[25.]
2776,[29.]
2777,[24.]
2778,[26.]
2779,[23.]
2780,[21.]
2781,[28.]
2782,[22.]
2783,[32.]
2784,[22.]
2785,[27.]
2786,[28.]
2787,[31.]
2788,[13.]
2789,[20.]
2790,[24.]
2791,[37.]
2792,[22.]
2793,[31.]
2794,[18.]
2795,[21.]
2796,[32.]
2797,[17.]
2798,[26.]
2799,[19.]
2800,[24.]
2801,[24.]
2802,[30.]
2803,[37.]
2804,[20.]
2805,[23.]
2806,[23.]
2807,[27.]
2808,[21.]
2809,[32.]
2810,[24.]
2811,[32.]
2812,[24.]
2813,[22.]
2814,[16.]
2815,[24.]
2816,[19.]
2817,[28.]
2818,[19.]
2819,[26.]
2820,[29.]
2821,[22.]
2822,[18.]
2823,[18.]
2824,[22.]
2825,[17.]
2826,[23.]
2827,[21.]
2828,[27.]
2829,[20.]
2830,[31.]
2831,[23.]
2832,[35.]
2833,[21.]
2834,[26.]
2835,[29.]
2836,[26.]
2837,[36.]
2838,[20.]
2839,[42.]
2840,[15.]
2841,[26.]
2842,[19.]
2843,[29.]
2844,[24.]
2845,[32.]
2846,[29.]
2847,[27.]
2848,[27.]
2849,[21.]
2850,[13.]
2851,[19.]
2852,[19.]
2853,[20.]
2854,[27.]
2855,[32.]
2856,[21.]
2857,[27.]
2858,[40.]
2859,[24.]
2860,[25.]
2861,[27.]
2862,[19.]
2863,[25.]
2864,[19.]
2865,[25.]
2866,[27.]
2867,[17.]
2868,[13.]
2869,[17.]
2870,[33.]
2871,[15.]
2872,[31.]
2873,[20.]
2874,[31.]
2875,[18.]
2876,[25.]
2877,[27.]
2878,[29.]
2879,[21.]
2880,[21.]
2881,[22.]
2882,[23.]
2883,[26.]
2884,[17.]
2885,[30.]
2886,[26.]
2887,[21.]
2888,[33.]
2889,[13.]
2890,[38.]
2891,[20.]
2892,[22.]
2893,[34.]
2894,[25.]
2895,[19.]
2896,[33.]
2897,[28.]
2898,[31.]
2899,[22.]
2900,[21.]
2901,[24.]
2902,[27.]
2903,[25.]
2904,[26.]
2905,[37.]
2906,[28.]
2907,[36.]
2908,[17.]
2909,[8.]
2910,[31.]
2911,[19.]
2912,[33.]
2913,[32.]
2914,[23.]
2915,[25.]
2916,[26.]
2917,[17.]
2918,[22.]
2919,[26.]
2920,[28.]
2921,[21.]
2922,[34.]
2923,[24.]
2924,[34.]
2925,[18.]
2926,[23.]
2927,[33.]
2928,[38.]
2929,[16.]
2930,[26.]
2931,[31.]
2932,[30.]
2933,[28.]
2934,[31.]
2935,[27.]
2936,[20.]
2937,[20.]
2938,[20.]
2939,[23.]
2940,[28.]
2941,[40.]
2942,[32.]
2943,[26.]
2944,[22.]
2945,[29.]
2946,[28.]
2947,[21.]
2948,[36.]
2949,[38.]
2950,[31.]
2951,[21.]
2952,[24.]
2953,[21.]
2954,[27.]
2955,[25.]
2956,[20.]
2957,[20.]
2958,[22.]
2959,[15.]
2960,[32.]
2961,[26.]
2962,[21.]
2963,[20.]
2964,[27.]
2965,[26.]
2966,[20.]
2967,[40.]
2968,[23.]
2969,[18.]
2970,[27.]
2971,[34.]
2972,[20.]
2973,[28.]
2974,[23.]
2975,[43.]
2976,[32.]
2977,[34.]
2978,[28.]
2979,[24.]
2980,[29.]
2981,[20.]
2982,[21.]
2983,[25.]
2984,[19.]
2985,[35.]
2986,[22.]
2987,[22.]
2988,[25.]
2989,[31.]
2990,[20.]
2991,[18.]
2992,[13.]
2993,[20.]
2994,[32.]
2995,[26.]
2996,[13.]
2997,[28.]
2998,[26.]
2999,[20.]
3000,[32.]
3001,[22.]
3002,[21.]
3003,[22.]
3004,[28.]
3005,[26.]
3006,[27.]
3007,[21.]
3008,[22.]
3009,[31.]
3010,[21.]
3011,[26.]
3012,[33.]
3013,[22.]
3014,[19.]
3015,[19.]
3016,[25.]
3017,[19.]
3018,[19.]
3019,[24.]
3020,[21.]
3021,[22.]
3022,[29.]
3023,[25.]
3024,[27.]
3025,[21.]
3026,[12.]
3027,[24.]
3028,[29.]
3029,[18.]
3030,[21.]
3031,[23.]
3032,[27.]
3033,[23.]
3034,[15.]
3035,[30.]
3036,[24.]
3037,[13.]
3038,[21.]
3039,[20.]
3040,[27.]
3041,[24.]
3042,[30.]
3043,[19.]
3044,[31.]
3045,[16.]
3046,[11.]
3047,[19.]
3048,[15.]
3049,[21.]
3050,[24.]
3051,[29.]
3052,[12.]
3053,[27.]
3054,[25.]
3055,[15.]
3056,[27.]
3057,[17.]
3058,[26.]
3059,[26.]
3060,[28.]
3061,[35.]
3062,[28.]
3063,[29.]
3064,[20.]
3065,[21.]
3066,[10.]
3067,[18.]
3068,[22.]
3069,[27.]
3070,[25.]
3071,[22.]
3072,[23.]
3073,[24.]
3074,[23.]
3075,[20.]
3076,[26.]
3077,[18.]
3078,[32.]
3079,[28.]
3080,[15.]
3081,[27.]
3082,[33.]
3083,[32.]
3084,[25.]
3085,[23.]
3086,[26.]
3087,[32.]
3088,[23.]
3089,[19.]
3090,[12.]
3091,[29.]
3092,[23.]
3093,[24.]
3094,[21.]
3095,[29.]
3096,[34.]
3097,[35.]
3098,[13.]
3099,[27.]
3100,[32.]
3101,[22.]
3102,[22.]
3103,[24.]
3104,[14.]
3105,[23.]
3106,[22.]
3107,[28.]
3108,[11.]
3109,[30.]
3110,[16.]
3111,[24.]
3112,[23.]
3113,[22.]
3114,[23.]
3115,[25.]
3116,[34.]
3117,[26.]
3118,[22.]
3119,[23.]
3120,[18.]
3121,[21.]
3122,[17.]
3123,[28.]
3124,[21.]
3125,[14.]
3126,[22.]
3127,[25.]
3128,[24.]
3129,[17.]
3130,[26.]
3131,[24.]
3132,[17.]
3133,[26.]
3134,[30.]
3135,[18.]
3136,[27.]
3137,[9.]
3138,[25.]
3139,[25.]
3140,[18.]
3141,[37.]
3142,[25.]
3143,[30.]
3144,[27.]
3145,[25.]
3146,[24.]
3147,[21.]
3148,[28.]
3149,[23.]
3150,[20.]
3151,[24.]
3152,[17.]
3153,[17.]
3154,[34.]
3155,[25.]
3156,[33.]
3157,[33.]
3158,[26.]
3159,[15.]
3160,[34.]
3161,[20.]
3162,[14.]
3163,[27.]
3164,[24.]
3165,[28.]
3166,[21.]
3167,[23.]
3168,[22.]
3169,[10.]
3170,[15.]
3171,[25.]
3172,[19.]
3173,[33.]
3174,[23.]
3175,[23.]
3176,[37.]
3177,[26.]
3178,[18.]
3179,[13.]
3180,[17.]
3181,[24.]
3182,[26.]
3183,[24.]
3184,[14.]
3185,[21.]
3186,[24.]
3187,[20.]
3188,[26.]
3189,[12.]
3190,[21.]
3191,[27.]
3192,[23.]
3193,[14.]
3194,[21.]
3195,[21.]
3196,[18.]
3197,[27.]
3198,[36.]
3199,[28.]
3200,[21.]
3201,[32.]
3202,[26.]
3203,[28.]
3204,[22.]
3205,[23.]
3206,[23.]
3207,[28.]
3208,[27.]
3209,[23.]
3210,[26.]
3211,[25.]
3212,[26.]
3213,[28.]
3214,[16.]
3215,[23.]
3216,[19.]
3217,[23.]
3218,[23.]
3219,[25.]
3220,[24.]
3221,[27.]
3222,[32.]
3223,[27.]
3224,[26.]
3225,[22.]
3226,[22.]
3227,[27.]
3228,[23.]
3229,[27.]
3230,[29.]
3231,[28.]
3232,[16.]
3233,[23.]
3234,[31.]
3235,[17.]
3236,[28.]
3237,[15.]
3238,[23.]
3239,[20.]
3240,[23.]
3241,[22.]
3242,[24.]
3243,[28.]
3244,[26.]
3245,[25.]
3246,[16.]
3247,[30.]
3248,[36.]
3249,[29.]
3250,[27.]
3251,[25.]
3252,[21.]
3253,[24.]
3254,[25.]
3255,[16.]
3256,[22.]
3257,[28.]
3258,[24.]
3259,[25.]
3260,[28.]
3261,[19.]
3262,[26.]
3263,[21.]
3264,[23.]
3265,[27.]
3266,[22.]
3267,[16.]
3268,[23.]
3269,[16.]
3270,[34.]
3271,[28.]
3272,[33.]
3273,[24.]
3274,[26.]
3275,[17.]
3276,[23.]
3277,[22.]
3278,[21.]
3279,[25.]
3280,[33.]
3281,[23.]
3282,[21.]
3283,[20.]
3284,[28.]
3285,[25.]
3286,[32.]
3287,[20.]
3288,[24.]
3289,[28.]
3290,[21.]
3291,[25.]
3292,[24.]
3293,[24.]
3294,[20.]
3295,[28.]
3296,[25.]
3297,[23.]
3298,[28.]
3299,[34.]
3300,[26.]
3301,[22.]
3302,[35.]
3303,[27.]
3304,[34.]
3305,[37.]
3306,[21.]
3307,[31.]
3308,[28.]
3309,[22.]
3310,[30.]
3311,[23.]
3312,[24.]
3313,[27.]
3314,[32.]
3315,[15.]
3316,[17.]
3317,[17.]
3318,[29.]
3319,[18.]
3320,[23.]
3321,[29.]
3322,[18.]
3323,[30.]
3324,[18.]
3325,[18.]
3326,[22.]
3327,[26.]
3328,[24.]
3329,[17.]
3330,[20.]
3331,[25.]
3332,[20.]
3333,[20.]
3334,[30.]
3335,[21.]
3336,[28.]
3337,[35.]
3338,[24.]
3339,[21.]
3340,[34.]
3341,[28.]
3342,[23.]
3343,[20.]
3344,[30.]
3345,[27.]
3346,[30.]
3347,[23.]
3348,[26.]
3349,[16.]
3350,[16.]
3351,[19.]
3352,[25.]
3353,[20.]
3354,[35.]
3355,[26.]
3356,[28.]
3357,[29.]
3358,[21.]
3359,[28.]
3360,[19.]
3361,[25.]
3362,[18.]
3363,[27.]
3364,[31.]
3365,[22.]
3366,[24.]
3367,[26.]
3368,[36.]
3369,[28.]
3370,[24.]
3371,[16.]
3372,[23.]
3373,[30.]
3374,[18.]
3375,[33.]
3376,[28.]
3377,[20.]
3378,[16.]
3379,[24.]
3380,[31.]
3381,[17.]
3382,[19.]
3383,[27.]
3384,[25.]
3385,[22.]
3386,[33.]
3387,[27.]
3388,[31.]
3389,[13.]
3390,[28.]
3391,[23.]
3392,[34.]
3393,[19.]
3394,[21.]
3395,[19.]
3396,[20.]
3397,[21.]
3398,[36.]
3399,[22.]
3400,[23.]
3401,[19.]
3402,[25.]
3403,[28.]
3404,[21.]
3405,[18.]
3406,[22.]
3407,[11.]
3408,[21.]
3409,[13.]
3410,[25.]
3411,[19.]
3412,[34.]
3413,[12.]
3414,[27.]
3415,[21.]
3416,[24.]
3417,[11.]
3418,[28.]
3419,[17.]
3420,[26.]
3421,[21.]
3422,[25.]
3423,[23.]
3424,[27.]
3425,[28.]
3426,[26.]
3427,[32.]
3428,[34.]
3429,[15.]
3430,[29.]
3431,[14.]
3432,[36.]
3433,[34.]
3434,[18.]
3435,[27.]
3436,[30.]
3437,[23.]
3438,[36.]
3439,[27.]
3440,[27.]
3441,[23.]
3442,[14.]
3443,[27.]
3444,[26.]
3445,[26.]
3446,[29.]
3447,[26.]
3448,[25.]
3449,[17.]
3450,[40.]
3451,[18.]
3452,[22.]
3453,[31.]
3454,[34.]
3455,[23.]
3456,[21.]
3457,[13.]
3458,[28.]
3459,[25.]
3460,[25.]
3461,[26.]
3462,[26.]
3463,[26.]
3464,[28.]
3465,[34.]
3466,[22.]
3467,[20.]
3468,[30.]
3469,[26.]
3470,[26.]
3471,[24.]
3472,[28.]
3473,[24.]
3474,[19.]
3475,[24.]
3476,[22.]
3477,[29.]
3478,[22.]
3479,[21.]
3480,[19.]
3481,[19.]
3482,[27.]
3483,[28.]
3484,[24.]
3485,[20.]
3486,[23.]
3487,[20.]
3488,[12.]
3489,[23.]
3490,[20.]
3491,[24.]
3492,[37.]
3493,[23.]
3494,[29.]
3495,[23.]
3496,[27.]
3497,[24.]
3498,[21.]
3499,[24.]
3500,[23.]
3501,[23.]
3502,[29.]
3503,[27.]
3504,[25.]
3505,[12.]
3506,[17.]
3507,[23.]
3508,[30.]
3509,[16.]
3510,[29.]
3511,[12.]
3512,[15.]
3513,[19.]
3514,[31.]
3515,[31.]
3516,[31.]
3517,[24.]
3518,[20.]
3519,[26.]
3520,[20.]
3521,[26.]
3522,[28.]
3523,[27.]
3524,[25.]
3525,[31.]
3526,[17.]
3527,[27.]
3528,[25.]
3529,[25.]
3530,[20.]
3531,[22.]
3532,[20.]
3533,[37.]
3534,[21.]
3535,[18.]
3536,[28.]
3537,[22.]
3538,[32.]
3539,[22.]
3540,[13.]
3541,[21.]
3542,[21.]
3543,[36.]
3544,[29.]
3545,[29.]
3546,[34.]
3547,[26.]
3548,[9.]
3549,[29.]
3550,[25.]
3551,[29.]
3552,[24.]
3553,[25.]
3554,[17.]
3555,[22.]
3556,[30.]
3557,[26.]
3558,[23.]
3559,[32.]
3560,[20.]
3561,[18.]
3562,[29.]
3563,[26.]
3564,[25.]
3565,[18.]
3566,[20.]
3567,[21.]
3568,[32.]
3569,[23.]
3570,[26.]
3571,[21.]
3572,[27.]
3573,[23.]
3574,[26.]
3575,[34.]
3576,[20.]
3577,[26.]
3578,[23.]
3579,[18.]
3580,[22.]
3581,[17.]
3582,[26.]
3583,[29.]
3584,[26.]
3585,[21.]
3586,[13.]
3587,[20.]
3588,[16.]
3589,[14.]
3590,[23.]
3591,[24.]
3592,[21.]
3593,[23.]
3594,[25.]
3595,[28.]
3596,[25.]
3597,[16.]
3598,[39.]
3599,[23.]
3600,[22.]
3601,[22.]
3602,[24.]
3603,[24.]
3604,[24.]
3605,[16.]
3606,[29.]
3607,[25.]
3608,[34.]
3609,[18.]
3610,[25.]
3611,[22.]
3612,[22.]
3613,[26.]
3614,[28.]
3615,[25.]
3616,[20.]
3617,[17.]
3618,[24.]
3619,[36.]
3620,[18.]
3621,[22.]
3622,[28.]
3623,[21.]
3624,[31.]
3625,[24.]
3626,[19.]
3627,[20.]
3628,[15.]
3629,[17.]
3630,[25.]
3631,[18.]
3632,[19.]
3633,[38.]
3634,[35.]
3635,[31.]
3636,[25.]
3637,[22.]
3638,[21.]
3639,[14.]
3640,[23.]
3641,[26.]
3642,[27.]
3643,[25.]
3644,[35.]
3645,[35.]
3646,[28.]
3647,[17.]
3648,[35.]
3649,[25.]
3650,[23.]
3651,[22.]
3652,[23.]
3653,[25.]
3654,[28.]
3655,[14.]
3656,[25.]
3657,[34.]
3658,[25.]
3659,[21.]
3660,[28.]
3661,[30.]
3662,[22.]
3663,[21.]
3664,[24.]
3665,[17.]
3666,[37.]
3667,[31.]
3668,[24.]
3669,[20.]
3670,[15.]
3671,[28.]
3672,[34.]
3673,[24.]
3674,[32.]
3675,[13.]
3676,[26.]
3677,[20.]
3678,[22.]
3679,[24.]
3680,[27.]
3681,[33.]
3682,[27.]
3683,[21.]
3684,[35.]
3685,[28.]
3686,[27.]
3687,[19.]
3688,[21.]
3689,[30.]
3690,[21.]
3691,[29.]
3692,[22.]
3693,[32.]
3694,[19.]
3695,[42.]
3696,[31.]
3697,[31.]
3698,[29.]
3699,[23.]
3700,[25.]
3701,[34.]
3702,[35.]
3703,[23.]
3704,[30.]
3705,[22.]
3706,[19.]
3707,[19.]
3708,[36.]
3709,[19.]
3710,[20.]
3711,[25.]
3712,[23.]
3713,[15.]
3714,[24.]
3715,[22.]
3716,[14.]
3717,[18.]
3718,[31.]
3719,[20.]
3720,[34.]
3721,[32.]
3722,[22.]
3723,[30.]
3724,[29.]
3725,[32.]
3726,[19.]
3727,[31.]
3728,[30.]
3729,[31.]
3730,[26.]
3731,[22.]
3732,[31.]
3733,[29.]
3734,[19.]
3735,[35.]
3736,[11.]
3737,[39.]
3738,[25.]
3739,[22.]
3740,[30.]
3741,[25.]
3742,[33.]
3743,[21.]
3744,[41.]
3745,[37.]
3746,[22.]
3747,[22.]
3748,[18.]
3749,[32.]
3750,[22.]
3751,[19.]
3752,[32.]
3753,[31.]
3754,[19.]
3755,[21.]
3756,[27.]
3757,[32.]
3758,[33.]
3759,[18.]
3760,[25.]
3761,[23.]
3762,[23.]
3763,[27.]
3764,[11.]
3765,[26.]
3766,[20.]
3767,[32.]
3768,[24.]
3769,[16.]
3770,[16.]
3771,[24.]
3772,[18.]
3773,[24.]
3774,[33.]
3775,[38.]
3776,[19.]
3777,[27.]
3778,[23.]
3779,[17.]
3780,[29.]
3781,[27.]
3782,[28.]
3783,[33.]
3784,[27.]
3785,[36.]
3786,[20.]
3787,[35.]
3788,[21.]
3789,[26.]
3790,[18.]
3791,[24.]
3792,[37.]
3793,[23.]
3794,[31.]
3795,[20.]
3796,[10.]
3797,[29.]
3798,[33.]
3799,[32.]
3800,[25.]
3801,[26.]
3802,[17.]
3803,[29.]
3804,[20.]
3805,[16.]
3806,[16.]
3807,[26.]
3808,[30.]
3809,[21.]
3810,[26.]
3811,[14.]
3812,[37.]
3813,[18.]
3814,[25.]
3815,[22.]
3816,[29.]
3817,[12.]
3818,[27.]
3819,[29.]
3820,[18.]
3821,[24.]
3822,[19.]
3823,[28.]
3824,[27.]
3825,[24.]
3826,[9.]
3827,[28.]
3828,[33.]
3829,[23.]
3830,[24.]
3831,[21.]
3832,[29.]
3833,[21.]
3834,[24.]
3835,[18.]
3836,[19.]
3837,[21.]
3838,[28.]
3839,[27.]
3840,[23.]
3841,[24.]
3842,[14.]
3843,[19.]
3844,[21.]
3845,[24.]
3846,[23.]
3847,[23.]
3848,[33.]
3849,[14.]
3850,[25.]
3851,[26.]
3852,[20.]
3853,[29.]
3854,[35.]
3855,[15.]
3856,[23.]
3857,[33.]
3858,[36.]
3859,[33.]
3860,[29.]
3861,[29.]
3862,[25.]
3863,[28.]
3864,[11.]
3865,[15.]
3866,[20.]
3867,[25.]
3868,[21.]
3869,[25.]
3870,[24.]
3871,[23.]
3872,[25.]
3873,[24.]
3874,[33.]
3875,[14.]
3876,[22.]
3877,[26.]
3878,[30.]
3879,[27.]
3880,[21.]
3881,[20.]
3882,[28.]
3883,[29.]
3884,[32.]
3885,[30.]
3886,[24.]
3887,[26.]
3888,[33.]
3889,[23.]
3890,[24.]
3891,[23.]
3892,[31.]
3893,[29.]
3894,[23.]
3895,[34.]
3896,[20.]
3897,[22.]
3898,[28.]
3899,[20.]
3900,[29.]
3901,[19.]
3902,[22.]
3903,[18.]
3904,[35.]
3905,[27.]
3906,[24.]
3907,[31.]
3908,[28.]
3909,[21.]
3910,[30.]
3911,[13.]
3912,[15.]
3913,[26.]
3914,[27.]
3915,[23.]
3916,[22.]
3917,[36.]
3918,[31.]
3919,[28.]
3920,[21.]
3921,[20.]
3922,[29.]
3923,[24.]
3924,[18.]
3925,[24.]
3926,[17.]
3927,[22.]
3928,[27.]
3929,[31.]
3930,[17.]
3931,[29.]
3932,[23.]
3933,[22.]
3934,[24.]
3935,[27.]
3936,[22.]
3937,[22.]
3938,[22.]
3939,[21.]
3940,[24.]
3941,[18.]
3942,[31.]
3943,[26.]
3944,[33.]
3945,[32.]
3946,[24.]
3947,[19.]
3948,[29.]
3949,[27.]
3950,[18.]
3951,[26.]
3952,[24.]
3953,[16.]
3954,[21.]
3955,[19.]
3956,[22.]
3957,[21.]
3958,[22.]
3959,[21.]
3960,[26.]
3961,[28.]
3962,[35.]
3963,[19.]
3964,[19.]
3965,[29.]
3966,[28.]
3967,[23.]
3968,[31.]
3969,[25.]
3970,[29.]
3971,[12.]
3972,[25.]
3973,[25.]
3974,[17.]
3975,[26.]
3976,[19.]
3977,[23.]
3978,[22.]
3979,[31.]
3980,[20.]
3981,[20.]
3982,[31.]
3983,[24.]
3984,[18.]
3985,[22.]
3986,[29.]
3987,[16.]
3988,[22.]
3989,[23.]
3990,[18.]
3991,[31.]
3992,[26.]
3993,[27.]
3994,[17.]
3995,[21.]
3996,[26.]
3997,[25.]
3998,[19.]
3999,[23.]
4000,[16.]
4001,[28.]
4002,[34.]
4003,[20.]
4004,[37.]
4005,[18.]
4006,[25.]
4007,[33.]
4008,[28.]
4009,[20.]
4010,[20.]
4011,[23.]
4012,[30.]
4013,[28.]
4014,[17.]
4015,[40.]
4016,[19.]
4017,[18.]
4018,[34.]
4019,[31.]
4020,[21.]
4021,[14.]
4022,[13.]
4023,[26.]
4024,[15.]
4025,[24.]
4026,[23.]
4027,[34.]
4028,[32.]
4029,[26.]
4030,[23.]
4031,[19.]
4032,[27.]
4033,[31.]
4034,[14.]
4035,[32.]
4036,[21.]
4037,[33.]
4038,[34.]
4039,[13.]
4040,[24.]
4041,[22.]
4042,[16.]
4043,[19.]
4044,[35.]
4045,[24.]
4046,[23.]
4047,[23.]
4048,[26.]
4049,[28.]
4050,[20.]
4051,[31.]
4052,[26.]
4053,[27.]
4054,[20.]
4055,[17.]
4056,[31.]
4057,[29.]
4058,[18.]
4059,[23.]
4060,[19.]
4061,[23.]
4062,[21.]
4063,[24.]
4064,[18.]
4065,[22.]
4066,[32.]
4067,[21.]
4068,[27.]
4069,[24.]
4070,[15.]
4071,[30.]
4072,[23.]
4073,[12.]
4074,[29.]
4075,[26.]
4076,[27.]
4077,[16.]
4078,[20.]
4079,[19.]
4080,[19.]
4081,[25.]
4082,[26.]
4083,[18.]
4084,[22.]
4085,[22.]
4086,[19.]
4087,[29.]
4088,[33.]
4089,[13.]
4090,[20.]
4091,[32.]
4092,[20.]
4093,[12.]
4094,[19.]
4095,[21.]
4096,[16.]
4097,[25.]
4098,[16.]
4099,[28.]
4100,[36.]
4101,[36.]
4102,[32.]
4103,[27.]
4104,[20.]
4105,[29.]
4106,[26.]
4107,[23.]
4108,[18.]
4109,[27.]
4110,[17.]
4111,[21.]
4112,[32.]
4113,[24.]
4114,[26.]
4115,[27.]
4116,[21.]
4117,[32.]
4118,[28.]
4119,[24.]
4120,[27.]
4121,[31.]
4122,[24.]
4123,[25.]
4124,[21.]
4125,[22.]
4126,[27.]
4127,[15.]
4128,[25.]
4129,[23.]
4130,[26.]
4131,[31.]
4132,[24.]
4133,[39.]
4134,[28.]
4135,[24.]
4136,[36.]
4137,[23.]
4138,[16.]
4139,[37.]
4140,[23.]
4141,[21.]
4142,[31.]
4143,[28.]
4144,[32.]
4145,[22.]
4146,[16.]
4147,[12.]
4148,[23.]
4149,[16.]
4150,[19.]
4151,[12.]
4152,[25.]
4153,[14.]
4154,[30.]
4155,[25.]
4156,[27.]
4157,[28.]
4158,[29.]
4159,[23.]
4160,[23.]
4161,[28.]
4162,[26.]
4163,[26.]
4164,[19.]
4165,[23.]
4166,[29.]
4167,[25.]
4168,[23.]
4169,[25.]
4170,[19.]
4171,[17.]
4172,[25.]
4173,[30.]
4174,[29.]
4175,[11.]
4176,[21.]
4177,[21.]
4178,[26.]
4179,[23.]
4180,[30.]
4181,[33.]
4182,[14.]
4183,[25.]
4184,[23.]
4185,[29.]
4186,[32.]
4187,[26.]
4188,[30.]
4189,[38.]
4190,[25.]
4191,[14.]
4192,[25.]
4193,[21.]
4194,[31.]
4195,[24.]
4196,[26.]
4197,[21.]
4198,[27.]
4199,[20.]
4200,[12.]
4201,[33.]
4202,[29.]
4203,[20.]
4204,[16.]
4205,[32.]
4206,[24.]
4207,[20.]
4208,[28.]
4209,[28.]
4210,[39.]
4211,[33.]
4212,[24.]
4213,[31.]
4214,[31.]
4215,[28.]
4216,[14.]
4217,[27.]
4218,[27.]
4219,[20.]
4220,[28.]
4221,[27.]
4222,[31.]
4223,[33.]
4224,[25.]
4225,[17.]
4226,[11.]
4227,[29.]
4228,[32.]
4229,[26.]
4230,[22.]
4231,[19.]
4232,[22.]
4233,[13.]
4234,[27.]
4235,[34.]
4236,[25.]
4237,[9.]
4238,[23.]
4239,[21.]
4240,[20.]
4241,[26.]
4242,[18.]
4243,[17.]
4244,[25.]
4245,[27.]
4246,[23.]
4247,[21.]
4248,[16.]
4249,[26.]
4250,[22.]
4251,[21.]
4252,[17.]
4253,[24.]
4254,[29.]
4255,[22.]
4256,[23.]
4257,[27.]
4258,[17.]
4259,[23.]
4260,[19.]
4261,[31.]
4262,[16.]
4263,[24.]
4264,[22.]
4265,[21.]
4266,[29.]
4267,[20.]
4268,[27.]
4269,[26.]
4270,[29.]
4271,[23.]
4272,[28.]
4273,[22.]
4274,[25.]
4275,[21.]
4276,[19.]
4277,[28.]
4278,[21.]
4279,[27.]
4280,[22.]
4281,[27.]
4282,[23.]
4283,[15.]
4284,[17.]
4285,[21.]
4286,[19.]
4287,[18.]
4288,[31.]
4289,[25.]
4290,[32.]
4291,[16.]
4292,[28.]
4293,[19.]
4294,[17.]
4295,[17.]
4296,[28.]
4297,[33.]
4298,[26.]
4299,[31.]
4300,[28.]
4301,[24.]
4302,[22.]
4303,[32.]
4304,[18.]
4305,[22.]
4306,[21.]
4307,[26.]
4308,[23.]
4309,[24.]
4310,[25.]
4311,[20.]
4312,[33.]
4313,[20.]
4314,[35.]
4315,[22.]
4316,[21.]
4317,[29.]
4318,[19.]
4319,[16.]
4320,[26.]
4321,[24.]
4322,[25.]
4323,[20.]
4324,[31.]
4325,[26.]
4326,[29.]
4327,[23.]
4328,[34.]
4329,[32.]
4330,[25.]
4331,[29.]
4332,[32.]
4333,[28.]
4334,[12.]
4335,[27.]
4336,[22.]
4337,[27.]
4338,[28.]
4339,[23.]
4340,[11.]
4341,[29.]
4342,[25.]
4343,[25.]
4344,[29.]
4345,[27.]
4346,[43.]
4347,[21.]
4348,[23.]
4349,[23.]
4350,[26.]
4351,[15.]
4352,[20.]
4353,[26.]
4354,[24.]
4355,[22.]
4356,[19.]
4357,[40.]
4358,[23.]
4359,[26.]
4360,[37.]
4361,[28.]
4362,[15.]
4363,[20.]
4364,[26.]
4365,[24.]
4366,[22.]
4367,[20.]
4368,[9.]
4369,[27.]
4370,[12.]
4371,[36.]
4372,[19.]
4373,[18.]
4374,[33.]
4375,[20.]
4376,[14.]
4377,[33.]
4378,[29.]
4379,[16.]
4380,[32.]
4381,[22.]
4382,[30.]
4383,[32.]
4384,[23.]
4385,[28.]
4386,[24.]
4387,[30.]
4388,[25.]
4389,[24.]
4390,[23.]
4391,[16.]
4392,[40.]
4393,[20.]
4394,[30.]
4395,[25.]
4396,[11.]
4397,[25.]
4398,[22.]
4399,[21.]
4400,[26.]
4401,[25.]
4402,[29.]
4403,[28.]
4404,[27.]
4405,[35.]
4406,[25.]
4407,[34.]
4408,[27.]
4409,[27.]
4410,[29.]
4411,[23.]
4412,[16.]
4413,[30.]
4414,[21.]
4415,[24.]
4416,[26.]
4417,[14.]
4418,[21.]
4419,[22.]
4420,[25.]
4421,[26.]
4422,[33.]
4423,[32.]
4424,[18.]
4425,[23.]
4426,[18.]
4427,[16.]
4428,[32.]
4429,[22.]
4430,[26.]
4431,[25.]
4432,[24.]
4433,[20.]
4434,[28.]
4435,[18.]
4436,[22.]
4437,[25.]
4438,[26.]
4439,[33.]
4440,[21.]
4441,[19.]
4442,[25.]
4443,[24.]
4444,[28.]
4445,[21.]
4446,[14.]
4447,[24.]
4448,[20.]
4449,[17.]
4450,[16.]
4451,[24.]
4452,[29.]
4453,[20.]
4454,[18.]
4455,[22.]
4456,[25.]
4457,[25.]
4458,[22.]
4459,[24.]
4460,[30.]
4461,[36.]
4462,[24.]
4463,[20.]
4464,[26.]
4465,[27.]
4466,[26.]
4467,[23.]
4468,[25.]
4469,[20.]
4470,[31.]
4471,[23.]
4472,[26.]
4473,[21.]
4474,[15.]
4475,[32.]
4476,[31.]
4477,[14.]
4478,[24.]
4479,[19.]
4480,[16.]
4481,[23.]
4482,[17.]
4483,[24.]
4484,[21.]
4485,[21.]
4486,[27.]
4487,[25.]
4488,[24.]
4489,[26.]
4490,[25.]
4491,[22.]
4492,[22.]
4493,[20.]
4494,[25.]
4495,[21.]
4496,[32.]
4497,[26.]
4498,[17.]
4499,[27.]
4500,[32.]
4501,[32.]
4502,[23.]
4503,[17.]
4504,[27.]
4505,[23.]
4506,[24.]
4507,[25.]
4508,[26.]
4509,[15.]
4510,[17.]
4511,[15.]
4512,[28.]
4513,[29.]
4514,[30.]
4515,[30.]
4516,[15.]
4517,[18.]
4518,[18.]
4519,[23.]
4520,[28.]
4521,[33.]
4522,[35.]
4523,[22.]
4524,[18.]
4525,[26.]
4526,[19.]
4527,[24.]
4528,[29.]
4529,[33.]
4530,[30.]
4531,[26.]
4532,[26.]
4533,[29.]
4534,[24.]
4535,[31.]
4536,[32.]
4537,[28.]
4538,[18.]
4539,[18.]
4540,[31.]
4541,[24.]
4542,[15.]
4543,[31.]
4544,[20.]
4545,[18.]
4546,[27.]
4547,[25.]
4548,[23.]
4549,[29.]
4550,[18.]
4551,[21.]
4552,[21.]
4553,[32.]
4554,[22.]
4555,[22.]
4556,[20.]
4557,[23.]
4558,[19.]
4559,[24.]
4560,[22.]
4561,[26.]
4562,[25.]
4563,[14.]
4564,[23.]
4565,[30.]
4566,[28.]
4567,[24.]
4568,[19.]
4569,[20.]
4570,[20.]
4571,[22.]
4572,[26.]
4573,[20.]
4574,[18.]
4575,[15.]
4576,[21.]
4577,[30.]
4578,[19.]
4579,[21.]
4580,[32.]
4581,[20.]
4582,[24.]
4583,[18.]
4584,[21.]
4585,[20.]
4586,[31.]
4587,[19.]
4588,[24.]
4589,[22.]
4590,[28.]
4591,[16.]
4592,[18.]
4593,[15.]
4594,[15.]
4595,[29.]
4596,[29.]
4597,[18.]
4598,[21.]
4599,[19.]
4600,[14.]
4601,[10.]
4602,[23.]
4603,[33.]
4604,[23.]
4605,[23.]
4606,[32.]
4607,[21.]
4608,[20.]
4609,[27.]
4610,[25.]
4611,[15.]
4612,[31.]
4613,[23.]
4614,[25.]
4615,[30.]
4616,[21.]
4617,[26.]
4618,[22.]
4619,[23.]
4620,[30.]
4621,[22.]
4622,[25.]
4623,[22.]
4624,[25.]
4625,[11.]
4626,[33.]
4627,[19.]
4628,[21.]
4629,[21.]
4630,[22.]
4631,[25.]
4632,[30.]
4633,[21.]
4634,[29.]
4635,[27.]
4636,[23.]
4637,[30.]
4638,[23.]
4639,[36.]
4640,[22.]
4641,[27.]
4642,[18.]
4643,[26.]
4644,[16.]
4645,[31.]
4646,[28.]
4647,[23.]
4648,[26.]
4649,[21.]
4650,[36.]
4651,[23.]
4652,[26.]
4653,[26.]
4654,[34.]
4655,[25.]
4656,[27.]
4657,[27.]
4658,[21.]
4659,[19.]
4660,[21.]
4661,[31.]
4662,[32.]
4663,[22.]
4664,[25.]
4665,[22.]
4666,[36.]
4667,[14.]
4668,[22.]
4669,[18.]
4670,[18.]
4671,[24.]
4672,[23.]
4673,[28.]
4674,[24.]
4675,[30.]
4676,[30.]
4677,[17.]
4678,[28.]
4679,[14.]
4680,[26.]
4681,[35.]
4682,[24.]
4683,[18.]
4684,[17.]
4685,[28.]
4686,[20.]
4687,[21.]
4688,[21.]
4689,[14.]
4690,[25.]
4691,[25.]
4692,[29.]
4693,[21.]
4694,[17.]
4695,[21.]
4696,[29.]
4697,[20.]
4698,[27.]
4699,[35.]
4700,[25.]
4701,[21.]
4702,[25.]
4703,[21.]
4704,[26.]
4705,[26.]
4706,[29.]
4707,[27.]
4708,[26.]
4709,[24.]
4710,[29.]
4711,[25.]
4712,[24.]
4713,[17.]
4714,[24.]
4715,[22.]
4716,[28.]
4717,[19.]
4718,[29.]
4719,[29.]
4720,[29.]
4721,[31.]
4722,[35.]
4723,[33.]
4724,[24.]
4725,[31.]
4726,[25.]
4727,[27.]
4728,[30.]
4729,[28.]
4730,[28.]
4731,[25.]
4732,[25.]
4733,[19.]
4734,[14.]
4735,[25.]
4736,[20.]
4737,[31.]
4738,[20.]
4739,[32.]
4740,[25.]
4741,[29.]
4742,[24.]
4743,[23.]
4744,[29.]
4745,[29.]
4746,[24.]
4747,[15.]
4748,[19.]
4749,[26.]
4750,[30.]
4751,[14.]
4752,[14.]
4753,[25.]
4754,[26.]
4755,[28.]
4756,[24.]
4757,[28.]
4758,[18.]
4759,[27.]
4760,[23.]
4761,[22.]
4762,[26.]
4763,[27.]
4764,[14.]
4765,[16.]
4766,[29.]
4767,[21.]
4768,[18.]
4769,[30.]
4770,[21.]
4771,[30.]
4772,[22.]
4773,[28.]
4774,[29.]
4775,[15.]
4776,[21.]
4777,[26.]
4778,[22.]
4779,[23.]
4780,[19.]
4781,[25.]
4782,[34.]
4783,[27.]
4784,[18.]
4785,[19.]
4786,[33.]
4787,[14.]
4788,[21.]
4789,[20.]
4790,[19.]
4791,[19.]
4792,[24.]
4793,[21.]
4794,[17.]
4795,[14.]
4796,[30.]
4797,[22.]
4798,[27.]
4799,[21.]
4800,[24.]
4801,[28.]
4802,[24.]
4803,[32.]
4804,[24.]
4805,[33.]
4806,[25.]
4807,[27.]
4808,[20.]
4809,[24.]
4810,[23.]
4811,[29.]
4812,[19.]
4813,[32.]
4814,[21.]
4815,[25.]
4816,[19.]
4817,[33.]
4818,[17.]
4819,[26.]
4820,[12.]
4821,[30.]
4822,[23.]
4823,[20.]
4824,[14.]
4825,[27.]
4826,[25.]
4827,[25.]
4828,[18.]
4829,[28.]
4830,[29.]
4831,[33.]
4832,[23.]
4833,[27.]
4834,[18.]
4835,[19.]
4836,[24.]
4837,[22.]
4838,[18.]
4839,[21.]
4840,[31.]
4841,[21.]
4842,[22.]
4843,[15.]
4844,[19.]
4845,[27.]
4846,[16.]
4847,[31.]
4848,[31.]
4849,[25.]
4850,[30.]
4851,[27.]
4852,[24.]
4853,[25.]
4854,[33.]
4855,[24.]
4856,[20.]
4857,[25.]
4858,[27.]
4859,[31.]
4860,[21.]
4861,[19.]
4862,[26.]
4863,[19.]
4864,[19.]
4865,[29.]
4866,[30.]
4867,[21.]
4868,[21.]
4869,[22.]
4870,[21.]
4871,[34.]
4872,[30.]
4873,[33.]
4874,[25.]
4875,[32.]
4876,[22.]
4877,[26.]
4878,[27.]
4879,[22.]
4880,[21.]
4881,[15.]
4882,[24.]
4883,[19.]
4884,[28.]
4885,[21.]
4886,[29.]
4887,[19.]
4888,[21.]
4889,[20.]
4890,[26.]
4891,[30.]
4892,[32.]
4893,[17.]
4894,[30.]
4895,[25.]
4896,[20.]
4897,[20.]
4898,[26.]
4899,[17.]
4900,[19.]
4901,[28.]
4902,[18.]
4903,[27.]
4904,[17.]
4905,[19.]
4906,[26.]
4907,[25.]
4908,[18.]
4909,[22.]
4910,[16.]
4911,[21.]
4912,[29.]
4913,[13.]
4914,[18.]
4915,[35.]
4916,[37.]
4917,[27.]
4918,[26.]
4919,[22.]
4920,[27.]
4921,[24.]
4922,[26.]
4923,[30.]
4924,[22.]
4925,[25.]
4926,[21.]
4927,[35.]
4928,[12.]
4929,[19.]
4930,[42.]
4931,[27.]
4932,[22.]
4933,[24.]
4934,[23.]
4935,[28.]
4936,[17.]
4937,[18.]
4938,[30.]
4939,[27.]
4940,[28.]
4941,[31.]
4942,[18.]
4943,[13.]
4944,[21.]
4945,[29.]
4946,[20.]
4947,[25.]
4948,[21.]
4949,[19.]
4950,[23.]
4951,[28.]
4952,[23.]
4953,[19.]
4954,[29.]
4955,[41.]
4956,[24.]
4957,[31.]
4958,[33.]
4959,[33.]
4960,[20.]
4961,[24.]
4962,[23.]
4963,[30.]
4964,[20.]
4965,[12.]
4966,[27.]
4967,[30.]
4968,[21.]
4969,[9.]
4970,[28.]
4971,[28.]
4972,[21.]
4973,[21.]
4974,[20.]
4975,[30.]
4976,[31.]
4977,[34.]
4978,[16.]
4979,[30.]
4980,[24.]
4981,[22.]
4982,[25.]
4983,[30.]
4984,[28.]
4985,[18.]
4986,[19.]
4987,[20.]
4988,[14.]
4989,[17.]
4990,[27.]
4991,[25.]
4992,[19.]
4993,[20.]
4994,[28.]
4995,[28.]
4996,[25.]
4997,[35.]
4998,[26.]
4999,[28.]
5000,[20.]
