Episodio,Puntaje
1,[4.]
2,[3.]
3,[9.]
4,[9.]
5,[11.]
6,[4.]
7,[8.]
8,[11.]
9,[11.]
10,[11.]
11,[7.]
12,[9.]
13,[9.]
14,[24.]
15,[12.]
16,[7.]
17,[7.]
18,[2.]
19,[15.]
20,[10.]
21,[13.]
22,[9.]
23,[13.]
24,[12.]
25,[2.]
26,[4.]
27,[8.]
28,[13.]
29,[8.]
30,[14.]
31,[8.]
32,[9.]
33,[6.]
34,[15.]
35,[8.]
36,[6.]
37,[13.]
38,[10.]
39,[9.]
40,[3.]
41,[7.]
42,[13.]
43,[12.]
44,[8.]
45,[11.]
46,[8.]
47,[7.]
48,[3.]
49,[4.]
50,[7.]
51,[6.]
52,[11.]
53,[8.]
54,[1.]
55,[8.]
56,[4.]
57,[6.]
58,[6.]
59,[1.]
60,[4.]
61,[11.]
62,[10.]
63,[1.]
64,[6.]
65,[10.]
66,[5.]
67,[3.]
68,[5.]
69,[7.]
70,[9.]
71,[5.]
72,[8.]
73,[7.]
74,[15.]
75,[10.]
76,[8.]
77,[6.]
78,[4.]
79,[8.]
80,[13.]
81,[2.]
82,[6.]
83,[16.]
84,[4.]
85,[8.]
86,[8.]
87,[4.]
88,[6.]
89,[10.]
90,[11.]
91,[3.]
92,[7.]
93,[3.]
94,[2.]
95,[5.]
96,[6.]
97,[7.]
98,[8.]
99,[6.]
100,[6.]
101,[16.]
102,[10.]
103,[5.]
104,[4.]
105,[9.]
106,[8.]
107,[8.]
108,[12.]
109,[9.]
110,[4.]
111,[12.]
112,[6.]
113,[13.]
114,[9.]
115,[2.]
116,[6.]
117,[7.]
118,[12.]
119,[2.]
120,[2.]
121,[4.]
122,[5.]
123,[10.]
124,[17.]
125,[8.]
126,[9.]
127,[8.]
128,[7.]
129,[6.]
130,[6.]
131,[9.]
132,[6.]
133,[2.]
134,[14.]
135,[5.]
136,[6.]
137,[3.]
138,[7.]
139,[19.]
140,[10.]
141,[8.]
142,[7.]
143,[15.]
144,[8.]
145,[11.]
146,[2.]
147,[11.]
148,[14.]
149,[12.]
150,[9.]
151,[11.]
152,[8.]
153,[17.]
154,[8.]
155,[4.]
156,[6.]
157,[6.]
158,[5.]
159,[7.]
160,[2.]
161,[6.]
162,[8.]
163,[5.]
164,[14.]
165,[6.]
166,[16.]
167,[4.]
168,[12.]
169,[8.]
170,[4.]
171,[8.]
172,[4.]
173,[7.]
174,[19.]
175,[10.]
176,[11.]
177,[8.]
178,[11.]
179,[13.]
180,[10.]
181,[4.]
182,[8.]
183,[10.]
184,[6.]
185,[7.]
186,[5.]
187,[3.]
188,[5.]
189,[9.]
190,[12.]
191,[11.]
192,[9.]
193,[8.]
194,[10.]
195,[14.]
196,[8.]
197,[4.]
198,[8.]
199,[1.]
200,[5.]
201,[6.]
202,[3.]
203,[7.]
204,[3.]
205,[6.]
206,[6.]
207,[9.]
208,[8.]
209,[7.]
210,[3.]
211,[10.]
212,[6.]
213,[6.]
214,[7.]
215,[15.]
216,[7.]
217,[4.]
218,[13.]
219,[6.]
220,[2.]
221,[7.]
222,[3.]
223,[4.]
224,[11.]
225,[5.]
226,[5.]
227,[13.]
228,[7.]
229,[11.]
230,[1.]
231,[7.]
232,[5.]
233,[11.]
234,[5.]
235,[14.]
236,[2.]
237,[4.]
238,[6.]
239,[3.]
240,[7.]
241,[15.]
242,[5.]
243,[5.]
244,[7.]
245,[6.]
246,[2.]
247,[7.]
248,[8.]
249,[1.]
250,[7.]
251,[12.]
252,[10.]
253,[12.]
254,[9.]
255,[11.]
256,[10.]
257,[6.]
258,[4.]
259,[6.]
260,[9.]
261,[13.]
262,[15.]
263,[5.]
264,[7.]
265,[6.]
266,[7.]
267,[8.]
268,[6.]
269,[6.]
270,[7.]
271,[2.]
272,[11.]
273,[8.]
274,[6.]
275,[18.]
276,[7.]
277,[7.]
278,[4.]
279,[10.]
280,[11.]
281,[7.]
282,[6.]
283,[14.]
284,[11.]
285,[9.]
286,[10.]
287,[5.]
288,[6.]
289,[3.]
290,[20.]
291,[1.]
292,[4.]
293,[8.]
294,[9.]
295,[13.]
296,[6.]
297,[7.]
298,[8.]
299,[8.]
300,[12.]
301,[6.]
302,[5.]
303,[3.]
304,[8.]
305,[5.]
306,[4.]
307,[13.]
308,[9.]
309,[10.]
310,[3.]
311,[10.]
312,[14.]
313,[9.]
314,[7.]
315,[8.]
316,[10.]
317,[10.]
318,[20.]
319,[6.]
320,[10.]
321,[4.]
322,[11.]
323,[7.]
324,[8.]
325,[13.]
326,[6.]
327,[5.]
328,[5.]
329,[11.]
330,[17.]
331,[10.]
332,[2.]
333,[5.]
334,[12.]
335,[6.]
336,[11.]
337,[10.]
338,[5.]
339,[5.]
340,[10.]
341,[8.]
342,[4.]
343,[17.]
344,[8.]
345,[12.]
346,[2.]
347,[7.]
348,[10.]
349,[5.]
350,[7.]
351,[5.]
352,[2.]
353,[10.]
354,[5.]
355,[5.]
356,[4.]
357,[6.]
358,[7.]
359,[16.]
360,[5.]
361,[6.]
362,[11.]
363,[7.]
364,[7.]
365,[6.]
366,[7.]
367,[1.]
368,[4.]
369,[3.]
370,[11.]
371,[8.]
372,[5.]
373,[9.]
374,[2.]
375,[6.]
376,[4.]
377,[9.]
378,[6.]
379,[15.]
380,[5.]
381,[4.]
382,[16.]
383,[6.]
384,[7.]
385,[16.]
386,[14.]
387,[11.]
388,[12.]
389,[12.]
390,[7.]
391,[10.]
392,[14.]
393,[8.]
394,[5.]
395,[4.]
396,[8.]
397,[2.]
398,[3.]
399,[10.]
400,[7.]
401,[9.]
402,[3.]
403,[11.]
404,[11.]
405,[4.]
406,[5.]
407,[6.]
408,[4.]
409,[3.]
410,[8.]
411,[12.]
412,[8.]
413,[9.]
414,[9.]
415,[7.]
416,[14.]
417,[4.]
418,[7.]
419,[8.]
420,[5.]
421,[11.]
422,[6.]
423,[9.]
424,[4.]
425,[10.]
426,[6.]
427,[12.]
428,[6.]
429,[14.]
430,[6.]
431,[6.]
432,[7.]
433,[8.]
434,[9.]
435,[11.]
436,[0.]
437,[1.]
438,[5.]
439,[1.]
440,[5.]
441,[8.]
442,[14.]
443,[7.]
444,[3.]
445,[3.]
446,[6.]
447,[3.]
448,[6.]
449,[10.]
450,[5.]
451,[11.]
452,[14.]
453,[3.]
454,[5.]
455,[4.]
456,[15.]
457,[10.]
458,[3.]
459,[18.]
460,[5.]
461,[7.]
462,[5.]
463,[12.]
464,[10.]
465,[4.]
466,[10.]
467,[4.]
468,[10.]
469,[7.]
470,[4.]
471,[5.]
472,[8.]
473,[8.]
474,[3.]
475,[5.]
476,[8.]
477,[5.]
478,[9.]
479,[8.]
480,[6.]
481,[5.]
482,[12.]
483,[5.]
484,[14.]
485,[2.]
486,[7.]
487,[5.]
488,[6.]
489,[4.]
490,[12.]
491,[7.]
492,[9.]
493,[5.]
494,[9.]
495,[10.]
496,[15.]
497,[5.]
498,[9.]
499,[5.]
500,[5.]
501,[3.]
502,[2.]
503,[6.]
504,[6.]
505,[6.]
506,[4.]
507,[12.]
508,[6.]
509,[10.]
510,[4.]
511,[6.]
512,[7.]
513,[4.]
514,[5.]
515,[2.]
516,[8.]
517,[6.]
518,[7.]
519,[5.]
520,[9.]
521,[4.]
522,[9.]
523,[6.]
524,[9.]
525,[12.]
526,[3.]
527,[6.]
528,[10.]
529,[5.]
530,[12.]
531,[8.]
532,[5.]
533,[8.]
534,[2.]
535,[10.]
536,[13.]
537,[8.]
538,[3.]
539,[8.]
540,[5.]
541,[7.]
542,[6.]
543,[12.]
544,[8.]
545,[9.]
546,[12.]
547,[9.]
548,[11.]
549,[10.]
550,[6.]
551,[2.]
552,[10.]
553,[9.]
554,[15.]
555,[8.]
556,[11.]
557,[13.]
558,[6.]
559,[11.]
560,[4.]
561,[8.]
562,[6.]
563,[10.]
564,[10.]
565,[6.]
566,[3.]
567,[13.]
568,[2.]
569,[10.]
570,[8.]
571,[7.]
572,[8.]
573,[7.]
574,[6.]
575,[8.]
576,[7.]
577,[11.]
578,[5.]
579,[8.]
580,[5.]
581,[11.]
582,[12.]
583,[5.]
584,[7.]
585,[11.]
586,[12.]
587,[8.]
588,[3.]
589,[12.]
590,[7.]
591,[13.]
592,[5.]
593,[12.]
594,[6.]
595,[5.]
596,[4.]
597,[6.]
598,[9.]
599,[8.]
600,[5.]
601,[10.]
602,[0.]
603,[6.]
604,[5.]
605,[13.]
606,[2.]
607,[7.]
608,[3.]
609,[12.]
610,[8.]
611,[9.]
612,[6.]
613,[13.]
614,[7.]
615,[5.]
616,[12.]
617,[2.]
618,[11.]
619,[7.]
620,[9.]
621,[8.]
622,[15.]
623,[11.]
624,[10.]
625,[5.]
626,[12.]
627,[5.]
628,[3.]
629,[6.]
630,[6.]
631,[3.]
632,[10.]
633,[14.]
634,[6.]
635,[4.]
636,[10.]
637,[13.]
638,[9.]
639,[8.]
640,[4.]
641,[6.]
642,[9.]
643,[1.]
644,[9.]
645,[9.]
646,[3.]
647,[4.]
648,[2.]
649,[4.]
650,[5.]
651,[5.]
652,[7.]
653,[8.]
654,[7.]
655,[5.]
656,[4.]
657,[9.]
658,[15.]
659,[3.]
660,[7.]
661,[10.]
662,[7.]
663,[6.]
664,[16.]
665,[4.]
666,[6.]
667,[4.]
668,[8.]
669,[9.]
670,[8.]
671,[6.]
672,[12.]
673,[10.]
674,[8.]
675,[11.]
676,[8.]
677,[15.]
678,[10.]
679,[6.]
680,[7.]
681,[5.]
682,[7.]
683,[5.]
684,[5.]
685,[5.]
686,[12.]
687,[6.]
688,[10.]
689,[10.]
690,[11.]
691,[4.]
692,[13.]
693,[10.]
694,[2.]
695,[3.]
696,[2.]
697,[2.]
698,[14.]
699,[6.]
700,[10.]
701,[5.]
702,[1.]
703,[6.]
704,[4.]
705,[5.]
706,[10.]
707,[6.]
708,[5.]
709,[5.]
710,[10.]
711,[9.]
712,[7.]
713,[11.]
714,[4.]
715,[5.]
716,[11.]
717,[14.]
718,[2.]
719,[8.]
720,[15.]
721,[5.]
722,[6.]
723,[6.]
724,[8.]
725,[6.]
726,[5.]
727,[3.]
728,[11.]
729,[8.]
730,[6.]
731,[4.]
732,[4.]
733,[7.]
734,[6.]
735,[9.]
736,[12.]
737,[10.]
738,[11.]
739,[16.]
740,[5.]
741,[10.]
742,[5.]
743,[9.]
744,[1.]
745,[16.]
746,[7.]
747,[4.]
748,[6.]
749,[7.]
750,[9.]
751,[12.]
752,[6.]
753,[6.]
754,[11.]
755,[7.]
756,[13.]
757,[9.]
758,[12.]
759,[9.]
760,[11.]
761,[7.]
762,[5.]
763,[4.]
764,[7.]
765,[4.]
766,[5.]
767,[7.]
768,[8.]
769,[9.]
770,[11.]
771,[2.]
772,[13.]
773,[9.]
774,[4.]
775,[10.]
776,[6.]
777,[6.]
778,[3.]
779,[13.]
780,[2.]
781,[6.]
782,[8.]
783,[9.]
784,[9.]
785,[3.]
786,[7.]
787,[7.]
788,[7.]
789,[4.]
790,[5.]
791,[4.]
792,[3.]
793,[2.]
794,[11.]
795,[11.]
796,[6.]
797,[8.]
798,[7.]
799,[10.]
800,[6.]
801,[9.]
802,[3.]
803,[9.]
804,[6.]
805,[8.]
806,[9.]
807,[10.]
808,[10.]
809,[5.]
810,[6.]
811,[12.]
812,[5.]
813,[5.]
814,[9.]
815,[3.]
816,[9.]
817,[9.]
818,[5.]
819,[5.]
820,[12.]
821,[3.]
822,[4.]
823,[10.]
824,[6.]
825,[3.]
826,[7.]
827,[6.]
828,[9.]
829,[9.]
830,[10.]
831,[9.]
832,[9.]
833,[3.]
834,[5.]
835,[9.]
836,[7.]
837,[4.]
838,[5.]
839,[1.]
840,[7.]
841,[10.]
842,[10.]
843,[7.]
844,[6.]
845,[7.]
846,[5.]
847,[13.]
848,[11.]
849,[5.]
850,[12.]
851,[9.]
852,[6.]
853,[11.]
854,[4.]
855,[5.]
856,[13.]
857,[11.]
858,[10.]
859,[8.]
860,[11.]
861,[6.]
862,[7.]
863,[5.]
864,[9.]
865,[8.]
866,[9.]
867,[6.]
868,[10.]
869,[12.]
870,[10.]
871,[15.]
872,[13.]
873,[5.]
874,[6.]
875,[10.]
876,[3.]
877,[11.]
878,[5.]
879,[13.]
880,[10.]
881,[6.]
882,[7.]
883,[12.]
884,[14.]
885,[9.]
886,[10.]
887,[6.]
888,[5.]
889,[4.]
890,[9.]
891,[10.]
892,[7.]
893,[9.]
894,[8.]
895,[5.]
896,[5.]
897,[5.]
898,[8.]
899,[6.]
900,[6.]
901,[5.]
902,[8.]
903,[6.]
904,[4.]
905,[10.]
906,[13.]
907,[6.]
908,[7.]
909,[9.]
910,[5.]
911,[7.]
912,[16.]
913,[10.]
914,[4.]
915,[11.]
916,[7.]
917,[12.]
918,[7.]
919,[9.]
920,[7.]
921,[6.]
922,[10.]
923,[2.]
924,[6.]
925,[12.]
926,[8.]
927,[6.]
928,[9.]
929,[14.]
930,[13.]
931,[6.]
932,[7.]
933,[6.]
934,[12.]
935,[10.]
936,[9.]
937,[16.]
938,[8.]
939,[6.]
940,[5.]
941,[3.]
942,[6.]
943,[2.]
944,[9.]
945,[11.]
946,[7.]
947,[8.]
948,[6.]
949,[5.]
950,[6.]
951,[3.]
952,[9.]
953,[12.]
954,[4.]
955,[7.]
956,[9.]
957,[11.]
958,[7.]
959,[2.]
960,[0.]
961,[7.]
962,[16.]
963,[13.]
964,[11.]
965,[8.]
966,[3.]
967,[3.]
968,[6.]
969,[7.]
970,[12.]
971,[9.]
972,[14.]
973,[9.]
974,[8.]
975,[8.]
976,[7.]
977,[7.]
978,[6.]
979,[1.]
980,[5.]
981,[14.]
982,[11.]
983,[8.]
984,[3.]
985,[9.]
986,[2.]
987,[3.]
988,[12.]
989,[3.]
990,[8.]
991,[9.]
992,[13.]
993,[10.]
994,[4.]
995,[7.]
996,[6.]
997,[15.]
998,[4.]
999,[2.]
1000,[11.]
1001,[5.]
1002,[11.]
1003,[9.]
1004,[1.]
1005,[6.]
1006,[2.]
1007,[15.]
1008,[9.]
1009,[6.]
1010,[9.]
1011,[5.]
1012,[9.]
1013,[7.]
1014,[11.]
1015,[2.]
1016,[13.]
1017,[12.]
1018,[8.]
1019,[11.]
1020,[5.]
1021,[1.]
1022,[15.]
1023,[6.]
1024,[6.]
1025,[13.]
1026,[12.]
1027,[6.]
1028,[4.]
1029,[13.]
1030,[3.]
1031,[11.]
1032,[15.]
1033,[9.]
1034,[7.]
1035,[3.]
1036,[6.]
1037,[7.]
1038,[6.]
1039,[7.]
1040,[10.]
1041,[10.]
1042,[2.]
1043,[11.]
1044,[4.]
1045,[6.]
1046,[10.]
1047,[15.]
1048,[3.]
1049,[7.]
1050,[11.]
1051,[11.]
1052,[9.]
1053,[7.]
1054,[16.]
1055,[7.]
1056,[9.]
1057,[3.]
1058,[15.]
1059,[8.]
1060,[6.]
1061,[10.]
1062,[3.]
1063,[15.]
1064,[15.]
1065,[11.]
1066,[6.]
1067,[5.]
1068,[11.]
1069,[16.]
1070,[9.]
1071,[5.]
1072,[5.]
1073,[9.]
1074,[11.]
1075,[9.]
1076,[7.]
1077,[11.]
1078,[8.]
1079,[5.]
1080,[12.]
1081,[13.]
1082,[9.]
1083,[5.]
1084,[5.]
1085,[7.]
1086,[4.]
1087,[5.]
1088,[7.]
1089,[8.]
1090,[9.]
1091,[5.]
1092,[11.]
1093,[8.]
1094,[7.]
1095,[9.]
1096,[11.]
1097,[7.]
1098,[9.]
1099,[9.]
1100,[5.]
1101,[10.]
1102,[12.]
1103,[5.]
1104,[10.]
1105,[7.]
1106,[6.]
1107,[7.]
1108,[2.]
1109,[9.]
1110,[7.]
1111,[12.]
1112,[12.]
1113,[7.]
1114,[5.]
1115,[6.]
1116,[10.]
1117,[15.]
1118,[5.]
1119,[7.]
1120,[2.]
1121,[11.]
1122,[6.]
1123,[10.]
1124,[10.]
1125,[10.]
1126,[18.]
1127,[7.]
1128,[14.]
1129,[5.]
1130,[19.]
1131,[6.]
1132,[3.]
1133,[6.]
1134,[13.]
1135,[14.]
1136,[5.]
1137,[14.]
1138,[4.]
1139,[13.]
1140,[9.]
1141,[9.]
1142,[8.]
1143,[8.]
1144,[3.]
1145,[17.]
1146,[7.]
1147,[9.]
1148,[3.]
1149,[10.]
1150,[7.]
1151,[8.]
1152,[6.]
1153,[17.]
1154,[5.]
1155,[11.]
1156,[7.]
1157,[9.]
1158,[7.]
1159,[9.]
1160,[5.]
1161,[8.]
1162,[7.]
1163,[4.]
1164,[17.]
1165,[4.]
1166,[2.]
1167,[12.]
1168,[7.]
1169,[6.]
1170,[9.]
1171,[4.]
1172,[7.]
1173,[8.]
1174,[9.]
1175,[7.]
1176,[15.]
1177,[2.]
1178,[4.]
1179,[12.]
1180,[11.]
1181,[1.]
1182,[8.]
1183,[9.]
1184,[11.]
1185,[1.]
1186,[7.]
1187,[12.]
1188,[6.]
1189,[8.]
1190,[10.]
1191,[9.]
1192,[3.]
1193,[4.]
1194,[7.]
1195,[11.]
1196,[18.]
1197,[11.]
1198,[8.]
1199,[7.]
1200,[5.]
1201,[7.]
1202,[8.]
1203,[5.]
1204,[2.]
1205,[12.]
1206,[8.]
1207,[5.]
1208,[10.]
1209,[7.]
1210,[13.]
1211,[8.]
1212,[12.]
1213,[9.]
1214,[9.]
1215,[9.]
1216,[5.]
1217,[12.]
1218,[5.]
1219,[4.]
1220,[3.]
1221,[4.]
1222,[13.]
1223,[12.]
1224,[11.]
1225,[6.]
1226,[8.]
1227,[13.]
1228,[9.]
1229,[13.]
1230,[3.]
1231,[1.]
1232,[12.]
1233,[7.]
1234,[5.]
1235,[6.]
1236,[3.]
1237,[5.]
1238,[10.]
1239,[7.]
1240,[10.]
1241,[10.]
1242,[11.]
1243,[13.]
1244,[14.]
1245,[6.]
1246,[7.]
1247,[5.]
1248,[13.]
1249,[6.]
1250,[10.]
1251,[7.]
1252,[2.]
1253,[3.]
1254,[14.]
1255,[7.]
1256,[12.]
1257,[11.]
1258,[10.]
1259,[6.]
1260,[10.]
1261,[4.]
1262,[7.]
1263,[9.]
1264,[20.]
1265,[9.]
1266,[6.]
1267,[6.]
1268,[9.]
1269,[14.]
1270,[5.]
1271,[4.]
1272,[8.]
1273,[11.]
1274,[3.]
1275,[12.]
1276,[7.]
1277,[4.]
1278,[11.]
1279,[3.]
1280,[9.]
1281,[9.]
1282,[3.]
1283,[9.]
1284,[10.]
1285,[12.]
1286,[8.]
1287,[6.]
1288,[12.]
1289,[7.]
1290,[2.]
1291,[4.]
1292,[12.]
1293,[11.]
1294,[8.]
1295,[6.]
1296,[5.]
1297,[8.]
1298,[5.]
1299,[4.]
1300,[4.]
1301,[7.]
1302,[3.]
1303,[7.]
1304,[7.]
1305,[7.]
1306,[7.]
1307,[18.]
1308,[9.]
1309,[6.]
1310,[6.]
1311,[12.]
1312,[3.]
1313,[6.]
1314,[14.]
1315,[9.]
1316,[13.]
1317,[9.]
1318,[5.]
1319,[5.]
1320,[3.]
1321,[7.]
1322,[5.]
1323,[6.]
1324,[9.]
1325,[4.]
1326,[10.]
1327,[6.]
1328,[6.]
1329,[9.]
1330,[5.]
1331,[6.]
1332,[10.]
1333,[6.]
1334,[8.]
1335,[4.]
1336,[14.]
1337,[11.]
1338,[14.]
1339,[12.]
1340,[5.]
1341,[10.]
1342,[8.]
1343,[6.]
1344,[6.]
1345,[7.]
1346,[5.]
1347,[8.]
1348,[12.]
1349,[7.]
1350,[5.]
1351,[3.]
1352,[3.]
1353,[15.]
1354,[12.]
1355,[8.]
1356,[2.]
1357,[6.]
1358,[5.]
1359,[3.]
1360,[9.]
1361,[9.]
1362,[12.]
1363,[8.]
1364,[11.]
1365,[9.]
1366,[3.]
1367,[3.]
1368,[12.]
1369,[11.]
1370,[4.]
1371,[4.]
1372,[11.]
1373,[5.]
1374,[5.]
1375,[7.]
1376,[7.]
1377,[6.]
1378,[10.]
1379,[17.]
1380,[4.]
1381,[5.]
1382,[6.]
1383,[8.]
1384,[15.]
1385,[4.]
1386,[8.]
1387,[10.]
1388,[9.]
1389,[6.]
1390,[7.]
1391,[6.]
1392,[7.]
1393,[10.]
1394,[11.]
1395,[11.]
1396,[8.]
1397,[10.]
1398,[7.]
1399,[14.]
1400,[11.]
1401,[8.]
1402,[12.]
1403,[10.]
1404,[13.]
1405,[9.]
1406,[5.]
1407,[2.]
1408,[9.]
1409,[11.]
1410,[0.]
1411,[7.]
1412,[6.]
1413,[1.]
1414,[8.]
1415,[10.]
1416,[15.]
1417,[6.]
1418,[9.]
1419,[15.]
1420,[7.]
1421,[9.]
1422,[13.]
1423,[8.]
1424,[9.]
1425,[11.]
1426,[2.]
1427,[7.]
1428,[10.]
1429,[7.]
1430,[5.]
1431,[3.]
1432,[11.]
1433,[2.]
1434,[3.]
1435,[4.]
1436,[10.]
1437,[10.]
1438,[3.]
1439,[26.]
1440,[16.]
1441,[12.]
1442,[11.]
1443,[6.]
1444,[9.]
1445,[4.]
1446,[11.]
1447,[11.]
1448,[9.]
1449,[8.]
1450,[15.]
1451,[5.]
1452,[7.]
1453,[5.]
1454,[4.]
1455,[9.]
1456,[13.]
1457,[15.]
1458,[3.]
1459,[20.]
1460,[12.]
1461,[11.]
1462,[7.]
1463,[6.]
1464,[6.]
1465,[12.]
1466,[10.]
1467,[12.]
1468,[9.]
1469,[5.]
1470,[8.]
1471,[7.]
1472,[5.]
1473,[7.]
1474,[6.]
1475,[10.]
1476,[3.]
1477,[10.]
1478,[13.]
1479,[7.]
1480,[5.]
1481,[10.]
1482,[12.]
1483,[7.]
1484,[7.]
1485,[7.]
1486,[9.]
1487,[17.]
1488,[2.]
1489,[9.]
1490,[7.]
1491,[9.]
1492,[16.]
1493,[9.]
1494,[8.]
1495,[9.]
1496,[7.]
1497,[2.]
1498,[6.]
1499,[6.]
1500,[3.]
1501,[7.]
1502,[10.]
1503,[4.]
1504,[7.]
1505,[11.]
1506,[4.]
1507,[6.]
1508,[9.]
1509,[5.]
1510,[8.]
1511,[6.]
1512,[8.]
1513,[7.]
1514,[15.]
1515,[8.]
1516,[9.]
1517,[15.]
1518,[7.]
1519,[6.]
1520,[11.]
1521,[7.]
1522,[4.]
1523,[13.]
1524,[11.]
1525,[12.]
1526,[7.]
1527,[4.]
1528,[6.]
1529,[8.]
1530,[5.]
1531,[2.]
1532,[5.]
1533,[10.]
1534,[10.]
1535,[2.]
1536,[7.]
1537,[17.]
1538,[13.]
1539,[5.]
1540,[7.]
1541,[11.]
1542,[7.]
1543,[11.]
1544,[9.]
1545,[11.]
1546,[3.]
1547,[14.]
1548,[5.]
1549,[7.]
1550,[4.]
1551,[7.]
1552,[10.]
1553,[4.]
1554,[7.]
1555,[5.]
1556,[8.]
1557,[10.]
1558,[16.]
1559,[9.]
1560,[3.]
1561,[11.]
1562,[2.]
1563,[7.]
1564,[11.]
1565,[7.]
1566,[9.]
1567,[11.]
1568,[14.]
1569,[4.]
1570,[12.]
1571,[6.]
1572,[7.]
1573,[14.]
1574,[5.]
1575,[8.]
1576,[11.]
1577,[9.]
1578,[9.]
1579,[6.]
1580,[7.]
1581,[7.]
1582,[6.]
1583,[2.]
1584,[9.]
1585,[7.]
1586,[4.]
1587,[15.]
1588,[6.]
1589,[10.]
1590,[3.]
1591,[8.]
1592,[11.]
1593,[13.]
1594,[6.]
1595,[5.]
1596,[12.]
1597,[10.]
1598,[10.]
1599,[9.]
1600,[13.]
1601,[1.]
1602,[2.]
1603,[15.]
1604,[10.]
1605,[16.]
1606,[11.]
1607,[4.]
1608,[5.]
1609,[6.]
1610,[3.]
1611,[8.]
1612,[9.]
1613,[7.]
1614,[7.]
1615,[11.]
1616,[19.]
1617,[9.]
1618,[6.]
1619,[5.]
1620,[7.]
1621,[6.]
1622,[11.]
1623,[4.]
1624,[9.]
1625,[5.]
1626,[6.]
1627,[4.]
1628,[5.]
1629,[7.]
1630,[11.]
1631,[5.]
1632,[6.]
1633,[4.]
1634,[6.]
1635,[10.]
1636,[5.]
1637,[7.]
1638,[3.]
1639,[8.]
1640,[10.]
1641,[5.]
1642,[10.]
1643,[9.]
1644,[16.]
1645,[12.]
1646,[20.]
1647,[6.]
1648,[5.]
1649,[10.]
1650,[5.]
1651,[12.]
1652,[6.]
1653,[7.]
1654,[8.]
1655,[18.]
1656,[6.]
1657,[8.]
1658,[3.]
1659,[4.]
1660,[10.]
1661,[0.]
1662,[2.]
1663,[8.]
1664,[12.]
1665,[1.]
1666,[2.]
1667,[10.]
1668,[13.]
1669,[11.]
1670,[9.]
1671,[10.]
1672,[9.]
1673,[6.]
1674,[12.]
1675,[9.]
1676,[1.]
1677,[13.]
1678,[8.]
1679,[11.]
1680,[9.]
1681,[8.]
1682,[9.]
1683,[2.]
1684,[6.]
1685,[3.]
1686,[3.]
1687,[3.]
1688,[9.]
1689,[12.]
1690,[10.]
1691,[10.]
1692,[6.]
1693,[3.]
1694,[3.]
1695,[12.]
1696,[11.]
1697,[6.]
1698,[6.]
1699,[5.]
1700,[13.]
1701,[8.]
1702,[13.]
1703,[5.]
1704,[7.]
1705,[5.]
1706,[3.]
1707,[5.]
1708,[7.]
1709,[7.]
1710,[6.]
1711,[10.]
1712,[3.]
1713,[5.]
1714,[13.]
1715,[5.]
1716,[5.]
1717,[11.]
1718,[10.]
1719,[15.]
1720,[8.]
1721,[4.]
1722,[14.]
1723,[13.]
1724,[13.]
1725,[6.]
1726,[11.]
1727,[14.]
1728,[8.]
1729,[5.]
1730,[6.]
1731,[16.]
1732,[3.]
1733,[3.]
1734,[7.]
1735,[13.]
1736,[7.]
1737,[11.]
1738,[13.]
1739,[6.]
1740,[6.]
1741,[5.]
1742,[5.]
1743,[4.]
1744,[6.]
1745,[6.]
1746,[4.]
1747,[11.]
1748,[10.]
1749,[1.]
1750,[10.]
1751,[14.]
1752,[5.]
1753,[9.]
1754,[9.]
1755,[9.]
1756,[12.]
1757,[6.]
1758,[11.]
1759,[6.]
1760,[2.]
1761,[3.]
1762,[8.]
1763,[16.]
1764,[14.]
1765,[5.]
1766,[5.]
1767,[5.]
1768,[1.]
1769,[12.]
1770,[9.]
1771,[8.]
1772,[6.]
1773,[5.]
1774,[6.]
1775,[13.]
1776,[9.]
1777,[14.]
1778,[0.]
1779,[7.]
1780,[6.]
1781,[10.]
1782,[4.]
1783,[7.]
1784,[9.]
1785,[8.]
1786,[10.]
1787,[9.]
1788,[8.]
1789,[3.]
1790,[4.]
1791,[10.]
1792,[9.]
1793,[3.]
1794,[10.]
1795,[6.]
1796,[3.]
1797,[16.]
1798,[3.]
1799,[10.]
1800,[8.]
1801,[5.]
1802,[4.]
1803,[9.]
1804,[8.]
1805,[6.]
1806,[8.]
1807,[8.]
1808,[6.]
1809,[4.]
1810,[5.]
1811,[3.]
1812,[6.]
1813,[3.]
1814,[5.]
1815,[5.]
1816,[7.]
1817,[7.]
1818,[4.]
1819,[5.]
1820,[11.]
1821,[5.]
1822,[13.]
1823,[9.]
1824,[7.]
1825,[9.]
1826,[10.]
1827,[5.]
1828,[4.]
1829,[13.]
1830,[9.]
1831,[9.]
1832,[6.]
1833,[9.]
1834,[3.]
1835,[2.]
1836,[9.]
1837,[5.]
1838,[6.]
1839,[7.]
1840,[8.]
1841,[10.]
1842,[8.]
1843,[11.]
1844,[6.]
1845,[3.]
1846,[6.]
1847,[4.]
1848,[6.]
1849,[7.]
1850,[9.]
1851,[8.]
1852,[5.]
1853,[10.]
1854,[10.]
1855,[6.]
1856,[7.]
1857,[1.]
1858,[3.]
1859,[5.]
1860,[5.]
1861,[10.]
1862,[9.]
1863,[6.]
1864,[2.]
1865,[7.]
1866,[12.]
1867,[13.]
1868,[13.]
1869,[8.]
1870,[12.]
1871,[9.]
1872,[10.]
1873,[8.]
1874,[2.]
1875,[0.]
1876,[9.]
1877,[5.]
1878,[13.]
1879,[14.]
1880,[9.]
1881,[4.]
1882,[11.]
1883,[6.]
1884,[6.]
1885,[11.]
1886,[5.]
1887,[9.]
1888,[11.]
1889,[8.]
1890,[12.]
1891,[14.]
1892,[7.]
1893,[7.]
1894,[9.]
1895,[7.]
1896,[8.]
1897,[10.]
1898,[10.]
1899,[5.]
1900,[7.]
1901,[10.]
1902,[7.]
1903,[7.]
1904,[7.]
1905,[4.]
1906,[11.]
1907,[6.]
1908,[8.]
1909,[8.]
1910,[2.]
1911,[7.]
1912,[8.]
1913,[5.]
1914,[7.]
1915,[5.]
1916,[10.]
1917,[11.]
1918,[5.]
1919,[7.]
1920,[8.]
1921,[4.]
1922,[6.]
1923,[10.]
1924,[11.]
1925,[5.]
1926,[8.]
1927,[12.]
1928,[2.]
1929,[6.]
1930,[8.]
1931,[10.]
1932,[7.]
1933,[7.]
1934,[10.]
1935,[2.]
1936,[8.]
1937,[2.]
1938,[7.]
1939,[8.]
1940,[7.]
1941,[8.]
1942,[12.]
1943,[5.]
1944,[13.]
1945,[7.]
1946,[15.]
1947,[10.]
1948,[12.]
1949,[9.]
1950,[9.]
1951,[17.]
1952,[8.]
1953,[13.]
1954,[3.]
1955,[9.]
1956,[8.]
1957,[4.]
1958,[13.]
1959,[20.]
1960,[5.]
1961,[12.]
1962,[9.]
1963,[9.]
1964,[11.]
1965,[5.]
1966,[5.]
1967,[3.]
1968,[4.]
1969,[7.]
1970,[7.]
1971,[10.]
1972,[9.]
1973,[4.]
1974,[15.]
1975,[9.]
1976,[18.]
1977,[3.]
1978,[6.]
1979,[2.]
1980,[12.]
1981,[7.]
1982,[10.]
1983,[9.]
1984,[14.]
1985,[2.]
1986,[1.]
1987,[4.]
1988,[7.]
1989,[11.]
1990,[5.]
1991,[9.]
1992,[4.]
1993,[4.]
1994,[10.]
1995,[6.]
1996,[15.]
1997,[5.]
1998,[4.]
1999,[8.]
2000,[1.]
2001,[10.]
2002,[9.]
2003,[9.]
2004,[6.]
2005,[9.]
2006,[2.]
2007,[7.]
2008,[4.]
2009,[11.]
2010,[3.]
2011,[9.]
2012,[6.]
2013,[6.]
2014,[10.]
2015,[6.]
2016,[9.]
2017,[11.]
2018,[3.]
2019,[7.]
2020,[4.]
2021,[6.]
2022,[11.]
2023,[4.]
2024,[10.]
2025,[13.]
2026,[4.]
2027,[7.]
2028,[6.]
2029,[11.]
2030,[7.]
2031,[6.]
2032,[3.]
2033,[6.]
2034,[8.]
2035,[10.]
2036,[2.]
2037,[12.]
2038,[17.]
2039,[1.]
2040,[2.]
2041,[9.]
2042,[2.]
2043,[8.]
2044,[9.]
2045,[6.]
2046,[13.]
2047,[11.]
2048,[14.]
2049,[4.]
2050,[5.]
2051,[13.]
2052,[8.]
2053,[10.]
2054,[7.]
2055,[6.]
2056,[6.]
2057,[9.]
2058,[6.]
2059,[8.]
2060,[10.]
2061,[11.]
2062,[7.]
2063,[7.]
2064,[13.]
2065,[6.]
2066,[7.]
2067,[10.]
2068,[7.]
2069,[8.]
2070,[3.]
2071,[7.]
2072,[5.]
2073,[14.]
2074,[9.]
2075,[3.]
2076,[8.]
2077,[3.]
2078,[3.]
2079,[6.]
2080,[4.]
2081,[6.]
2082,[13.]
2083,[9.]
2084,[11.]
2085,[6.]
2086,[5.]
2087,[11.]
2088,[8.]
2089,[11.]
2090,[12.]
2091,[12.]
2092,[8.]
2093,[13.]
2094,[5.]
2095,[6.]
2096,[7.]
2097,[8.]
2098,[8.]
2099,[7.]
2100,[6.]
2101,[6.]
2102,[7.]
2103,[1.]
2104,[4.]
2105,[9.]
2106,[16.]
2107,[9.]
2108,[2.]
2109,[16.]
2110,[9.]
2111,[5.]
2112,[6.]
2113,[9.]
2114,[5.]
2115,[5.]
2116,[14.]
2117,[11.]
2118,[8.]
2119,[5.]
2120,[5.]
2121,[11.]
2122,[9.]
2123,[12.]
2124,[12.]
2125,[9.]
2126,[0.]
2127,[4.]
2128,[5.]
2129,[9.]
2130,[16.]
2131,[10.]
2132,[7.]
2133,[6.]
2134,[6.]
2135,[6.]
2136,[6.]
2137,[15.]
2138,[9.]
2139,[5.]
2140,[4.]
2141,[14.]
2142,[6.]
2143,[8.]
2144,[9.]
2145,[5.]
2146,[5.]
2147,[4.]
2148,[9.]
2149,[14.]
2150,[7.]
2151,[10.]
2152,[6.]
2153,[7.]
2154,[10.]
2155,[17.]
2156,[7.]
2157,[12.]
2158,[3.]
2159,[5.]
2160,[7.]
2161,[12.]
2162,[5.]
2163,[7.]
2164,[4.]
2165,[3.]
2166,[7.]
2167,[1.]
2168,[9.]
2169,[6.]
2170,[8.]
2171,[7.]
2172,[11.]
2173,[5.]
2174,[8.]
2175,[4.]
2176,[8.]
2177,[3.]
2178,[4.]
2179,[7.]
2180,[6.]
2181,[8.]
2182,[9.]
2183,[10.]
2184,[5.]
2185,[17.]
2186,[3.]
2187,[12.]
2188,[9.]
2189,[9.]
2190,[3.]
2191,[3.]
2192,[4.]
2193,[6.]
2194,[4.]
2195,[4.]
2196,[6.]
2197,[4.]
2198,[7.]
2199,[15.]
2200,[10.]
2201,[6.]
2202,[9.]
2203,[5.]
2204,[9.]
2205,[6.]
2206,[17.]
2207,[14.]
2208,[11.]
2209,[16.]
2210,[6.]
2211,[4.]
2212,[5.]
2213,[7.]
2214,[13.]
2215,[8.]
2216,[2.]
2217,[5.]
2218,[13.]
2219,[6.]
2220,[7.]
2221,[17.]
2222,[6.]
2223,[18.]
2224,[11.]
2225,[6.]
2226,[7.]
2227,[8.]
2228,[2.]
2229,[3.]
2230,[10.]
2231,[7.]
2232,[1.]
2233,[5.]
2234,[4.]
2235,[6.]
2236,[9.]
2237,[9.]
2238,[6.]
2239,[6.]
2240,[6.]
2241,[15.]
2242,[10.]
2243,[7.]
2244,[3.]
2245,[8.]
2246,[4.]
2247,[5.]
2248,[13.]
2249,[8.]
2250,[17.]
2251,[6.]
2252,[9.]
2253,[7.]
2254,[7.]
2255,[5.]
2256,[8.]
2257,[10.]
2258,[10.]
2259,[9.]
2260,[12.]
2261,[5.]
2262,[9.]
2263,[7.]
2264,[5.]
2265,[1.]
2266,[11.]
2267,[6.]
2268,[9.]
2269,[3.]
2270,[9.]
2271,[17.]
2272,[9.]
2273,[4.]
2274,[6.]
2275,[5.]
2276,[8.]
2277,[5.]
2278,[11.]
2279,[5.]
2280,[6.]
2281,[6.]
2282,[10.]
2283,[9.]
2284,[2.]
2285,[14.]
2286,[10.]
2287,[6.]
2288,[4.]
2289,[5.]
2290,[8.]
2291,[4.]
2292,[6.]
2293,[7.]
2294,[13.]
2295,[6.]
2296,[7.]
2297,[12.]
2298,[14.]
2299,[15.]
2300,[12.]
2301,[7.]
2302,[8.]
2303,[4.]
2304,[15.]
2305,[8.]
2306,[10.]
2307,[5.]
2308,[4.]
2309,[14.]
2310,[5.]
2311,[14.]
2312,[9.]
2313,[13.]
2314,[6.]
2315,[6.]
2316,[9.]
2317,[8.]
2318,[6.]
2319,[10.]
2320,[7.]
2321,[12.]
2322,[6.]
2323,[6.]
2324,[9.]
2325,[6.]
2326,[15.]
2327,[9.]
2328,[4.]
2329,[9.]
2330,[14.]
2331,[9.]
2332,[7.]
2333,[3.]
2334,[11.]
2335,[7.]
2336,[16.]
2337,[0.]
2338,[8.]
2339,[4.]
2340,[9.]
2341,[11.]
2342,[5.]
2343,[10.]
2344,[9.]
2345,[18.]
2346,[3.]
2347,[5.]
2348,[9.]
2349,[2.]
2350,[18.]
2351,[6.]
2352,[3.]
2353,[4.]
2354,[7.]
2355,[14.]
2356,[7.]
2357,[7.]
2358,[4.]
2359,[7.]
2360,[9.]
2361,[4.]
2362,[8.]
2363,[4.]
2364,[5.]
2365,[10.]
2366,[10.]
2367,[3.]
2368,[8.]
2369,[15.]
2370,[9.]
2371,[8.]
2372,[7.]
2373,[5.]
2374,[15.]
2375,[9.]
2376,[7.]
2377,[2.]
2378,[8.]
2379,[11.]
2380,[3.]
2381,[6.]
2382,[9.]
2383,[7.]
2384,[10.]
2385,[6.]
2386,[11.]
2387,[11.]
2388,[12.]
2389,[9.]
2390,[3.]
2391,[3.]
2392,[8.]
2393,[6.]
2394,[8.]
2395,[5.]
2396,[12.]
2397,[14.]
2398,[5.]
2399,[12.]
2400,[5.]
2401,[7.]
2402,[13.]
2403,[13.]
2404,[17.]
2405,[5.]
2406,[10.]
2407,[5.]
2408,[14.]
2409,[6.]
2410,[12.]
2411,[4.]
2412,[11.]
2413,[6.]
2414,[6.]
2415,[6.]
2416,[5.]
2417,[6.]
2418,[4.]
2419,[6.]
2420,[9.]
2421,[7.]
2422,[1.]
2423,[6.]
2424,[19.]
2425,[10.]
2426,[9.]
2427,[11.]
2428,[1.]
2429,[4.]
2430,[9.]
2431,[3.]
2432,[11.]
2433,[10.]
2434,[9.]
2435,[10.]
2436,[20.]
2437,[10.]
2438,[7.]
2439,[6.]
2440,[8.]
2441,[13.]
2442,[6.]
2443,[5.]
2444,[5.]
2445,[3.]
2446,[8.]
2447,[6.]
2448,[7.]
2449,[14.]
2450,[6.]
2451,[8.]
2452,[5.]
2453,[9.]
2454,[9.]
2455,[7.]
2456,[10.]
2457,[5.]
2458,[4.]
2459,[9.]
2460,[7.]
2461,[7.]
2462,[11.]
2463,[9.]
2464,[13.]
2465,[14.]
2466,[8.]
2467,[9.]
2468,[8.]
2469,[7.]
2470,[6.]
2471,[6.]
2472,[13.]
2473,[9.]
2474,[8.]
2475,[8.]
2476,[2.]
2477,[8.]
2478,[4.]
2479,[9.]
2480,[5.]
2481,[11.]
2482,[4.]
2483,[12.]
2484,[3.]
2485,[4.]
2486,[4.]
2487,[7.]
2488,[12.]
2489,[8.]
2490,[0.]
2491,[6.]
2492,[12.]
2493,[8.]
2494,[5.]
2495,[17.]
2496,[12.]
2497,[7.]
2498,[13.]
2499,[13.]
2500,[6.]
2501,[9.]
2502,[16.]
2503,[6.]
2504,[6.]
2505,[10.]
2506,[7.]
2507,[8.]
2508,[9.]
2509,[6.]
2510,[11.]
2511,[6.]
2512,[10.]
2513,[8.]
2514,[13.]
2515,[10.]
2516,[14.]
2517,[9.]
2518,[10.]
2519,[5.]
2520,[7.]
2521,[7.]
2522,[7.]
2523,[9.]
2524,[16.]
2525,[3.]
2526,[8.]
2527,[9.]
2528,[5.]
2529,[13.]
2530,[8.]
2531,[5.]
2532,[7.]
2533,[5.]
2534,[5.]
2535,[9.]
2536,[4.]
2537,[11.]
2538,[4.]
2539,[5.]
2540,[5.]
2541,[2.]
2542,[5.]
2543,[17.]
2544,[10.]
2545,[15.]
2546,[3.]
2547,[6.]
2548,[3.]
2549,[13.]
2550,[4.]
2551,[5.]
2552,[8.]
2553,[3.]
2554,[13.]
2555,[10.]
2556,[10.]
2557,[3.]
2558,[6.]
2559,[4.]
2560,[9.]
2561,[6.]
2562,[6.]
2563,[10.]
2564,[14.]
2565,[8.]
2566,[17.]
2567,[12.]
2568,[9.]
2569,[11.]
2570,[2.]
2571,[5.]
2572,[6.]
2573,[6.]
2574,[11.]
2575,[9.]
2576,[12.]
2577,[7.]
2578,[9.]
2579,[4.]
2580,[3.]
2581,[7.]
2582,[14.]
2583,[2.]
2584,[3.]
2585,[1.]
2586,[7.]
2587,[17.]
2588,[4.]
2589,[7.]
2590,[4.]
2591,[5.]
2592,[7.]
2593,[7.]
2594,[7.]
2595,[8.]
2596,[10.]
2597,[9.]
2598,[10.]
2599,[15.]
2600,[7.]
2601,[2.]
2602,[2.]
2603,[12.]
2604,[12.]
2605,[6.]
2606,[10.]
2607,[9.]
2608,[8.]
2609,[6.]
2610,[13.]
2611,[4.]
2612,[5.]
2613,[1.]
2614,[2.]
2615,[7.]
2616,[27.]
2617,[9.]
2618,[7.]
2619,[6.]
2620,[5.]
2621,[4.]
2622,[5.]
2623,[10.]
2624,[6.]
2625,[8.]
2626,[5.]
2627,[6.]
2628,[7.]
2629,[7.]
2630,[14.]
2631,[12.]
2632,[5.]
2633,[10.]
2634,[2.]
2635,[10.]
2636,[12.]
2637,[6.]
2638,[4.]
2639,[8.]
2640,[11.]
2641,[4.]
2642,[1.]
2643,[8.]
2644,[5.]
2645,[3.]
2646,[5.]
2647,[5.]
2648,[15.]
2649,[8.]
2650,[2.]
2651,[10.]
2652,[9.]
2653,[12.]
2654,[10.]
2655,[2.]
2656,[8.]
2657,[4.]
2658,[5.]
2659,[10.]
2660,[9.]
2661,[8.]
2662,[7.]
2663,[7.]
2664,[5.]
2665,[2.]
2666,[5.]
2667,[4.]
2668,[17.]
2669,[5.]
2670,[5.]
2671,[8.]
2672,[7.]
2673,[7.]
2674,[7.]
2675,[8.]
2676,[10.]
2677,[8.]
2678,[12.]
2679,[6.]
2680,[9.]
2681,[2.]
2682,[9.]
2683,[6.]
2684,[9.]
2685,[14.]
2686,[12.]
2687,[5.]
2688,[16.]
2689,[5.]
2690,[8.]
2691,[4.]
2692,[12.]
2693,[9.]
2694,[13.]
2695,[5.]
2696,[13.]
2697,[7.]
2698,[3.]
2699,[5.]
2700,[3.]
2701,[3.]
2702,[18.]
2703,[4.]
2704,[13.]
2705,[5.]
2706,[8.]
2707,[10.]
2708,[8.]
2709,[13.]
2710,[2.]
2711,[10.]
2712,[12.]
2713,[2.]
2714,[7.]
2715,[4.]
2716,[9.]
2717,[15.]
2718,[10.]
2719,[10.]
2720,[6.]
2721,[8.]
2722,[7.]
2723,[9.]
2724,[9.]
2725,[4.]
2726,[9.]
2727,[2.]
2728,[8.]
2729,[5.]
2730,[10.]
2731,[6.]
2732,[7.]
2733,[7.]
2734,[13.]
2735,[9.]
2736,[1.]
2737,[12.]
2738,[7.]
2739,[8.]
2740,[5.]
2741,[2.]
2742,[14.]
2743,[6.]
2744,[13.]
2745,[3.]
2746,[7.]
2747,[3.]
2748,[8.]
2749,[9.]
2750,[8.]
2751,[11.]
2752,[7.]
2753,[7.]
2754,[3.]
2755,[4.]
2756,[12.]
2757,[6.]
2758,[11.]
2759,[9.]
2760,[9.]
2761,[6.]
2762,[6.]
2763,[7.]
2764,[10.]
2765,[2.]
2766,[8.]
2767,[3.]
2768,[11.]
2769,[8.]
2770,[9.]
2771,[14.]
2772,[7.]
2773,[8.]
2774,[5.]
2775,[6.]
2776,[4.]
2777,[4.]
2778,[16.]
2779,[7.]
2780,[6.]
2781,[7.]
2782,[10.]
2783,[5.]
2784,[9.]
2785,[6.]
2786,[13.]
2787,[10.]
2788,[21.]
2789,[12.]
2790,[3.]
2791,[9.]
2792,[7.]
2793,[8.]
2794,[9.]
2795,[11.]
2796,[16.]
2797,[12.]
2798,[9.]
2799,[7.]
2800,[7.]
2801,[8.]
2802,[9.]
2803,[10.]
2804,[8.]
2805,[10.]
2806,[2.]
2807,[2.]
2808,[11.]
2809,[7.]
2810,[7.]
2811,[2.]
2812,[7.]
2813,[7.]
2814,[16.]
2815,[13.]
2816,[5.]
2817,[12.]
2818,[7.]
2819,[13.]
2820,[11.]
2821,[3.]
2822,[14.]
2823,[9.]
2824,[4.]
2825,[12.]
2826,[12.]
2827,[8.]
2828,[9.]
2829,[2.]
2830,[10.]
2831,[8.]
2832,[9.]
2833,[17.]
2834,[7.]
2835,[7.]
2836,[13.]
2837,[8.]
2838,[7.]
2839,[4.]
2840,[6.]
2841,[1.]
2842,[7.]
2843,[18.]
2844,[5.]
2845,[9.]
2846,[18.]
2847,[2.]
2848,[6.]
2849,[7.]
2850,[10.]
2851,[8.]
2852,[5.]
2853,[8.]
2854,[5.]
2855,[13.]
2856,[5.]
2857,[4.]
2858,[10.]
2859,[10.]
2860,[10.]
2861,[21.]
2862,[7.]
2863,[9.]
2864,[8.]
2865,[10.]
2866,[5.]
2867,[5.]
2868,[10.]
2869,[7.]
2870,[11.]
2871,[3.]
2872,[7.]
2873,[9.]
2874,[20.]
2875,[6.]
2876,[10.]
2877,[7.]
2878,[7.]
2879,[6.]
2880,[7.]
2881,[3.]
2882,[6.]
2883,[4.]
2884,[11.]
2885,[4.]
2886,[5.]
2887,[5.]
2888,[3.]
2889,[9.]
2890,[3.]
2891,[7.]
2892,[8.]
2893,[8.]
2894,[5.]
2895,[2.]
2896,[6.]
2897,[13.]
2898,[11.]
2899,[3.]
2900,[6.]
2901,[5.]
2902,[7.]
2903,[10.]
2904,[3.]
2905,[10.]
2906,[10.]
2907,[9.]
2908,[8.]
2909,[9.]
2910,[6.]
2911,[7.]
2912,[6.]
2913,[12.]
2914,[5.]
2915,[16.]
2916,[10.]
2917,[1.]
2918,[7.]
2919,[8.]
2920,[10.]
2921,[13.]
2922,[2.]
2923,[16.]
2924,[10.]
2925,[10.]
2926,[6.]
2927,[7.]
2928,[6.]
2929,[7.]
2930,[5.]
2931,[8.]
2932,[8.]
2933,[18.]
2934,[12.]
2935,[2.]
2936,[10.]
2937,[4.]
2938,[7.]
2939,[6.]
2940,[5.]
2941,[5.]
2942,[6.]
2943,[6.]
2944,[18.]
2945,[6.]
2946,[10.]
2947,[11.]
2948,[6.]
2949,[5.]
2950,[11.]
2951,[15.]
2952,[4.]
2953,[8.]
2954,[6.]
2955,[10.]
2956,[6.]
2957,[2.]
2958,[1.]
2959,[15.]
2960,[11.]
2961,[4.]
2962,[9.]
2963,[4.]
2964,[6.]
2965,[2.]
2966,[8.]
2967,[10.]
2968,[7.]
2969,[6.]
2970,[1.]
2971,[11.]
2972,[8.]
2973,[4.]
2974,[8.]
2975,[5.]
2976,[3.]
2977,[13.]
2978,[10.]
2979,[9.]
2980,[7.]
2981,[8.]
2982,[9.]
2983,[8.]
2984,[10.]
2985,[7.]
2986,[4.]
2987,[4.]
2988,[4.]
2989,[6.]
2990,[8.]
2991,[7.]
2992,[10.]
2993,[5.]
2994,[4.]
2995,[10.]
2996,[4.]
2997,[10.]
2998,[7.]
2999,[13.]
3000,[10.]
3001,[10.]
3002,[11.]
3003,[9.]
3004,[5.]
3005,[13.]
3006,[9.]
3007,[8.]
3008,[15.]
3009,[7.]
3010,[8.]
3011,[11.]
3012,[9.]
3013,[5.]
3014,[2.]
3015,[11.]
3016,[3.]
3017,[7.]
3018,[12.]
3019,[13.]
3020,[9.]
3021,[4.]
3022,[7.]
3023,[1.]
3024,[12.]
3025,[10.]
3026,[12.]
3027,[11.]
3028,[4.]
3029,[6.]
3030,[8.]
3031,[4.]
3032,[8.]
3033,[9.]
3034,[8.]
3035,[6.]
3036,[9.]
3037,[4.]
3038,[7.]
3039,[13.]
3040,[6.]
3041,[8.]
3042,[5.]
3043,[3.]
3044,[10.]
3045,[4.]
3046,[5.]
3047,[3.]
3048,[9.]
3049,[10.]
3050,[7.]
3051,[14.]
3052,[3.]
3053,[17.]
3054,[11.]
3055,[7.]
3056,[8.]
3057,[11.]
3058,[6.]
3059,[10.]
3060,[6.]
3061,[6.]
3062,[13.]
3063,[14.]
3064,[9.]
3065,[6.]
3066,[8.]
3067,[11.]
3068,[14.]
3069,[6.]
3070,[6.]
3071,[2.]
3072,[5.]
3073,[8.]
3074,[5.]
3075,[7.]
3076,[8.]
3077,[2.]
3078,[6.]
3079,[10.]
3080,[12.]
3081,[9.]
3082,[12.]
3083,[4.]
3084,[7.]
3085,[8.]
3086,[7.]
3087,[16.]
3088,[13.]
3089,[7.]
3090,[4.]
3091,[10.]
3092,[8.]
3093,[5.]
3094,[9.]
3095,[6.]
3096,[8.]
3097,[10.]
3098,[5.]
3099,[14.]
3100,[5.]
3101,[8.]
3102,[8.]
3103,[7.]
3104,[7.]
3105,[10.]
3106,[9.]
3107,[5.]
3108,[8.]
3109,[4.]
3110,[11.]
3111,[1.]
3112,[9.]
3113,[9.]
3114,[6.]
3115,[4.]
3116,[9.]
3117,[11.]
3118,[2.]
3119,[4.]
3120,[6.]
3121,[5.]
3122,[3.]
3123,[8.]
3124,[3.]
3125,[8.]
3126,[7.]
3127,[13.]
3128,[8.]
3129,[7.]
3130,[6.]
3131,[13.]
3132,[9.]
3133,[6.]
3134,[6.]
3135,[6.]
3136,[3.]
3137,[6.]
3138,[13.]
3139,[2.]
3140,[2.]
3141,[5.]
3142,[5.]
3143,[11.]
3144,[9.]
3145,[4.]
3146,[4.]
3147,[7.]
3148,[23.]
3149,[10.]
3150,[4.]
3151,[9.]
3152,[4.]
3153,[7.]
3154,[8.]
3155,[2.]
3156,[3.]
3157,[8.]
3158,[5.]
3159,[14.]
3160,[8.]
3161,[10.]
3162,[7.]
3163,[6.]
3164,[5.]
3165,[8.]
3166,[9.]
3167,[8.]
3168,[11.]
3169,[12.]
3170,[9.]
3171,[5.]
3172,[7.]
3173,[7.]
3174,[7.]
3175,[12.]
3176,[7.]
3177,[7.]
3178,[1.]
3179,[7.]
3180,[3.]
3181,[8.]
3182,[5.]
3183,[10.]
3184,[7.]
3185,[9.]
3186,[12.]
3187,[12.]
3188,[4.]
3189,[4.]
3190,[15.]
3191,[6.]
3192,[16.]
3193,[8.]
3194,[15.]
3195,[10.]
3196,[6.]
3197,[14.]
3198,[4.]
3199,[6.]
3200,[6.]
3201,[11.]
3202,[4.]
3203,[10.]
3204,[2.]
3205,[1.]
3206,[6.]
3207,[3.]
3208,[12.]
3209,[16.]
3210,[11.]
3211,[8.]
3212,[12.]
3213,[7.]
3214,[6.]
3215,[8.]
3216,[12.]
3217,[9.]
3218,[10.]
3219,[12.]
3220,[3.]
3221,[8.]
3222,[12.]
3223,[11.]
3224,[8.]
3225,[6.]
3226,[6.]
3227,[8.]
3228,[6.]
3229,[7.]
3230,[9.]
3231,[8.]
3232,[8.]
3233,[8.]
3234,[7.]
3235,[9.]
3236,[5.]
3237,[4.]
3238,[6.]
3239,[7.]
3240,[9.]
3241,[0.]
3242,[3.]
3243,[6.]
3244,[5.]
3245,[3.]
3246,[5.]
3247,[7.]
3248,[10.]
3249,[6.]
3250,[1.]
3251,[11.]
3252,[3.]
3253,[8.]
3254,[8.]
3255,[6.]
3256,[7.]
3257,[8.]
3258,[5.]
3259,[2.]
3260,[10.]
3261,[9.]
3262,[6.]
3263,[10.]
3264,[4.]
3265,[4.]
3266,[7.]
3267,[5.]
3268,[8.]
3269,[7.]
3270,[7.]
3271,[14.]
3272,[10.]
3273,[10.]
3274,[9.]
3275,[11.]
3276,[8.]
3277,[18.]
3278,[11.]
3279,[1.]
3280,[7.]
3281,[6.]
3282,[11.]
3283,[4.]
3284,[5.]
3285,[13.]
3286,[10.]
3287,[12.]
3288,[14.]
3289,[5.]
3290,[1.]
3291,[7.]
3292,[15.]
3293,[3.]
3294,[16.]
3295,[14.]
3296,[9.]
3297,[11.]
3298,[11.]
3299,[2.]
3300,[3.]
3301,[12.]
3302,[9.]
3303,[3.]
3304,[4.]
3305,[6.]
3306,[14.]
3307,[6.]
3308,[6.]
3309,[3.]
3310,[8.]
3311,[6.]
3312,[7.]
3313,[2.]
3314,[5.]
3315,[10.]
3316,[4.]
3317,[3.]
3318,[7.]
3319,[4.]
3320,[6.]
3321,[2.]
3322,[5.]
3323,[12.]
3324,[13.]
3325,[11.]
3326,[4.]
3327,[11.]
3328,[8.]
3329,[6.]
3330,[7.]
3331,[8.]
3332,[5.]
3333,[7.]
3334,[5.]
3335,[13.]
3336,[8.]
3337,[17.]
3338,[8.]
3339,[5.]
3340,[12.]
3341,[12.]
3342,[10.]
3343,[4.]
3344,[13.]
3345,[4.]
3346,[12.]
3347,[12.]
3348,[6.]
3349,[8.]
3350,[7.]
3351,[15.]
3352,[13.]
3353,[8.]
3354,[3.]
3355,[14.]
3356,[7.]
3357,[12.]
3358,[4.]
3359,[9.]
3360,[9.]
3361,[6.]
3362,[9.]
3363,[9.]
3364,[4.]
3365,[10.]
3366,[18.]
3367,[8.]
3368,[10.]
3369,[10.]
3370,[6.]
3371,[8.]
3372,[9.]
3373,[6.]
3374,[7.]
3375,[2.]
3376,[3.]
3377,[7.]
3378,[6.]
3379,[9.]
3380,[6.]
3381,[14.]
3382,[2.]
3383,[7.]
3384,[12.]
3385,[9.]
3386,[4.]
3387,[4.]
3388,[4.]
3389,[6.]
3390,[7.]
3391,[7.]
3392,[2.]
3393,[3.]
3394,[11.]
3395,[4.]
3396,[5.]
3397,[11.]
3398,[9.]
3399,[6.]
3400,[6.]
3401,[7.]
3402,[4.]
3403,[4.]
3404,[8.]
3405,[6.]
3406,[4.]
3407,[9.]
3408,[8.]
3409,[4.]
3410,[4.]
3411,[4.]
3412,[9.]
3413,[14.]
3414,[5.]
3415,[5.]
3416,[10.]
3417,[7.]
3418,[6.]
3419,[8.]
3420,[7.]
3421,[4.]
3422,[11.]
3423,[7.]
3424,[10.]
3425,[6.]
3426,[6.]
3427,[15.]
3428,[4.]
3429,[4.]
3430,[8.]
3431,[7.]
3432,[6.]
3433,[9.]
3434,[2.]
3435,[15.]
3436,[6.]
3437,[12.]
3438,[19.]
3439,[8.]
3440,[5.]
3441,[4.]
3442,[11.]
3443,[9.]
3444,[6.]
3445,[6.]
3446,[10.]
3447,[7.]
3448,[9.]
3449,[3.]
3450,[9.]
3451,[7.]
3452,[3.]
3453,[9.]
3454,[5.]
3455,[10.]
3456,[6.]
3457,[8.]
3458,[8.]
3459,[6.]
3460,[7.]
3461,[6.]
3462,[9.]
3463,[7.]
3464,[6.]
3465,[11.]
3466,[10.]
3467,[9.]
3468,[7.]
3469,[7.]
3470,[13.]
3471,[5.]
3472,[7.]
3473,[4.]
3474,[6.]
3475,[11.]
3476,[9.]
3477,[11.]
3478,[6.]
3479,[13.]
3480,[6.]
3481,[6.]
3482,[7.]
3483,[6.]
3484,[6.]
3485,[11.]
3486,[6.]
3487,[5.]
3488,[8.]
3489,[13.]
3490,[9.]
3491,[6.]
3492,[8.]
3493,[4.]
3494,[21.]
3495,[7.]
3496,[16.]
3497,[12.]
3498,[4.]
3499,[5.]
3500,[7.]
3501,[9.]
3502,[7.]
3503,[11.]
3504,[10.]
3505,[13.]
3506,[5.]
3507,[4.]
3508,[6.]
3509,[4.]
3510,[13.]
3511,[11.]
3512,[5.]
3513,[9.]
3514,[6.]
3515,[8.]
3516,[14.]
3517,[5.]
3518,[10.]
3519,[2.]
3520,[3.]
3521,[5.]
3522,[6.]
3523,[15.]
3524,[10.]
3525,[12.]
3526,[4.]
3527,[10.]
3528,[5.]
3529,[6.]
3530,[18.]
3531,[10.]
3532,[16.]
3533,[7.]
3534,[8.]
3535,[8.]
3536,[2.]
3537,[6.]
3538,[5.]
3539,[4.]
3540,[12.]
3541,[5.]
3542,[6.]
3543,[4.]
3544,[4.]
3545,[20.]
3546,[6.]
3547,[10.]
3548,[9.]
3549,[10.]
3550,[14.]
3551,[6.]
3552,[5.]
3553,[3.]
3554,[11.]
3555,[11.]
3556,[2.]
3557,[10.]
3558,[1.]
3559,[6.]
3560,[14.]
3561,[11.]
3562,[8.]
3563,[7.]
3564,[5.]
3565,[17.]
3566,[8.]
3567,[8.]
3568,[8.]
3569,[18.]
3570,[13.]
3571,[14.]
3572,[7.]
3573,[15.]
3574,[5.]
3575,[8.]
3576,[8.]
3577,[6.]
3578,[11.]
3579,[6.]
3580,[6.]
3581,[9.]
3582,[8.]
3583,[13.]
3584,[8.]
3585,[19.]
3586,[10.]
3587,[8.]
3588,[6.]
3589,[4.]
3590,[1.]
3591,[8.]
3592,[7.]
3593,[10.]
3594,[8.]
3595,[16.]
3596,[7.]
3597,[16.]
3598,[16.]
3599,[7.]
3600,[3.]
3601,[13.]
3602,[9.]
3603,[17.]
3604,[4.]
3605,[8.]
3606,[5.]
3607,[8.]
3608,[5.]
3609,[12.]
3610,[5.]
3611,[6.]
3612,[3.]
3613,[5.]
3614,[9.]
3615,[7.]
3616,[8.]
3617,[13.]
3618,[8.]
3619,[10.]
3620,[10.]
3621,[8.]
3622,[4.]
3623,[12.]
3624,[4.]
3625,[8.]
3626,[13.]
3627,[10.]
3628,[6.]
3629,[3.]
3630,[15.]
3631,[13.]
3632,[7.]
3633,[5.]
3634,[4.]
3635,[8.]
3636,[8.]
3637,[5.]
3638,[9.]
3639,[7.]
3640,[7.]
3641,[9.]
3642,[12.]
3643,[5.]
3644,[6.]
3645,[6.]
3646,[12.]
3647,[5.]
3648,[4.]
3649,[8.]
3650,[4.]
3651,[7.]
3652,[4.]
3653,[7.]
3654,[10.]
3655,[9.]
3656,[9.]
3657,[6.]
3658,[15.]
3659,[7.]
3660,[5.]
3661,[5.]
3662,[5.]
3663,[12.]
3664,[20.]
3665,[4.]
3666,[6.]
3667,[4.]
3668,[7.]
3669,[5.]
3670,[6.]
3671,[7.]
3672,[1.]
3673,[9.]
3674,[4.]
3675,[19.]
3676,[10.]
3677,[4.]
3678,[11.]
3679,[4.]
3680,[8.]
3681,[10.]
3682,[5.]
3683,[10.]
3684,[7.]
3685,[3.]
3686,[7.]
3687,[10.]
3688,[5.]
3689,[4.]
3690,[8.]
3691,[2.]
3692,[7.]
3693,[4.]
3694,[8.]
3695,[9.]
3696,[6.]
3697,[9.]
3698,[7.]
3699,[3.]
3700,[12.]
3701,[4.]
3702,[13.]
3703,[4.]
3704,[8.]
3705,[13.]
3706,[5.]
3707,[13.]
3708,[6.]
3709,[6.]
3710,[6.]
3711,[8.]
3712,[8.]
3713,[3.]
3714,[7.]
3715,[9.]
3716,[9.]
3717,[5.]
3718,[7.]
3719,[5.]
3720,[4.]
3721,[2.]
3722,[9.]
3723,[1.]
3724,[8.]
3725,[4.]
3726,[2.]
3727,[13.]
3728,[5.]
3729,[9.]
3730,[10.]
3731,[11.]
3732,[6.]
3733,[11.]
3734,[4.]
3735,[10.]
3736,[8.]
3737,[1.]
3738,[6.]
3739,[7.]
3740,[9.]
3741,[9.]
3742,[5.]
3743,[4.]
3744,[7.]
3745,[5.]
3746,[11.]
3747,[5.]
3748,[7.]
3749,[4.]
3750,[5.]
3751,[11.]
3752,[4.]
3753,[3.]
3754,[4.]
3755,[8.]
3756,[8.]
3757,[8.]
3758,[12.]
3759,[10.]
3760,[9.]
3761,[8.]
3762,[7.]
3763,[2.]
3764,[7.]
3765,[4.]
3766,[4.]
3767,[5.]
3768,[7.]
3769,[8.]
3770,[11.]
3771,[10.]
3772,[11.]
3773,[6.]
3774,[6.]
3775,[8.]
3776,[7.]
3777,[5.]
3778,[9.]
3779,[3.]
3780,[5.]
3781,[10.]
3782,[7.]
3783,[7.]
3784,[7.]
3785,[5.]
3786,[4.]
3787,[2.]
3788,[16.]
3789,[3.]
3790,[7.]
3791,[15.]
3792,[6.]
3793,[7.]
3794,[9.]
3795,[10.]
3796,[4.]
3797,[9.]
3798,[3.]
3799,[13.]
3800,[8.]
3801,[17.]
3802,[7.]
3803,[6.]
3804,[9.]
3805,[7.]
3806,[9.]
3807,[14.]
3808,[10.]
3809,[9.]
3810,[6.]
3811,[16.]
3812,[10.]
3813,[15.]
3814,[10.]
3815,[5.]
3816,[6.]
3817,[5.]
3818,[7.]
3819,[5.]
3820,[11.]
3821,[9.]
3822,[11.]
3823,[15.]
3824,[9.]
3825,[2.]
3826,[15.]
3827,[5.]
3828,[4.]
3829,[12.]
3830,[9.]
3831,[12.]
3832,[4.]
3833,[4.]
3834,[3.]
3835,[7.]
3836,[9.]
3837,[4.]
3838,[5.]
3839,[0.]
3840,[9.]
3841,[8.]
3842,[14.]
3843,[11.]
3844,[7.]
3845,[8.]
3846,[10.]
3847,[2.]
3848,[15.]
3849,[12.]
3850,[8.]
3851,[8.]
3852,[10.]
3853,[11.]
3854,[7.]
3855,[6.]
3856,[2.]
3857,[8.]
3858,[6.]
3859,[2.]
3860,[10.]
3861,[18.]
3862,[3.]
3863,[9.]
3864,[7.]
3865,[3.]
3866,[5.]
3867,[8.]
3868,[14.]
3869,[9.]
3870,[3.]
3871,[7.]
3872,[10.]
3873,[14.]
3874,[15.]
3875,[6.]
3876,[8.]
3877,[12.]
3878,[6.]
3879,[13.]
3880,[15.]
3881,[9.]
3882,[13.]
3883,[9.]
3884,[7.]
3885,[9.]
3886,[8.]
3887,[12.]
3888,[5.]
3889,[7.]
3890,[11.]
3891,[7.]
3892,[5.]
3893,[2.]
3894,[9.]
3895,[10.]
3896,[4.]
3897,[8.]
3898,[16.]
3899,[8.]
3900,[8.]
3901,[16.]
3902,[6.]
3903,[15.]
3904,[10.]
3905,[9.]
3906,[-1.]
3907,[7.]
3908,[11.]
3909,[13.]
3910,[11.]
3911,[3.]
3912,[11.]
3913,[10.]
3914,[16.]
3915,[11.]
3916,[5.]
3917,[3.]
3918,[8.]
3919,[4.]
3920,[8.]
3921,[7.]
3922,[3.]
3923,[5.]
3924,[1.]
3925,[11.]
3926,[11.]
3927,[3.]
3928,[12.]
3929,[7.]
3930,[8.]
3931,[7.]
3932,[6.]
3933,[9.]
3934,[1.]
3935,[1.]
3936,[10.]
3937,[7.]
3938,[9.]
3939,[7.]
3940,[9.]
3941,[10.]
3942,[7.]
3943,[9.]
3944,[8.]
3945,[4.]
3946,[5.]
3947,[7.]
3948,[5.]
3949,[16.]
3950,[9.]
3951,[2.]
3952,[9.]
3953,[6.]
3954,[7.]
3955,[7.]
3956,[7.]
3957,[0.]
3958,[9.]
3959,[20.]
3960,[9.]
3961,[7.]
3962,[3.]
3963,[5.]
3964,[7.]
3965,[4.]
3966,[8.]
3967,[7.]
3968,[8.]
3969,[4.]
3970,[13.]
3971,[6.]
3972,[4.]
3973,[4.]
3974,[1.]
3975,[10.]
3976,[4.]
3977,[3.]
3978,[9.]
3979,[15.]
3980,[8.]
3981,[7.]
3982,[4.]
3983,[11.]
3984,[8.]
3985,[9.]
3986,[8.]
3987,[10.]
3988,[6.]
3989,[4.]
3990,[6.]
3991,[14.]
3992,[2.]
3993,[2.]
3994,[12.]
3995,[2.]
3996,[3.]
3997,[9.]
3998,[1.]
3999,[12.]
4000,[8.]
4001,[8.]
4002,[11.]
4003,[2.]
4004,[1.]
4005,[7.]
4006,[5.]
4007,[4.]
4008,[7.]
4009,[7.]
4010,[9.]
4011,[4.]
4012,[7.]
4013,[7.]
4014,[12.]
4015,[15.]
4016,[5.]
4017,[8.]
4018,[4.]
4019,[5.]
4020,[11.]
4021,[7.]
4022,[5.]
4023,[15.]
4024,[10.]
4025,[14.]
4026,[2.]
4027,[6.]
4028,[11.]
4029,[6.]
4030,[5.]
4031,[7.]
4032,[15.]
4033,[5.]
4034,[7.]
4035,[6.]
4036,[14.]
4037,[9.]
4038,[5.]
4039,[17.]
4040,[5.]
4041,[7.]
4042,[11.]
4043,[8.]
4044,[17.]
4045,[14.]
4046,[4.]
4047,[8.]
4048,[5.]
4049,[12.]
4050,[7.]
4051,[6.]
4052,[3.]
4053,[6.]
4054,[11.]
4055,[13.]
4056,[9.]
4057,[8.]
4058,[9.]
4059,[5.]
4060,[1.]
4061,[7.]
4062,[6.]
4063,[7.]
4064,[11.]
4065,[6.]
4066,[8.]
4067,[8.]
4068,[16.]
4069,[9.]
4070,[6.]
4071,[15.]
4072,[6.]
4073,[3.]
4074,[18.]
4075,[4.]
4076,[12.]
4077,[6.]
4078,[3.]
4079,[7.]
4080,[11.]
4081,[10.]
4082,[13.]
4083,[4.]
4084,[3.]
4085,[3.]
4086,[12.]
4087,[8.]
4088,[6.]
4089,[10.]
4090,[8.]
4091,[11.]
4092,[12.]
4093,[4.]
4094,[7.]
4095,[5.]
4096,[9.]
4097,[5.]
4098,[6.]
4099,[7.]
4100,[16.]
4101,[5.]
4102,[7.]
4103,[3.]
4104,[12.]
4105,[14.]
4106,[3.]
4107,[8.]
4108,[11.]
4109,[3.]
4110,[7.]
4111,[4.]
4112,[19.]
4113,[4.]
4114,[3.]
4115,[12.]
4116,[6.]
4117,[13.]
4118,[7.]
4119,[7.]
4120,[7.]
4121,[13.]
4122,[12.]
4123,[11.]
4124,[13.]
4125,[6.]
4126,[5.]
4127,[12.]
4128,[8.]
4129,[9.]
4130,[6.]
4131,[13.]
4132,[10.]
4133,[4.]
4134,[13.]
4135,[3.]
4136,[7.]
4137,[7.]
4138,[9.]
4139,[7.]
4140,[8.]
4141,[12.]
4142,[0.]
4143,[14.]
4144,[5.]
4145,[6.]
4146,[8.]
4147,[9.]
4148,[10.]
4149,[6.]
4150,[9.]
4151,[7.]
4152,[11.]
4153,[8.]
4154,[12.]
4155,[7.]
4156,[9.]
4157,[8.]
4158,[10.]
4159,[8.]
4160,[6.]
4161,[5.]
4162,[1.]
4163,[6.]
4164,[15.]
4165,[13.]
4166,[11.]
4167,[1.]
4168,[12.]
4169,[13.]
4170,[6.]
4171,[6.]
4172,[5.]
4173,[11.]
4174,[7.]
4175,[5.]
4176,[14.]
4177,[10.]
4178,[11.]
4179,[5.]
4180,[2.]
4181,[5.]
4182,[13.]
4183,[13.]
4184,[13.]
4185,[7.]
4186,[3.]
4187,[5.]
4188,[5.]
4189,[6.]
4190,[8.]
4191,[9.]
4192,[6.]
4193,[5.]
4194,[9.]
4195,[6.]
4196,[6.]
4197,[8.]
4198,[8.]
4199,[16.]
4200,[7.]
4201,[5.]
4202,[7.]
4203,[8.]
4204,[7.]
4205,[12.]
4206,[20.]
4207,[11.]
4208,[6.]
4209,[7.]
4210,[10.]
4211,[3.]
4212,[9.]
4213,[11.]
4214,[1.]
4215,[9.]
4216,[6.]
4217,[3.]
4218,[8.]
4219,[14.]
4220,[3.]
4221,[15.]
4222,[4.]
4223,[3.]
4224,[5.]
4225,[8.]
4226,[10.]
4227,[6.]
4228,[7.]
4229,[6.]
4230,[12.]
4231,[7.]
4232,[7.]
4233,[5.]
4234,[7.]
4235,[8.]
4236,[12.]
4237,[7.]
4238,[10.]
4239,[12.]
4240,[7.]
4241,[6.]
4242,[10.]
4243,[6.]
4244,[3.]
4245,[6.]
4246,[10.]
4247,[14.]
4248,[5.]
4249,[5.]
4250,[8.]
4251,[6.]
4252,[5.]
4253,[9.]
4254,[7.]
4255,[10.]
4256,[6.]
4257,[9.]
4258,[15.]
4259,[5.]
4260,[10.]
4261,[5.]
4262,[6.]
4263,[4.]
4264,[4.]
4265,[11.]
4266,[19.]
4267,[7.]
4268,[7.]
4269,[11.]
4270,[8.]
4271,[5.]
4272,[8.]
4273,[2.]
4274,[8.]
4275,[10.]
4276,[12.]
4277,[11.]
4278,[4.]
4279,[4.]
4280,[7.]
4281,[4.]
4282,[10.]
4283,[9.]
4284,[13.]
4285,[6.]
4286,[13.]
4287,[11.]
4288,[15.]
4289,[2.]
4290,[11.]
4291,[8.]
4292,[4.]
4293,[9.]
4294,[5.]
4295,[9.]
4296,[10.]
4297,[11.]
4298,[3.]
4299,[4.]
4300,[5.]
4301,[15.]
4302,[4.]
4303,[10.]
4304,[12.]
4305,[10.]
4306,[12.]
4307,[6.]
4308,[9.]
4309,[-1.]
4310,[7.]
4311,[8.]
4312,[15.]
4313,[9.]
4314,[5.]
4315,[11.]
4316,[9.]
4317,[7.]
4318,[12.]
4319,[5.]
4320,[6.]
4321,[11.]
4322,[4.]
4323,[3.]
4324,[10.]
4325,[3.]
4326,[9.]
4327,[5.]
4328,[8.]
4329,[18.]
4330,[9.]
4331,[16.]
4332,[6.]
4333,[11.]
4334,[10.]
4335,[12.]
4336,[8.]
4337,[3.]
4338,[10.]
4339,[12.]
4340,[9.]
4341,[4.]
4342,[4.]
4343,[2.]
4344,[5.]
4345,[10.]
4346,[16.]
4347,[3.]
4348,[11.]
4349,[8.]
4350,[10.]
4351,[10.]
4352,[12.]
4353,[0.]
4354,[11.]
4355,[7.]
4356,[5.]
4357,[9.]
4358,[7.]
4359,[10.]
4360,[6.]
4361,[3.]
4362,[13.]
4363,[0.]
4364,[8.]
4365,[2.]
4366,[3.]
4367,[8.]
4368,[7.]
4369,[5.]
4370,[17.]
4371,[5.]
4372,[4.]
4373,[1.]
4374,[3.]
4375,[5.]
4376,[5.]
4377,[12.]
4378,[7.]
4379,[3.]
4380,[9.]
4381,[6.]
4382,[6.]
4383,[2.]
4384,[10.]
4385,[7.]
4386,[10.]
4387,[7.]
4388,[9.]
4389,[2.]
4390,[14.]
4391,[12.]
4392,[5.]
4393,[6.]
4394,[5.]
4395,[5.]
4396,[11.]
4397,[1.]
4398,[5.]
4399,[3.]
4400,[12.]
4401,[7.]
4402,[10.]
4403,[9.]
4404,[7.]
4405,[5.]
4406,[5.]
4407,[11.]
4408,[14.]
4409,[6.]
4410,[9.]
4411,[10.]
4412,[14.]
4413,[8.]
4414,[5.]
4415,[4.]
4416,[6.]
4417,[4.]
4418,[4.]
4419,[5.]
4420,[11.]
4421,[4.]
4422,[7.]
4423,[13.]
4424,[6.]
4425,[12.]
4426,[12.]
4427,[7.]
4428,[5.]
4429,[10.]
4430,[5.]
4431,[2.]
4432,[7.]
4433,[7.]
4434,[13.]
4435,[4.]
4436,[6.]
4437,[4.]
4438,[8.]
4439,[5.]
4440,[8.]
4441,[6.]
4442,[6.]
4443,[7.]
4444,[17.]
4445,[6.]
4446,[11.]
4447,[10.]
4448,[3.]
4449,[8.]
4450,[4.]
4451,[7.]
4452,[7.]
4453,[13.]
4454,[7.]
4455,[3.]
4456,[5.]
4457,[11.]
4458,[5.]
4459,[5.]
4460,[14.]
4461,[7.]
4462,[12.]
4463,[10.]
4464,[7.]
4465,[12.]
4466,[12.]
4467,[13.]
4468,[11.]
4469,[3.]
4470,[8.]
4471,[1.]
4472,[11.]
4473,[2.]
4474,[3.]
4475,[5.]
4476,[14.]
4477,[5.]
4478,[4.]
4479,[3.]
4480,[3.]
4481,[4.]
4482,[2.]
4483,[9.]
4484,[8.]
4485,[8.]
4486,[14.]
4487,[5.]
4488,[5.]
4489,[13.]
4490,[8.]
4491,[6.]
4492,[5.]
4493,[10.]
4494,[4.]
4495,[14.]
4496,[6.]
4497,[14.]
4498,[14.]
4499,[6.]
4500,[4.]
4501,[8.]
4502,[3.]
4503,[7.]
4504,[0.]
4505,[11.]
4506,[4.]
4507,[2.]
4508,[7.]
4509,[6.]
4510,[4.]
4511,[4.]
4512,[8.]
4513,[9.]
4514,[3.]
4515,[8.]
4516,[9.]
4517,[9.]
4518,[7.]
4519,[4.]
4520,[3.]
4521,[1.]
4522,[8.]
4523,[5.]
4524,[7.]
4525,[8.]
4526,[6.]
4527,[18.]
4528,[3.]
4529,[0.]
4530,[12.]
4531,[8.]
4532,[17.]
4533,[3.]
4534,[6.]
4535,[6.]
4536,[11.]
4537,[12.]
4538,[11.]
4539,[7.]
4540,[8.]
4541,[4.]
4542,[5.]
4543,[10.]
4544,[5.]
4545,[10.]
4546,[16.]
4547,[7.]
4548,[3.]
4549,[12.]
4550,[15.]
4551,[9.]
4552,[6.]
4553,[6.]
4554,[5.]
4555,[7.]
4556,[10.]
4557,[3.]
4558,[10.]
4559,[3.]
4560,[10.]
4561,[11.]
4562,[6.]
4563,[7.]
4564,[6.]
4565,[9.]
4566,[8.]
4567,[7.]
4568,[7.]
4569,[8.]
4570,[8.]
4571,[7.]
4572,[10.]
4573,[7.]
4574,[7.]
4575,[5.]
4576,[10.]
4577,[7.]
4578,[12.]
4579,[7.]
4580,[10.]
4581,[9.]
4582,[17.]
4583,[7.]
4584,[6.]
4585,[10.]
4586,[12.]
4587,[19.]
4588,[7.]
4589,[8.]
4590,[6.]
4591,[9.]
4592,[6.]
4593,[6.]
4594,[11.]
4595,[16.]
4596,[4.]
4597,[7.]
4598,[14.]
4599,[8.]
4600,[4.]
4601,[8.]
4602,[9.]
4603,[6.]
4604,[10.]
4605,[13.]
4606,[10.]
4607,[5.]
4608,[10.]
4609,[6.]
4610,[10.]
4611,[10.]
4612,[7.]
4613,[9.]
4614,[7.]
4615,[14.]
4616,[7.]
4617,[6.]
4618,[7.]
4619,[3.]
4620,[9.]
4621,[3.]
4622,[4.]
4623,[11.]
4624,[9.]
4625,[7.]
4626,[8.]
4627,[4.]
4628,[4.]
4629,[11.]
4630,[4.]
4631,[7.]
4632,[8.]
4633,[8.]
4634,[12.]
4635,[5.]
4636,[5.]
4637,[11.]
4638,[5.]
4639,[3.]
4640,[12.]
4641,[2.]
4642,[13.]
4643,[6.]
4644,[12.]
4645,[6.]
4646,[7.]
4647,[7.]
4648,[4.]
4649,[8.]
4650,[13.]
4651,[3.]
4652,[5.]
4653,[13.]
4654,[7.]
4655,[3.]
4656,[10.]
4657,[7.]
4658,[12.]
4659,[11.]
4660,[10.]
4661,[2.]
4662,[4.]
4663,[7.]
4664,[5.]
4665,[11.]
4666,[4.]
4667,[16.]
4668,[8.]
4669,[4.]
4670,[9.]
4671,[3.]
4672,[8.]
4673,[8.]
4674,[5.]
4675,[15.]
4676,[4.]
4677,[7.]
4678,[3.]
4679,[6.]
4680,[4.]
4681,[3.]
4682,[7.]
4683,[5.]
4684,[9.]
4685,[18.]
4686,[11.]
4687,[15.]
4688,[5.]
4689,[11.]
4690,[5.]
4691,[7.]
4692,[13.]
4693,[4.]
4694,[3.]
4695,[11.]
4696,[4.]
4697,[8.]
4698,[8.]
4699,[7.]
4700,[6.]
4701,[11.]
4702,[15.]
4703,[5.]
4704,[7.]
4705,[8.]
4706,[3.]
4707,[7.]
4708,[11.]
4709,[1.]
4710,[7.]
4711,[6.]
4712,[6.]
4713,[13.]
4714,[9.]
4715,[3.]
4716,[11.]
4717,[13.]
4718,[8.]
4719,[3.]
4720,[5.]
4721,[5.]
4722,[2.]
4723,[9.]
4724,[8.]
4725,[6.]
4726,[5.]
4727,[7.]
4728,[7.]
4729,[6.]
4730,[7.]
4731,[1.]
4732,[4.]
4733,[10.]
4734,[11.]
4735,[6.]
4736,[4.]
4737,[7.]
4738,[16.]
4739,[10.]
4740,[8.]
4741,[19.]
4742,[4.]
4743,[11.]
4744,[6.]
4745,[16.]
4746,[8.]
4747,[2.]
4748,[6.]
4749,[7.]
4750,[6.]
4751,[3.]
4752,[5.]
4753,[12.]
4754,[4.]
4755,[7.]
4756,[13.]
4757,[6.]
4758,[4.]
4759,[4.]
4760,[4.]
4761,[6.]
4762,[9.]
4763,[2.]
4764,[3.]
4765,[2.]
4766,[8.]
4767,[1.]
4768,[3.]
4769,[10.]
4770,[8.]
4771,[6.]
4772,[5.]
4773,[3.]
4774,[10.]
4775,[10.]
4776,[7.]
4777,[14.]
4778,[11.]
4779,[9.]
4780,[8.]
4781,[9.]
4782,[8.]
4783,[6.]
4784,[17.]
4785,[10.]
4786,[14.]
4787,[5.]
4788,[8.]
4789,[13.]
4790,[13.]
4791,[3.]
4792,[12.]
4793,[8.]
4794,[5.]
4795,[10.]
4796,[3.]
4797,[4.]
4798,[7.]
4799,[5.]
4800,[5.]
4801,[10.]
4802,[3.]
4803,[9.]
4804,[7.]
4805,[16.]
4806,[5.]
4807,[10.]
4808,[9.]
4809,[7.]
4810,[15.]
4811,[8.]
4812,[7.]
4813,[6.]
4814,[10.]
4815,[4.]
4816,[5.]
4817,[5.]
4818,[7.]
4819,[8.]
4820,[2.]
4821,[13.]
4822,[9.]
4823,[16.]
4824,[10.]
4825,[8.]
4826,[6.]
4827,[7.]
4828,[8.]
4829,[4.]
4830,[6.]
4831,[8.]
4832,[11.]
4833,[11.]
4834,[5.]
4835,[18.]
4836,[11.]
4837,[8.]
4838,[10.]
4839,[7.]
4840,[10.]
4841,[13.]
4842,[8.]
4843,[6.]
4844,[11.]
4845,[7.]
4846,[8.]
4847,[12.]
4848,[8.]
4849,[6.]
4850,[1.]
4851,[13.]
4852,[16.]
4853,[3.]
4854,[9.]
4855,[4.]
4856,[10.]
4857,[7.]
4858,[3.]
4859,[10.]
4860,[7.]
4861,[6.]
4862,[15.]
4863,[14.]
4864,[9.]
4865,[4.]
4866,[12.]
4867,[11.]
4868,[7.]
4869,[20.]
4870,[5.]
4871,[16.]
4872,[2.]
4873,[4.]
4874,[13.]
4875,[4.]
4876,[15.]
4877,[9.]
4878,[12.]
4879,[0.]
4880,[6.]
4881,[11.]
4882,[9.]
4883,[8.]
4884,[14.]
4885,[9.]
4886,[8.]
4887,[7.]
4888,[8.]
4889,[13.]
4890,[7.]
4891,[10.]
4892,[9.]
4893,[8.]
4894,[4.]
4895,[1.]
4896,[9.]
4897,[7.]
4898,[3.]
4899,[7.]
4900,[7.]
4901,[11.]
4902,[8.]
4903,[13.]
4904,[6.]
4905,[7.]
4906,[10.]
4907,[5.]
4908,[13.]
4909,[8.]
4910,[6.]
4911,[6.]
4912,[7.]
4913,[11.]
4914,[11.]
4915,[8.]
4916,[8.]
4917,[12.]
4918,[12.]
4919,[11.]
4920,[12.]
4921,[4.]
4922,[4.]
4923,[8.]
4924,[10.]
4925,[8.]
4926,[4.]
4927,[8.]
4928,[6.]
4929,[6.]
4930,[9.]
4931,[9.]
4932,[13.]
4933,[12.]
4934,[10.]
4935,[8.]
4936,[9.]
4937,[1.]
4938,[10.]
4939,[5.]
4940,[12.]
4941,[3.]
4942,[9.]
4943,[3.]
4944,[6.]
4945,[7.]
4946,[8.]
4947,[13.]
4948,[10.]
4949,[10.]
4950,[5.]
4951,[4.]
4952,[9.]
4953,[11.]
4954,[13.]
4955,[9.]
4956,[5.]
4957,[8.]
4958,[13.]
4959,[8.]
4960,[12.]
4961,[7.]
4962,[7.]
4963,[4.]
4964,[5.]
4965,[14.]
4966,[9.]
4967,[4.]
4968,[8.]
4969,[5.]
4970,[6.]
4971,[4.]
4972,[13.]
4973,[14.]
4974,[13.]
4975,[5.]
4976,[4.]
4977,[13.]
4978,[9.]
4979,[13.]
4980,[6.]
4981,[6.]
4982,[12.]
4983,[6.]
4984,[6.]
4985,[11.]
4986,[8.]
4987,[9.]
4988,[8.]
4989,[6.]
4990,[3.]
4991,[7.]
4992,[20.]
4993,[20.]
4994,[9.]
4995,[5.]
4996,[5.]
4997,[14.]
4998,[9.]
4999,[10.]
5000,[7.]
