Episodio,Puntaje
1,[6.]
2,[4.]
3,[8.]
4,[0.]
5,[0.]
6,[4.]
7,[1.]
8,[0.]
9,[3.]
10,[4.]
11,[3.]
12,[4.]
13,[0.]
14,[0.]
15,[1.]
16,[1.]
17,[3.]
18,[5.]
19,[0.]
20,[1.]
21,[7.]
22,[0.]
23,[0.]
24,[1.]
25,[4.]
26,[3.]
27,[6.]
28,[1.]
29,[3.]
30,[3.]
31,[0.]
32,[3.]
33,[0.]
34,[0.]
35,[3.]
36,[0.]
37,[0.]
38,[0.]
39,[4.]
40,[4.]
41,[6.]
42,[14.]
43,[0.]
44,[0.]
45,[0.]
46,[0.]
47,[3.]
48,[0.]
49,[4.]
50,[1.]
51,[13.]
52,[3.]
53,[1.]
54,[6.]
55,[0.]
56,[3.]
57,[4.]
58,[0.]
59,[4.]
60,[3.]
61,[1.]
62,[0.]
63,[0.]
64,[3.]
65,[9.]
66,[0.]
67,[0.]
68,[9.]
69,[0.]
70,[4.]
71,[3.]
72,[1.]
73,[0.]
74,[0.]
75,[4.]
76,[4.]
77,[0.]
78,[6.]
79,[4.]
80,[0.]
81,[0.]
82,[0.]
83,[0.]
84,[0.]
85,[3.]
86,[0.]
87,[12.]
88,[5.]
89,[0.]
90,[2.]
91,[0.]
92,[8.]
93,[0.]
94,[1.]
95,[0.]
96,[7.]
97,[0.]
98,[3.]
99,[1.]
100,[5.]
101,[0.]
102,[4.]
103,[2.]
104,[9.]
105,[0.]
106,[3.]
107,[0.]
108,[0.]
109,[4.]
110,[3.]
111,[0.]
112,[1.]
113,[3.]
114,[2.]
115,[6.]
116,[2.]
117,[3.]
118,[0.]
119,[0.]
120,[0.]
121,[0.]
122,[1.]
123,[4.]
124,[1.]
125,[3.]
126,[0.]
127,[0.]
128,[0.]
129,[7.]
130,[0.]
131,[3.]
132,[5.]
133,[3.]
134,[0.]
135,[7.]
136,[0.]
137,[4.]
138,[0.]
139,[6.]
140,[13.]
141,[3.]
142,[1.]
143,[0.]
144,[3.]
145,[5.]
146,[1.]
147,[3.]
148,[3.]
149,[0.]
150,[1.]
151,[0.]
152,[0.]
153,[8.]
154,[8.]
155,[3.]
156,[0.]
157,[3.]
158,[5.]
159,[3.]
160,[2.]
161,[2.]
162,[1.]
163,[3.]
164,[3.]
165,[0.]
166,[2.]
167,[0.]
168,[6.]
169,[0.]
170,[0.]
171,[0.]
172,[0.]
173,[0.]
174,[2.]
175,[0.]
176,[0.]
177,[2.]
178,[0.]
179,[3.]
180,[7.]
181,[5.]
182,[0.]
183,[4.]
184,[3.]
185,[0.]
186,[8.]
187,[0.]
188,[1.]
189,[0.]
190,[7.]
191,[1.]
192,[3.]
193,[1.]
194,[1.]
195,[0.]
196,[4.]
197,[15.]
198,[2.]
199,[4.]
200,[1.]
201,[2.]
202,[3.]
203,[13.]
204,[3.]
205,[0.]
206,[6.]
207,[1.]
208,[0.]
209,[7.]
210,[0.]
211,[2.]
212,[0.]
213,[0.]
214,[0.]
215,[0.]
216,[4.]
217,[2.]
218,[1.]
219,[4.]
220,[4.]
221,[0.]
222,[0.]
223,[0.]
224,[0.]
225,[1.]
226,[1.]
227,[3.]
228,[0.]
229,[22.]
230,[0.]
231,[3.]
232,[0.]
233,[0.]
234,[0.]
235,[0.]
236,[5.]
237,[1.]
238,[3.]
239,[2.]
240,[0.]
241,[7.]
242,[0.]
243,[1.]
244,[6.]
245,[14.]
246,[0.]
247,[0.]
248,[0.]
249,[3.]
250,[0.]
251,[0.]
252,[7.]
253,[1.]
254,[4.]
255,[4.]
256,[0.]
257,[10.]
258,[2.]
259,[8.]
260,[7.]
261,[1.]
262,[0.]
263,[0.]
264,[0.]
265,[7.]
266,[0.]
267,[6.]
268,[2.]
269,[1.]
270,[3.]
271,[6.]
272,[1.]
273,[0.]
274,[1.]
275,[4.]
276,[0.]
277,[11.]
278,[1.]
279,[0.]
280,[4.]
281,[3.]
282,[4.]
283,[7.]
284,[6.]
285,[0.]
286,[0.]
287,[1.]
288,[8.]
289,[3.]
290,[0.]
291,[0.]
292,[0.]
293,[0.]
294,[0.]
295,[2.]
296,[3.]
297,[8.]
298,[0.]
299,[0.]
300,[0.]
301,[4.]
302,[3.]
303,[0.]
304,[13.]
305,[0.]
306,[0.]
307,[7.]
308,[0.]
309,[11.]
310,[9.]
311,[11.]
312,[4.]
313,[6.]
314,[6.]
315,[0.]
316,[0.]
317,[3.]
318,[1.]
319,[3.]
320,[0.]
321,[6.]
322,[0.]
323,[0.]
324,[1.]
325,[1.]
326,[0.]
327,[0.]
328,[0.]
329,[15.]
330,[0.]
331,[8.]
332,[7.]
333,[0.]
334,[0.]
335,[1.]
336,[5.]
337,[1.]
338,[5.]
339,[0.]
340,[3.]
341,[0.]
342,[3.]
343,[2.]
344,[0.]
345,[0.]
346,[0.]
347,[0.]
348,[0.]
349,[0.]
350,[1.]
351,[0.]
352,[0.]
353,[3.]
354,[0.]
355,[7.]
356,[8.]
357,[3.]
358,[6.]
359,[0.]
360,[0.]
361,[1.]
362,[7.]
363,[10.]
364,[8.]
365,[0.]
366,[0.]
367,[7.]
368,[4.]
369,[0.]
370,[3.]
371,[10.]
372,[0.]
373,[0.]
374,[4.]
375,[8.]
376,[9.]
377,[3.]
378,[1.]
379,[7.]
380,[0.]
381,[0.]
382,[0.]
383,[5.]
384,[4.]
385,[3.]
386,[4.]
387,[5.]
388,[0.]
389,[3.]
390,[3.]
391,[0.]
392,[1.]
393,[5.]
394,[3.]
395,[6.]
396,[7.]
397,[4.]
398,[1.]
399,[0.]
400,[7.]
401,[1.]
402,[0.]
403,[0.]
404,[6.]
405,[2.]
406,[0.]
407,[4.]
408,[9.]
409,[9.]
410,[0.]
411,[7.]
412,[0.]
413,[0.]
414,[7.]
415,[0.]
416,[0.]
417,[7.]
418,[1.]
419,[0.]
420,[0.]
421,[1.]
422,[0.]
423,[0.]
424,[7.]
425,[3.]
426,[0.]
427,[0.]
428,[4.]
429,[3.]
430,[1.]
431,[0.]
432,[0.]
433,[3.]
434,[3.]
435,[5.]
436,[0.]
437,[0.]
438,[1.]
439,[1.]
440,[3.]
441,[0.]
442,[2.]
443,[0.]
444,[3.]
445,[1.]
446,[1.]
447,[1.]
448,[3.]
449,[17.]
450,[1.]
451,[3.]
452,[3.]
453,[4.]
454,[2.]
455,[0.]
456,[1.]
457,[11.]
458,[0.]
459,[1.]
460,[4.]
461,[4.]
462,[0.]
463,[4.]
464,[0.]
465,[8.]
466,[16.]
467,[0.]
468,[0.]
469,[0.]
470,[0.]
471,[1.]
472,[0.]
473,[3.]
474,[0.]
475,[11.]
476,[0.]
477,[1.]
478,[4.]
479,[6.]
480,[5.]
481,[6.]
482,[3.]
483,[4.]
484,[8.]
485,[5.]
486,[2.]
487,[4.]
488,[1.]
489,[1.]
490,[4.]
491,[1.]
492,[3.]
493,[13.]
494,[0.]
495,[1.]
496,[7.]
497,[1.]
498,[0.]
499,[7.]
500,[7.]
501,[0.]
502,[6.]
503,[0.]
504,[3.]
505,[7.]
506,[11.]
507,[5.]
508,[0.]
509,[19.]
510,[0.]
511,[0.]
512,[0.]
513,[6.]
514,[7.]
515,[0.]
516,[3.]
517,[0.]
518,[9.]
519,[1.]
520,[0.]
521,[1.]
522,[3.]
523,[7.]
524,[0.]
525,[17.]
526,[10.]
527,[17.]
528,[0.]
529,[0.]
530,[0.]
531,[0.]
532,[4.]
533,[0.]
534,[0.]
535,[0.]
536,[7.]
537,[6.]
538,[0.]
539,[7.]
540,[12.]
541,[1.]
542,[0.]
543,[0.]
544,[1.]
545,[1.]
546,[0.]
547,[4.]
548,[0.]
549,[0.]
550,[0.]
551,[10.]
552,[3.]
553,[3.]
554,[0.]
555,[3.]
556,[8.]
557,[2.]
558,[3.]
559,[0.]
560,[6.]
561,[10.]
562,[3.]
563,[7.]
564,[2.]
565,[0.]
566,[0.]
567,[0.]
568,[2.]
569,[6.]
570,[6.]
571,[1.]
572,[3.]
573,[0.]
574,[0.]
575,[5.]
576,[0.]
577,[3.]
578,[9.]
579,[8.]
580,[0.]
581,[0.]
582,[0.]
583,[0.]
584,[0.]
585,[0.]
586,[2.]
587,[9.]
588,[0.]
589,[4.]
590,[7.]
591,[0.]
592,[0.]
593,[1.]
594,[20.]
595,[0.]
596,[8.]
597,[0.]
598,[0.]
599,[2.]
600,[0.]
601,[0.]
602,[1.]
603,[0.]
604,[9.]
605,[0.]
606,[0.]
607,[1.]
608,[0.]
609,[4.]
610,[13.]
611,[1.]
612,[10.]
613,[9.]
614,[1.]
615,[4.]
616,[12.]
617,[9.]
618,[0.]
619,[1.]
620,[7.]
621,[5.]
622,[3.]
623,[1.]
624,[0.]
625,[4.]
626,[0.]
627,[1.]
628,[0.]
629,[14.]
630,[1.]
631,[0.]
632,[0.]
633,[0.]
634,[0.]
635,[7.]
636,[1.]
637,[8.]
638,[0.]
639,[3.]
640,[0.]
641,[7.]
642,[1.]
643,[1.]
644,[0.]
645,[0.]
646,[0.]
647,[0.]
648,[0.]
649,[1.]
650,[11.]
651,[0.]
652,[1.]
653,[2.]
654,[0.]
655,[1.]
656,[1.]
657,[0.]
658,[3.]
659,[0.]
660,[0.]
661,[6.]
662,[0.]
663,[1.]
664,[0.]
665,[0.]
666,[1.]
667,[6.]
668,[3.]
669,[2.]
670,[1.]
671,[0.]
672,[3.]
673,[0.]
674,[0.]
675,[1.]
676,[0.]
677,[0.]
678,[2.]
679,[11.]
680,[0.]
681,[4.]
682,[7.]
683,[4.]
684,[2.]
685,[1.]
686,[0.]
687,[0.]
688,[3.]
689,[0.]
690,[1.]
691,[6.]
692,[0.]
693,[1.]
694,[0.]
695,[1.]
696,[7.]
697,[0.]
698,[7.]
699,[0.]
700,[0.]
701,[3.]
702,[6.]
703,[1.]
704,[0.]
705,[10.]
706,[0.]
707,[5.]
708,[0.]
709,[0.]
710,[14.]
711,[0.]
712,[0.]
713,[1.]
714,[1.]
715,[0.]
716,[0.]
717,[3.]
718,[0.]
719,[19.]
720,[3.]
721,[3.]
722,[3.]
723,[3.]
724,[0.]
725,[3.]
726,[2.]
727,[6.]
728,[1.]
729,[0.]
730,[4.]
731,[7.]
732,[4.]
733,[5.]
734,[3.]
735,[0.]
736,[0.]
737,[0.]
738,[3.]
739,[3.]
740,[5.]
741,[0.]
742,[0.]
743,[0.]
744,[1.]
745,[0.]
746,[2.]
747,[0.]
748,[0.]
749,[0.]
750,[3.]
751,[4.]
752,[7.]
753,[3.]
754,[1.]
755,[3.]
756,[0.]
757,[3.]
758,[0.]
759,[12.]
760,[0.]
761,[0.]
762,[1.]
763,[7.]
764,[0.]
765,[0.]
766,[1.]
767,[0.]
768,[12.]
769,[0.]
770,[8.]
771,[4.]
772,[1.]
773,[0.]
774,[0.]
775,[1.]
776,[13.]
777,[0.]
778,[0.]
779,[4.]
780,[3.]
781,[4.]
782,[0.]
783,[12.]
784,[0.]
785,[1.]
786,[5.]
787,[5.]
788,[1.]
789,[13.]
790,[0.]
791,[1.]
792,[0.]
793,[2.]
794,[1.]
795,[3.]
796,[4.]
797,[9.]
798,[3.]
799,[0.]
800,[0.]
801,[7.]
802,[2.]
803,[0.]
804,[1.]
805,[1.]
806,[0.]
807,[0.]
808,[1.]
809,[0.]
810,[7.]
811,[6.]
812,[4.]
813,[0.]
814,[5.]
815,[0.]
816,[10.]
817,[1.]
818,[0.]
819,[0.]
820,[3.]
821,[0.]
822,[5.]
823,[0.]
824,[3.]
825,[3.]
826,[9.]
827,[15.]
828,[1.]
829,[1.]
830,[0.]
831,[0.]
832,[0.]
833,[0.]
834,[0.]
835,[10.]
836,[4.]
837,[0.]
838,[5.]
839,[6.]
840,[0.]
841,[5.]
842,[0.]
843,[3.]
844,[4.]
845,[0.]
846,[0.]
847,[0.]
848,[0.]
849,[1.]
850,[0.]
851,[3.]
852,[0.]
853,[0.]
854,[0.]
855,[0.]
856,[3.]
857,[0.]
858,[0.]
859,[8.]
860,[1.]
861,[3.]
862,[1.]
863,[0.]
864,[1.]
865,[3.]
866,[0.]
867,[1.]
868,[0.]
869,[0.]
870,[14.]
871,[0.]
872,[0.]
873,[1.]
874,[3.]
875,[0.]
876,[11.]
877,[3.]
878,[8.]
879,[10.]
880,[3.]
881,[0.]
882,[3.]
883,[1.]
884,[2.]
885,[10.]
886,[1.]
887,[3.]
888,[3.]
889,[0.]
890,[9.]
891,[3.]
892,[3.]
893,[0.]
894,[7.]
895,[1.]
896,[0.]
897,[6.]
898,[3.]
899,[3.]
900,[1.]
901,[0.]
902,[0.]
903,[0.]
904,[0.]
905,[3.]
906,[3.]
907,[3.]
908,[0.]
909,[3.]
910,[5.]
911,[0.]
912,[1.]
913,[0.]
914,[0.]
915,[0.]
916,[3.]
917,[10.]
918,[5.]
919,[1.]
920,[3.]
921,[4.]
922,[7.]
923,[0.]
924,[0.]
925,[0.]
926,[0.]
927,[0.]
928,[3.]
929,[3.]
930,[32.]
931,[1.]
932,[0.]
933,[0.]
934,[4.]
935,[1.]
936,[2.]
937,[14.]
938,[4.]
939,[0.]
940,[0.]
941,[0.]
942,[1.]
943,[0.]
944,[1.]
945,[0.]
946,[6.]
947,[3.]
948,[1.]
949,[0.]
950,[1.]
951,[4.]
952,[5.]
953,[4.]
954,[10.]
955,[1.]
956,[0.]
957,[0.]
958,[0.]
959,[5.]
960,[0.]
961,[6.]
962,[5.]
963,[4.]
964,[0.]
965,[3.]
966,[1.]
967,[1.]
968,[8.]
969,[6.]
970,[0.]
971,[4.]
972,[0.]
973,[0.]
974,[2.]
975,[4.]
976,[0.]
977,[5.]
978,[0.]
979,[4.]
980,[0.]
981,[7.]
982,[9.]
983,[7.]
984,[0.]
985,[0.]
986,[0.]
987,[0.]
988,[7.]
989,[4.]
990,[0.]
991,[1.]
992,[6.]
993,[3.]
994,[1.]
995,[0.]
996,[10.]
997,[0.]
998,[0.]
999,[1.]
1000,[0.]
1001,[3.]
1002,[0.]
1003,[0.]
1004,[1.]
1005,[0.]
1006,[6.]
1007,[12.]
1008,[0.]
1009,[0.]
1010,[2.]
1011,[6.]
1012,[3.]
1013,[7.]
1014,[0.]
1015,[7.]
1016,[8.]
1017,[2.]
1018,[0.]
1019,[8.]
1020,[4.]
1021,[13.]
1022,[1.]
1023,[0.]
1024,[0.]
1025,[3.]
1026,[0.]
1027,[3.]
1028,[0.]
1029,[2.]
1030,[1.]
1031,[1.]
1032,[1.]
1033,[1.]
1034,[0.]
1035,[0.]
1036,[0.]
1037,[0.]
1038,[2.]
1039,[8.]
1040,[1.]
1041,[8.]
1042,[3.]
1043,[6.]
1044,[9.]
1045,[13.]
1046,[11.]
1047,[0.]
1048,[11.]
1049,[3.]
1050,[7.]
1051,[9.]
1052,[0.]
1053,[0.]
1054,[6.]
1055,[3.]
1056,[0.]
1057,[3.]
1058,[0.]
1059,[4.]
1060,[3.]
1061,[0.]
1062,[3.]
1063,[3.]
1064,[13.]
1065,[4.]
1066,[0.]
1067,[4.]
1068,[6.]
1069,[3.]
1070,[0.]
1071,[0.]
1072,[2.]
1073,[1.]
1074,[3.]
1075,[3.]
1076,[0.]
1077,[1.]
1078,[1.]
1079,[5.]
1080,[12.]
1081,[0.]
1082,[3.]
1083,[0.]
1084,[0.]
1085,[13.]
1086,[0.]
1087,[0.]
1088,[0.]
1089,[4.]
1090,[4.]
1091,[0.]
1092,[4.]
1093,[4.]
1094,[9.]
1095,[3.]
1096,[5.]
1097,[0.]
1098,[1.]
1099,[4.]
1100,[8.]
1101,[3.]
1102,[2.]
1103,[0.]
1104,[0.]
1105,[0.]
1106,[0.]
1107,[1.]
1108,[1.]
1109,[4.]
1110,[0.]
1111,[0.]
1112,[6.]
1113,[0.]
1114,[3.]
1115,[2.]
1116,[0.]
1117,[0.]
1118,[7.]
1119,[0.]
1120,[1.]
1121,[1.]
1122,[0.]
1123,[3.]
1124,[2.]
1125,[0.]
1126,[7.]
1127,[5.]
1128,[4.]
1129,[11.]
1130,[0.]
1131,[1.]
1132,[1.]
1133,[3.]
1134,[0.]
1135,[7.]
1136,[3.]
1137,[3.]
1138,[1.]
1139,[0.]
1140,[0.]
1141,[3.]
1142,[0.]
1143,[0.]
1144,[3.]
1145,[7.]
1146,[3.]
1147,[2.]
1148,[8.]
1149,[0.]
1150,[3.]
1151,[1.]
1152,[0.]
1153,[0.]
1154,[0.]
1155,[1.]
1156,[8.]
1157,[0.]
1158,[5.]
1159,[0.]
1160,[3.]
1161,[3.]
1162,[0.]
1163,[4.]
1164,[4.]
1165,[0.]
1166,[1.]
1167,[0.]
1168,[8.]
1169,[8.]
1170,[0.]
1171,[0.]
1172,[1.]
1173,[0.]
1174,[6.]
1175,[0.]
1176,[4.]
1177,[0.]
1178,[4.]
1179,[12.]
1180,[3.]
1181,[0.]
1182,[0.]
1183,[3.]
1184,[1.]
1185,[0.]
1186,[3.]
1187,[0.]
1188,[3.]
1189,[3.]
1190,[2.]
1191,[0.]
1192,[0.]
1193,[0.]
1194,[3.]
1195,[0.]
1196,[1.]
1197,[1.]
1198,[0.]
1199,[1.]
1200,[3.]
1201,[6.]
1202,[0.]
1203,[0.]
1204,[3.]
1205,[9.]
1206,[0.]
1207,[3.]
1208,[0.]
1209,[3.]
1210,[0.]
1211,[10.]
1212,[0.]
1213,[1.]
1214,[0.]
1215,[6.]
1216,[4.]
1217,[3.]
1218,[12.]
1219,[6.]
1220,[5.]
1221,[1.]
1222,[3.]
1223,[7.]
1224,[0.]
1225,[2.]
1226,[6.]
1227,[0.]
1228,[3.]
1229,[4.]
1230,[0.]
1231,[0.]
1232,[0.]
1233,[3.]
1234,[3.]
1235,[1.]
1236,[5.]
1237,[0.]
1238,[8.]
1239,[6.]
1240,[4.]
1241,[0.]
1242,[16.]
1243,[2.]
1244,[4.]
1245,[0.]
1246,[9.]
1247,[7.]
1248,[5.]
1249,[0.]
1250,[0.]
1251,[13.]
1252,[6.]
1253,[0.]
1254,[3.]
1255,[8.]
1256,[10.]
1257,[0.]
1258,[0.]
1259,[0.]
1260,[6.]
1261,[0.]
1262,[4.]
1263,[0.]
1264,[4.]
1265,[4.]
1266,[3.]
1267,[3.]
1268,[1.]
1269,[7.]
1270,[7.]
1271,[0.]
1272,[0.]
1273,[0.]
1274,[0.]
1275,[0.]
1276,[12.]
1277,[0.]
1278,[0.]
1279,[0.]
1280,[0.]
1281,[0.]
1282,[2.]
1283,[6.]
1284,[1.]
1285,[3.]
1286,[3.]
1287,[0.]
1288,[0.]
1289,[10.]
1290,[9.]
1291,[7.]
1292,[2.]
1293,[3.]
1294,[0.]
1295,[6.]
1296,[12.]
1297,[0.]
1298,[0.]
1299,[5.]
1300,[3.]
1301,[0.]
1302,[0.]
1303,[7.]
1304,[10.]
1305,[3.]
1306,[1.]
1307,[3.]
1308,[3.]
1309,[0.]
1310,[0.]
1311,[13.]
1312,[10.]
1313,[1.]
1314,[1.]
1315,[1.]
1316,[1.]
1317,[0.]
1318,[0.]
1319,[0.]
1320,[0.]
1321,[0.]
1322,[0.]
1323,[3.]
1324,[3.]
1325,[3.]
1326,[6.]
1327,[0.]
1328,[3.]
1329,[3.]
1330,[8.]
1331,[0.]
1332,[0.]
1333,[4.]
1334,[7.]
1335,[0.]
1336,[3.]
1337,[7.]
1338,[1.]
1339,[0.]
1340,[2.]
1341,[0.]
1342,[3.]
1343,[0.]
1344,[1.]
1345,[3.]
1346,[9.]
1347,[6.]
1348,[0.]
1349,[0.]
1350,[4.]
1351,[0.]
1352,[3.]
1353,[0.]
1354,[0.]
1355,[6.]
1356,[2.]
1357,[0.]
1358,[1.]
1359,[0.]
1360,[4.]
1361,[2.]
1362,[10.]
1363,[1.]
1364,[1.]
1365,[1.]
1366,[0.]
1367,[5.]
1368,[0.]
1369,[0.]
1370,[1.]
1371,[4.]
1372,[0.]
1373,[1.]
1374,[2.]
1375,[0.]
1376,[0.]
1377,[0.]
1378,[0.]
1379,[6.]
1380,[0.]
1381,[3.]
1382,[0.]
1383,[0.]
1384,[3.]
1385,[3.]
1386,[0.]
1387,[12.]
1388,[1.]
1389,[12.]
1390,[0.]
1391,[1.]
1392,[0.]
1393,[0.]
1394,[3.]
1395,[1.]
1396,[0.]
1397,[4.]
1398,[1.]
1399,[3.]
1400,[0.]
1401,[0.]
1402,[0.]
1403,[3.]
1404,[3.]
1405,[0.]
1406,[3.]
1407,[3.]
1408,[0.]
1409,[1.]
1410,[13.]
1411,[0.]
1412,[1.]
1413,[0.]
1414,[0.]
1415,[3.]
1416,[9.]
1417,[0.]
1418,[7.]
1419,[9.]
1420,[3.]
1421,[1.]
1422,[6.]
1423,[0.]
1424,[3.]
1425,[0.]
1426,[1.]
1427,[5.]
1428,[0.]
1429,[0.]
1430,[4.]
1431,[0.]
1432,[1.]
1433,[8.]
1434,[0.]
1435,[5.]
1436,[0.]
1437,[0.]
1438,[1.]
1439,[10.]
1440,[0.]
1441,[0.]
1442,[1.]
1443,[1.]
1444,[6.]
1445,[3.]
1446,[4.]
1447,[14.]
1448,[0.]
1449,[1.]
1450,[0.]
1451,[3.]
1452,[1.]
1453,[0.]
1454,[4.]
1455,[8.]
1456,[0.]
1457,[0.]
1458,[3.]
1459,[0.]
1460,[5.]
1461,[1.]
1462,[0.]
1463,[0.]
1464,[4.]
1465,[7.]
1466,[2.]
1467,[0.]
1468,[6.]
1469,[0.]
1470,[13.]
1471,[7.]
1472,[0.]
1473,[6.]
1474,[1.]
1475,[0.]
1476,[0.]
1477,[0.]
1478,[1.]
1479,[4.]
1480,[1.]
1481,[1.]
1482,[0.]
1483,[3.]
1484,[0.]
1485,[3.]
1486,[0.]
1487,[4.]
1488,[7.]
1489,[11.]
1490,[0.]
1491,[0.]
1492,[5.]
1493,[8.]
1494,[10.]
1495,[6.]
1496,[3.]
1497,[4.]
1498,[7.]
1499,[0.]
1500,[5.]
1501,[0.]
1502,[4.]
1503,[0.]
1504,[0.]
1505,[3.]
1506,[1.]
1507,[1.]
1508,[3.]
1509,[5.]
1510,[2.]
1511,[0.]
1512,[0.]
1513,[0.]
1514,[0.]
1515,[0.]
1516,[0.]
1517,[0.]
1518,[0.]
1519,[8.]
1520,[0.]
1521,[1.]
1522,[4.]
1523,[0.]
1524,[12.]
1525,[0.]
1526,[3.]
1527,[0.]
1528,[14.]
1529,[6.]
1530,[0.]
1531,[5.]
1532,[0.]
1533,[0.]
1534,[6.]
1535,[1.]
1536,[3.]
1537,[0.]
1538,[5.]
1539,[0.]
1540,[5.]
1541,[0.]
1542,[1.]
1543,[4.]
1544,[4.]
1545,[4.]
1546,[5.]
1547,[0.]
1548,[10.]
1549,[0.]
1550,[1.]
1551,[0.]
1552,[0.]
1553,[0.]
1554,[6.]
1555,[7.]
1556,[1.]
1557,[3.]
1558,[4.]
1559,[4.]
1560,[1.]
1561,[0.]
1562,[2.]
1563,[6.]
1564,[1.]
1565,[4.]
1566,[0.]
1567,[1.]
1568,[1.]
1569,[3.]
1570,[4.]
1571,[8.]
1572,[7.]
1573,[0.]
1574,[7.]
1575,[2.]
1576,[5.]
1577,[0.]
1578,[2.]
1579,[1.]
1580,[0.]
1581,[7.]
1582,[4.]
1583,[4.]
1584,[3.]
1585,[12.]
1586,[4.]
1587,[0.]
1588,[7.]
1589,[0.]
1590,[0.]
1591,[0.]
1592,[0.]
1593,[0.]
1594,[8.]
1595,[0.]
1596,[0.]
1597,[4.]
1598,[0.]
1599,[6.]
1600,[0.]
1601,[0.]
1602,[3.]
1603,[5.]
1604,[2.]
1605,[6.]
1606,[0.]
1607,[4.]
1608,[6.]
1609,[1.]
1610,[1.]
1611,[6.]
1612,[0.]
1613,[0.]
1614,[12.]
1615,[1.]
1616,[0.]
1617,[0.]
1618,[0.]
1619,[3.]
1620,[0.]
1621,[6.]
1622,[0.]
1623,[0.]
1624,[10.]
1625,[0.]
1626,[1.]
1627,[3.]
1628,[4.]
1629,[0.]
1630,[0.]
1631,[0.]
1632,[3.]
1633,[1.]
1634,[0.]
1635,[5.]
1636,[3.]
1637,[0.]
1638,[2.]
1639,[1.]
1640,[3.]
1641,[3.]
1642,[0.]
1643,[0.]
1644,[1.]
1645,[3.]
1646,[1.]
1647,[4.]
1648,[0.]
1649,[7.]
1650,[0.]
1651,[1.]
1652,[3.]
1653,[0.]
1654,[6.]
1655,[0.]
1656,[0.]
1657,[1.]
1658,[0.]
1659,[1.]
1660,[1.]
1661,[3.]
1662,[3.]
1663,[4.]
1664,[2.]
1665,[4.]
1666,[0.]
1667,[4.]
1668,[0.]
1669,[5.]
1670,[0.]
1671,[10.]
1672,[10.]
1673,[0.]
1674,[6.]
1675,[0.]
1676,[0.]
1677,[4.]
1678,[0.]
1679,[8.]
1680,[3.]
1681,[3.]
1682,[6.]
1683,[6.]
1684,[8.]
1685,[0.]
1686,[6.]
1687,[6.]
1688,[0.]
1689,[0.]
1690,[3.]
1691,[4.]
1692,[3.]
1693,[6.]
1694,[5.]
1695,[2.]
1696,[3.]
1697,[1.]
1698,[0.]
1699,[0.]
1700,[5.]
1701,[3.]
1702,[1.]
1703,[0.]
1704,[2.]
1705,[0.]
1706,[3.]
1707,[1.]
1708,[0.]
1709,[0.]
1710,[0.]
1711,[0.]
1712,[0.]
1713,[3.]
1714,[3.]
1715,[6.]
1716,[4.]
1717,[1.]
1718,[4.]
1719,[1.]
1720,[1.]
1721,[12.]
1722,[0.]
1723,[4.]
1724,[9.]
1725,[2.]
1726,[2.]
1727,[2.]
1728,[0.]
1729,[0.]
1730,[3.]
1731,[6.]
1732,[0.]
1733,[0.]
1734,[0.]
1735,[3.]
1736,[0.]
1737,[0.]
1738,[1.]
1739,[1.]
1740,[11.]
1741,[0.]
1742,[1.]
1743,[3.]
1744,[0.]
1745,[0.]
1746,[0.]
1747,[1.]
1748,[0.]
1749,[2.]
1750,[4.]
1751,[0.]
1752,[0.]
1753,[4.]
1754,[4.]
1755,[0.]
1756,[0.]
1757,[0.]
1758,[13.]
1759,[0.]
1760,[6.]
1761,[1.]
1762,[0.]
1763,[2.]
1764,[0.]
1765,[2.]
1766,[1.]
1767,[0.]
1768,[1.]
1769,[0.]
1770,[6.]
1771,[0.]
1772,[4.]
1773,[7.]
1774,[3.]
1775,[3.]
1776,[5.]
1777,[6.]
1778,[7.]
1779,[1.]
1780,[3.]
1781,[0.]
1782,[7.]
1783,[3.]
1784,[0.]
1785,[1.]
1786,[4.]
1787,[11.]
1788,[3.]
1789,[0.]
1790,[7.]
1791,[8.]
1792,[8.]
1793,[6.]
1794,[1.]
1795,[0.]
1796,[0.]
1797,[0.]
1798,[6.]
1799,[3.]
1800,[0.]
1801,[9.]
1802,[0.]
1803,[0.]
1804,[0.]
1805,[6.]
1806,[0.]
1807,[8.]
1808,[2.]
1809,[0.]
1810,[0.]
1811,[0.]
1812,[0.]
1813,[8.]
1814,[7.]
1815,[6.]
1816,[0.]
1817,[5.]
1818,[7.]
1819,[4.]
1820,[3.]
1821,[4.]
1822,[4.]
1823,[4.]
1824,[3.]
1825,[10.]
1826,[7.]
1827,[0.]
1828,[3.]
1829,[0.]
1830,[0.]
1831,[6.]
1832,[1.]
1833,[0.]
1834,[0.]
1835,[5.]
1836,[0.]
1837,[0.]
1838,[8.]
1839,[3.]
1840,[0.]
1841,[0.]
1842,[3.]
1843,[6.]
1844,[0.]
1845,[0.]
1846,[0.]
1847,[8.]
1848,[5.]
1849,[1.]
1850,[3.]
1851,[0.]
1852,[3.]
1853,[0.]
1854,[8.]
1855,[17.]
1856,[6.]
1857,[1.]
1858,[0.]
1859,[1.]
1860,[1.]
1861,[0.]
1862,[4.]
1863,[3.]
1864,[3.]
1865,[3.]
1866,[0.]
1867,[3.]
1868,[6.]
1869,[7.]
1870,[0.]
1871,[4.]
1872,[7.]
1873,[4.]
1874,[1.]
1875,[0.]
1876,[3.]
1877,[0.]
1878,[8.]
1879,[3.]
1880,[0.]
1881,[0.]
1882,[1.]
1883,[3.]
1884,[7.]
1885,[3.]
1886,[0.]
1887,[0.]
1888,[4.]
1889,[0.]
1890,[0.]
1891,[0.]
1892,[7.]
1893,[4.]
1894,[0.]
1895,[0.]
1896,[5.]
1897,[4.]
1898,[0.]
1899,[0.]
1900,[3.]
1901,[0.]
1902,[0.]
1903,[6.]
1904,[10.]
1905,[0.]
1906,[3.]
1907,[2.]
1908,[1.]
1909,[1.]
1910,[0.]
1911,[2.]
1912,[0.]
1913,[0.]
1914,[0.]
1915,[1.]
1916,[0.]
1917,[1.]
1918,[7.]
1919,[2.]
1920,[0.]
1921,[9.]
1922,[0.]
1923,[0.]
1924,[0.]
1925,[0.]
1926,[2.]
1927,[0.]
1928,[1.]
1929,[4.]
1930,[0.]
1931,[0.]
1932,[4.]
1933,[5.]
1934,[0.]
1935,[5.]
1936,[4.]
1937,[8.]
1938,[0.]
1939,[16.]
1940,[0.]
1941,[0.]
1942,[1.]
1943,[0.]
1944,[8.]
1945,[1.]
1946,[1.]
1947,[0.]
1948,[2.]
1949,[3.]
1950,[8.]
1951,[0.]
1952,[0.]
1953,[1.]
1954,[0.]
1955,[1.]
1956,[8.]
1957,[0.]
1958,[1.]
1959,[0.]
1960,[10.]
1961,[0.]
1962,[1.]
1963,[1.]
1964,[11.]
1965,[0.]
1966,[0.]
1967,[5.]
1968,[2.]
1969,[0.]
1970,[4.]
1971,[0.]
1972,[5.]
1973,[1.]
1974,[0.]
1975,[1.]
1976,[6.]
1977,[4.]
1978,[0.]
1979,[0.]
1980,[20.]
1981,[4.]
1982,[0.]
1983,[0.]
1984,[0.]
1985,[0.]
1986,[11.]
1987,[0.]
1988,[3.]
1989,[2.]
1990,[4.]
1991,[3.]
1992,[0.]
1993,[3.]
1994,[0.]
1995,[0.]
1996,[1.]
1997,[1.]
1998,[1.]
1999,[4.]
2000,[0.]
2001,[0.]
2002,[0.]
2003,[3.]
2004,[3.]
2005,[0.]
2006,[3.]
2007,[0.]
2008,[4.]
2009,[3.]
2010,[23.]
2011,[24.]
2012,[3.]
2013,[7.]
2014,[1.]
2015,[0.]
2016,[3.]
2017,[3.]
2018,[0.]
2019,[5.]
2020,[6.]
2021,[3.]
2022,[0.]
2023,[7.]
2024,[0.]
2025,[0.]
2026,[8.]
2027,[0.]
2028,[0.]
2029,[11.]
2030,[3.]
2031,[4.]
2032,[0.]
2033,[0.]
2034,[4.]
2035,[3.]
2036,[0.]
2037,[3.]
2038,[1.]
2039,[0.]
2040,[7.]
2041,[0.]
2042,[3.]
2043,[0.]
2044,[7.]
2045,[5.]
2046,[1.]
2047,[1.]
2048,[0.]
2049,[1.]
2050,[3.]
2051,[6.]
2052,[6.]
2053,[3.]
2054,[0.]
2055,[1.]
2056,[3.]
2057,[18.]
2058,[4.]
2059,[1.]
2060,[13.]
2061,[0.]
2062,[0.]
2063,[0.]
2064,[5.]
2065,[1.]
2066,[6.]
2067,[5.]
2068,[3.]
2069,[6.]
2070,[0.]
2071,[3.]
2072,[0.]
2073,[0.]
2074,[7.]
2075,[7.]
2076,[1.]
2077,[0.]
2078,[2.]
2079,[4.]
2080,[0.]
2081,[3.]
2082,[9.]
2083,[7.]
2084,[0.]
2085,[3.]
2086,[3.]
2087,[5.]
2088,[0.]
2089,[9.]
2090,[0.]
2091,[3.]
2092,[2.]
2093,[6.]
2094,[1.]
2095,[6.]
2096,[0.]
2097,[0.]
2098,[0.]
2099,[4.]
2100,[1.]
2101,[3.]
2102,[0.]
2103,[0.]
2104,[8.]
2105,[0.]
2106,[9.]
2107,[0.]
2108,[1.]
2109,[7.]
2110,[0.]
2111,[0.]
2112,[16.]
2113,[5.]
2114,[4.]
2115,[0.]
2116,[1.]
2117,[1.]
2118,[4.]
2119,[2.]
2120,[1.]
2121,[0.]
2122,[1.]
2123,[0.]
2124,[1.]
2125,[0.]
2126,[4.]
2127,[1.]
2128,[11.]
2129,[0.]
2130,[1.]
2131,[5.]
2132,[3.]
2133,[0.]
2134,[6.]
2135,[6.]
2136,[0.]
2137,[7.]
2138,[0.]
2139,[0.]
2140,[6.]
2141,[11.]
2142,[5.]
2143,[0.]
2144,[3.]
2145,[0.]
2146,[1.]
2147,[3.]
2148,[0.]
2149,[4.]
2150,[0.]
2151,[0.]
2152,[4.]
2153,[4.]
2154,[13.]
2155,[0.]
2156,[3.]
2157,[0.]
2158,[6.]
2159,[0.]
2160,[0.]
2161,[0.]
2162,[3.]
2163,[0.]
2164,[0.]
2165,[3.]
2166,[1.]
2167,[1.]
2168,[3.]
2169,[0.]
2170,[18.]
2171,[8.]
2172,[0.]
2173,[0.]
2174,[6.]
2175,[0.]
2176,[1.]
2177,[1.]
2178,[11.]
2179,[0.]
2180,[10.]
2181,[0.]
2182,[6.]
2183,[4.]
2184,[1.]
2185,[5.]
2186,[0.]
2187,[5.]
2188,[2.]
2189,[0.]
2190,[0.]
2191,[3.]
2192,[0.]
2193,[0.]
2194,[2.]
2195,[6.]
2196,[2.]
2197,[3.]
2198,[10.]
2199,[7.]
2200,[0.]
2201,[5.]
2202,[0.]
2203,[0.]
2204,[0.]
2205,[4.]
2206,[1.]
2207,[1.]
2208,[3.]
2209,[0.]
2210,[0.]
2211,[4.]
2212,[1.]
2213,[3.]
2214,[6.]
2215,[6.]
2216,[0.]
2217,[0.]
2218,[7.]
2219,[3.]
2220,[16.]
2221,[0.]
2222,[0.]
2223,[0.]
2224,[5.]
2225,[12.]
2226,[0.]
2227,[9.]
2228,[0.]
2229,[13.]
2230,[1.]
2231,[4.]
2232,[1.]
2233,[11.]
2234,[2.]
2235,[0.]
2236,[4.]
2237,[1.]
2238,[0.]
2239,[6.]
2240,[1.]
2241,[2.]
2242,[0.]
2243,[0.]
2244,[0.]
2245,[1.]
2246,[3.]
2247,[0.]
2248,[3.]
2249,[7.]
2250,[0.]
2251,[0.]
2252,[0.]
2253,[4.]
2254,[0.]
2255,[0.]
2256,[6.]
2257,[4.]
2258,[6.]
2259,[12.]
2260,[7.]
2261,[6.]
2262,[0.]
2263,[7.]
2264,[1.]
2265,[0.]
2266,[6.]
2267,[3.]
2268,[1.]
2269,[1.]
2270,[4.]
2271,[0.]
2272,[0.]
2273,[3.]
2274,[8.]
2275,[3.]
2276,[4.]
2277,[0.]
2278,[5.]
2279,[2.]
2280,[2.]
2281,[1.]
2282,[7.]
2283,[0.]
2284,[2.]
2285,[5.]
2286,[1.]
2287,[7.]
2288,[6.]
2289,[11.]
2290,[3.]
2291,[0.]
2292,[4.]
2293,[10.]
2294,[10.]
2295,[3.]
2296,[5.]
2297,[0.]
2298,[5.]
2299,[0.]
2300,[0.]
2301,[0.]
2302,[0.]
2303,[3.]
2304,[0.]
2305,[4.]
2306,[0.]
2307,[0.]
2308,[0.]
2309,[1.]
2310,[0.]
2311,[6.]
2312,[0.]
2313,[3.]
2314,[14.]
2315,[0.]
2316,[1.]
2317,[10.]
2318,[0.]
2319,[3.]
2320,[10.]
2321,[13.]
2322,[3.]
2323,[3.]
2324,[0.]
2325,[0.]
2326,[5.]
2327,[3.]
2328,[0.]
2329,[0.]
2330,[0.]
2331,[3.]
2332,[3.]
2333,[0.]
2334,[1.]
2335,[4.]
2336,[1.]
2337,[5.]
2338,[2.]
2339,[0.]
2340,[3.]
2341,[4.]
2342,[0.]
2343,[0.]
2344,[4.]
2345,[0.]
2346,[9.]
2347,[3.]
2348,[4.]
2349,[4.]
2350,[0.]
2351,[1.]
2352,[18.]
2353,[0.]
2354,[0.]
2355,[0.]
2356,[0.]
2357,[0.]
2358,[1.]
2359,[7.]
2360,[7.]
2361,[0.]
2362,[0.]
2363,[3.]
2364,[0.]
2365,[7.]
2366,[0.]
2367,[4.]
2368,[4.]
2369,[3.]
2370,[9.]
2371,[6.]
2372,[3.]
2373,[0.]
2374,[1.]
2375,[4.]
2376,[0.]
2377,[7.]
2378,[0.]
2379,[6.]
2380,[2.]
2381,[3.]
2382,[0.]
2383,[0.]
2384,[7.]
2385,[0.]
2386,[0.]
2387,[0.]
2388,[0.]
2389,[7.]
2390,[4.]
2391,[0.]
2392,[3.]
2393,[0.]
2394,[0.]
2395,[4.]
2396,[0.]
2397,[8.]
2398,[1.]
2399,[0.]
2400,[0.]
2401,[1.]
2402,[0.]
2403,[3.]
2404,[4.]
2405,[1.]
2406,[0.]
2407,[4.]
2408,[6.]
2409,[0.]
2410,[0.]
2411,[0.]
2412,[1.]
2413,[7.]
2414,[2.]
2415,[6.]
2416,[0.]
2417,[0.]
2418,[1.]
2419,[3.]
2420,[0.]
2421,[0.]
2422,[0.]
2423,[3.]
2424,[8.]
2425,[0.]
2426,[1.]
2427,[6.]
2428,[0.]
2429,[0.]
2430,[0.]
2431,[0.]
2432,[0.]
2433,[3.]
2434,[2.]
2435,[11.]
2436,[9.]
2437,[4.]
2438,[3.]
2439,[0.]
2440,[0.]
2441,[2.]
2442,[1.]
2443,[7.]
2444,[6.]
2445,[9.]
2446,[6.]
2447,[0.]
2448,[0.]
2449,[0.]
2450,[0.]
2451,[0.]
2452,[0.]
2453,[1.]
2454,[8.]
2455,[6.]
2456,[10.]
2457,[4.]
2458,[3.]
2459,[14.]
2460,[0.]
2461,[3.]
2462,[0.]
2463,[0.]
2464,[4.]
2465,[4.]
2466,[10.]
2467,[1.]
2468,[0.]
2469,[9.]
2470,[1.]
2471,[0.]
2472,[0.]
2473,[3.]
2474,[3.]
2475,[0.]
2476,[7.]
2477,[3.]
2478,[0.]
2479,[0.]
2480,[0.]
2481,[0.]
2482,[5.]
2483,[0.]
2484,[3.]
2485,[3.]
2486,[3.]
2487,[6.]
2488,[0.]
2489,[4.]
2490,[3.]
2491,[4.]
2492,[4.]
2493,[0.]
2494,[9.]
2495,[2.]
2496,[1.]
2497,[15.]
2498,[7.]
2499,[0.]
2500,[3.]
2501,[0.]
2502,[4.]
2503,[17.]
2504,[1.]
2505,[0.]
2506,[0.]
2507,[0.]
2508,[8.]
2509,[1.]
2510,[0.]
2511,[0.]
2512,[6.]
2513,[2.]
2514,[1.]
2515,[4.]
2516,[0.]
2517,[4.]
2518,[0.]
2519,[2.]
2520,[0.]
2521,[3.]
2522,[4.]
2523,[0.]
2524,[1.]
2525,[0.]
2526,[4.]
2527,[0.]
2528,[1.]
2529,[2.]
2530,[0.]
2531,[0.]
2532,[0.]
2533,[10.]
2534,[12.]
2535,[7.]
2536,[0.]
2537,[0.]
2538,[4.]
2539,[2.]
2540,[0.]
2541,[0.]
2542,[5.]
2543,[0.]
2544,[3.]
2545,[6.]
2546,[8.]
2547,[0.]
2548,[1.]
2549,[3.]
2550,[3.]
2551,[0.]
2552,[1.]
2553,[9.]
2554,[0.]
2555,[0.]
2556,[7.]
2557,[0.]
2558,[0.]
2559,[1.]
2560,[5.]
2561,[0.]
2562,[1.]
2563,[0.]
2564,[2.]
2565,[6.]
2566,[5.]
2567,[0.]
2568,[4.]
2569,[3.]
2570,[7.]
2571,[0.]
2572,[0.]
2573,[0.]
2574,[6.]
2575,[0.]
2576,[1.]
2577,[7.]
2578,[0.]
2579,[2.]
2580,[18.]
2581,[3.]
2582,[11.]
2583,[0.]
2584,[2.]
2585,[5.]
2586,[0.]
2587,[7.]
2588,[3.]
2589,[7.]
2590,[0.]
2591,[0.]
2592,[0.]
2593,[3.]
2594,[1.]
2595,[3.]
2596,[0.]
2597,[0.]
2598,[4.]
2599,[0.]
2600,[3.]
2601,[4.]
2602,[0.]
2603,[2.]
2604,[6.]
2605,[0.]
2606,[0.]
2607,[1.]
2608,[4.]
2609,[1.]
2610,[0.]
2611,[0.]
2612,[0.]
2613,[0.]
2614,[4.]
2615,[11.]
2616,[7.]
2617,[0.]
2618,[10.]
2619,[1.]
2620,[0.]
2621,[3.]
2622,[0.]
2623,[0.]
2624,[11.]
2625,[0.]
2626,[7.]
2627,[4.]
2628,[3.]
2629,[2.]
2630,[1.]
2631,[3.]
2632,[0.]
2633,[5.]
2634,[0.]
2635,[0.]
2636,[3.]
2637,[3.]
2638,[3.]
2639,[0.]
2640,[3.]
2641,[7.]
2642,[0.]
2643,[6.]
2644,[3.]
2645,[0.]
2646,[2.]
2647,[6.]
2648,[0.]
2649,[4.]
2650,[11.]
2651,[0.]
2652,[1.]
2653,[0.]
2654,[7.]
2655,[3.]
2656,[0.]
2657,[4.]
2658,[5.]
2659,[2.]
2660,[0.]
2661,[0.]
2662,[1.]
2663,[5.]
2664,[3.]
2665,[0.]
2666,[19.]
2667,[0.]
2668,[1.]
2669,[2.]
2670,[0.]
2671,[0.]
2672,[0.]
2673,[1.]
2674,[5.]
2675,[4.]
2676,[0.]
2677,[0.]
2678,[1.]
2679,[10.]
2680,[2.]
2681,[9.]
2682,[6.]
2683,[0.]
2684,[0.]
2685,[8.]
2686,[3.]
2687,[0.]
2688,[0.]
2689,[10.]
2690,[4.]
2691,[0.]
2692,[0.]
2693,[0.]
2694,[3.]
2695,[6.]
2696,[0.]
2697,[12.]
2698,[0.]
2699,[11.]
2700,[16.]
2701,[0.]
2702,[1.]
2703,[8.]
2704,[0.]
2705,[3.]
2706,[3.]
2707,[3.]
2708,[14.]
2709,[7.]
2710,[0.]
2711,[0.]
2712,[2.]
2713,[0.]
2714,[1.]
2715,[7.]
2716,[1.]
2717,[0.]
2718,[0.]
2719,[0.]
2720,[8.]
2721,[3.]
2722,[10.]
2723,[0.]
2724,[0.]
2725,[3.]
2726,[1.]
2727,[0.]
2728,[4.]
2729,[1.]
2730,[10.]
2731,[1.]
2732,[0.]
2733,[0.]
2734,[1.]
2735,[0.]
2736,[0.]
2737,[0.]
2738,[0.]
2739,[0.]
2740,[17.]
2741,[3.]
2742,[0.]
2743,[0.]
2744,[1.]
2745,[1.]
2746,[10.]
2747,[6.]
2748,[4.]
2749,[1.]
2750,[0.]
2751,[4.]
2752,[3.]
2753,[2.]
2754,[0.]
2755,[6.]
2756,[0.]
2757,[4.]
2758,[4.]
2759,[1.]
2760,[0.]
2761,[0.]
2762,[2.]
2763,[1.]
2764,[5.]
2765,[3.]
2766,[4.]
2767,[4.]
2768,[4.]
2769,[3.]
2770,[0.]
2771,[0.]
2772,[1.]
2773,[1.]
2774,[0.]
2775,[5.]
2776,[0.]
2777,[0.]
2778,[3.]
2779,[3.]
2780,[0.]
2781,[2.]
2782,[3.]
2783,[1.]
2784,[0.]
2785,[0.]
2786,[0.]
2787,[3.]
2788,[0.]
2789,[3.]
2790,[0.]
2791,[3.]
2792,[7.]
2793,[1.]
2794,[8.]
2795,[7.]
2796,[10.]
2797,[12.]
2798,[4.]
2799,[6.]
2800,[0.]
2801,[3.]
2802,[1.]
2803,[0.]
2804,[0.]
2805,[0.]
2806,[0.]
2807,[0.]
2808,[5.]
2809,[0.]
2810,[1.]
2811,[1.]
2812,[2.]
2813,[4.]
2814,[0.]
2815,[0.]
2816,[0.]
2817,[3.]
2818,[18.]
2819,[0.]
2820,[0.]
2821,[0.]
2822,[4.]
2823,[4.]
2824,[0.]
2825,[0.]
2826,[0.]
2827,[0.]
2828,[4.]
2829,[0.]
2830,[0.]
2831,[4.]
2832,[0.]
2833,[1.]
2834,[0.]
2835,[9.]
2836,[0.]
2837,[0.]
2838,[0.]
2839,[2.]
2840,[15.]
2841,[0.]
2842,[1.]
2843,[1.]
2844,[0.]
2845,[2.]
2846,[0.]
2847,[3.]
2848,[0.]
2849,[6.]
2850,[11.]
2851,[0.]
2852,[6.]
2853,[0.]
2854,[11.]
2855,[0.]
2856,[3.]
2857,[2.]
2858,[0.]
2859,[3.]
2860,[0.]
2861,[5.]
2862,[3.]
2863,[4.]
2864,[3.]
2865,[2.]
2866,[0.]
2867,[2.]
2868,[0.]
2869,[0.]
2870,[0.]
2871,[0.]
2872,[0.]
2873,[0.]
2874,[5.]
2875,[9.]
2876,[5.]
2877,[0.]
2878,[0.]
2879,[5.]
2880,[0.]
2881,[1.]
2882,[3.]
2883,[4.]
2884,[3.]
2885,[0.]
2886,[0.]
2887,[4.]
2888,[0.]
2889,[0.]
2890,[10.]
2891,[0.]
2892,[3.]
2893,[0.]
2894,[6.]
2895,[1.]
2896,[0.]
2897,[4.]
2898,[0.]
2899,[0.]
2900,[6.]
2901,[4.]
2902,[0.]
2903,[0.]
2904,[0.]
2905,[0.]
2906,[0.]
2907,[0.]
2908,[3.]
2909,[0.]
2910,[1.]
2911,[2.]
2912,[6.]
2913,[1.]
2914,[4.]
2915,[4.]
2916,[3.]
2917,[5.]
2918,[3.]
2919,[0.]
2920,[4.]
2921,[1.]
2922,[3.]
2923,[0.]
2924,[3.]
2925,[6.]
2926,[0.]
2927,[8.]
2928,[0.]
2929,[0.]
2930,[3.]
2931,[0.]
2932,[0.]
2933,[3.]
2934,[3.]
2935,[0.]
2936,[6.]
2937,[3.]
2938,[1.]
2939,[1.]
2940,[1.]
2941,[7.]
2942,[0.]
2943,[0.]
2944,[0.]
2945,[3.]
2946,[1.]
2947,[0.]
2948,[2.]
2949,[2.]
2950,[12.]
2951,[3.]
2952,[7.]
2953,[1.]
2954,[9.]
2955,[0.]
2956,[0.]
2957,[0.]
2958,[1.]
2959,[0.]
2960,[0.]
2961,[0.]
2962,[4.]
2963,[8.]
2964,[12.]
2965,[3.]
2966,[3.]
2967,[0.]
2968,[0.]
2969,[0.]
2970,[1.]
2971,[0.]
2972,[4.]
2973,[0.]
2974,[3.]
2975,[11.]
2976,[4.]
2977,[6.]
2978,[0.]
2979,[3.]
2980,[0.]
2981,[0.]
2982,[0.]
2983,[0.]
2984,[0.]
2985,[4.]
2986,[4.]
2987,[3.]
2988,[6.]
2989,[0.]
2990,[3.]
2991,[10.]
2992,[0.]
2993,[12.]
2994,[1.]
2995,[0.]
2996,[0.]
2997,[3.]
2998,[0.]
2999,[12.]
3000,[0.]
3001,[13.]
3002,[6.]
3003,[6.]
3004,[4.]
3005,[3.]
3006,[0.]
3007,[0.]
3008,[3.]
3009,[13.]
3010,[4.]
3011,[0.]
3012,[4.]
3013,[0.]
3014,[3.]
3015,[0.]
3016,[0.]
3017,[7.]
3018,[0.]
3019,[0.]
3020,[0.]
3021,[0.]
3022,[0.]
3023,[0.]
3024,[0.]
3025,[1.]
3026,[4.]
3027,[3.]
3028,[5.]
3029,[0.]
3030,[8.]
3031,[2.]
3032,[3.]
3033,[0.]
3034,[0.]
3035,[1.]
3036,[3.]
3037,[3.]
3038,[5.]
3039,[0.]
3040,[2.]
3041,[0.]
3042,[0.]
3043,[1.]
3044,[0.]
3045,[0.]
3046,[1.]
3047,[0.]
3048,[3.]
3049,[3.]
3050,[0.]
3051,[4.]
3052,[1.]
3053,[0.]
3054,[0.]
3055,[11.]
3056,[1.]
3057,[5.]
3058,[0.]
3059,[0.]
3060,[1.]
3061,[0.]
3062,[0.]
3063,[0.]
3064,[1.]
3065,[18.]
3066,[11.]
3067,[0.]
3068,[9.]
3069,[7.]
3070,[7.]
3071,[3.]
3072,[4.]
3073,[3.]
3074,[3.]
3075,[0.]
3076,[0.]
3077,[0.]
3078,[4.]
3079,[6.]
3080,[7.]
3081,[1.]
3082,[5.]
3083,[1.]
3084,[1.]
3085,[2.]
3086,[2.]
3087,[3.]
3088,[3.]
3089,[2.]
3090,[0.]
3091,[0.]
3092,[0.]
3093,[3.]
3094,[3.]
3095,[7.]
3096,[0.]
3097,[0.]
3098,[3.]
3099,[3.]
3100,[0.]
3101,[9.]
3102,[3.]
3103,[0.]
3104,[1.]
3105,[5.]
3106,[9.]
3107,[1.]
3108,[3.]
3109,[0.]
3110,[0.]
3111,[0.]
3112,[4.]
3113,[1.]
3114,[0.]
3115,[10.]
3116,[2.]
3117,[3.]
3118,[3.]
3119,[0.]
3120,[0.]
3121,[0.]
3122,[0.]
3123,[8.]
3124,[2.]
3125,[0.]
3126,[0.]
3127,[7.]
3128,[12.]
3129,[1.]
3130,[0.]
3131,[0.]
3132,[0.]
3133,[1.]
3134,[1.]
3135,[12.]
3136,[0.]
3137,[1.]
3138,[0.]
3139,[4.]
3140,[3.]
3141,[4.]
3142,[8.]
3143,[0.]
3144,[0.]
3145,[0.]
3146,[0.]
3147,[6.]
3148,[12.]
3149,[18.]
3150,[0.]
3151,[0.]
3152,[1.]
3153,[7.]
3154,[3.]
3155,[11.]
3156,[0.]
3157,[0.]
3158,[0.]
3159,[7.]
3160,[0.]
3161,[5.]
3162,[8.]
3163,[7.]
3164,[4.]
3165,[0.]
3166,[10.]
3167,[4.]
3168,[4.]
3169,[0.]
3170,[3.]
3171,[0.]
3172,[3.]
3173,[11.]
3174,[1.]
3175,[0.]
3176,[4.]
3177,[0.]
3178,[0.]
3179,[0.]
3180,[4.]
3181,[0.]
3182,[17.]
3183,[4.]
3184,[0.]
3185,[1.]
3186,[1.]
3187,[0.]
3188,[1.]
3189,[0.]
3190,[1.]
3191,[0.]
3192,[0.]
3193,[1.]
3194,[1.]
3195,[1.]
3196,[7.]
3197,[8.]
3198,[5.]
3199,[3.]
3200,[3.]
3201,[1.]
3202,[4.]
3203,[1.]
3204,[3.]
3205,[0.]
3206,[10.]
3207,[6.]
3208,[7.]
3209,[4.]
3210,[0.]
3211,[7.]
3212,[7.]
3213,[0.]
3214,[5.]
3215,[0.]
3216,[0.]
3217,[0.]
3218,[4.]
3219,[1.]
3220,[0.]
3221,[8.]
3222,[0.]
3223,[0.]
3224,[1.]
3225,[0.]
3226,[1.]
3227,[0.]
3228,[5.]
3229,[1.]
3230,[0.]
3231,[1.]
3232,[1.]
3233,[0.]
3234,[10.]
3235,[0.]
3236,[3.]
3237,[0.]
3238,[3.]
3239,[3.]
3240,[0.]
3241,[8.]
3242,[0.]
3243,[4.]
3244,[4.]
3245,[0.]
3246,[9.]
3247,[2.]
3248,[10.]
3249,[5.]
3250,[7.]
3251,[6.]
3252,[10.]
3253,[0.]
3254,[4.]
3255,[0.]
3256,[0.]
3257,[1.]
3258,[6.]
3259,[4.]
3260,[1.]
3261,[0.]
3262,[6.]
3263,[3.]
3264,[1.]
3265,[6.]
3266,[0.]
3267,[7.]
3268,[0.]
3269,[0.]
3270,[1.]
3271,[6.]
3272,[0.]
3273,[0.]
3274,[1.]
3275,[0.]
3276,[2.]
3277,[0.]
3278,[0.]
3279,[0.]
3280,[3.]
3281,[8.]
3282,[0.]
3283,[0.]
3284,[7.]
3285,[0.]
3286,[3.]
3287,[16.]
3288,[0.]
3289,[0.]
3290,[0.]
3291,[3.]
3292,[3.]
3293,[0.]
3294,[6.]
3295,[7.]
3296,[0.]
3297,[8.]
3298,[0.]
3299,[8.]
3300,[0.]
3301,[0.]
3302,[0.]
3303,[2.]
3304,[0.]
3305,[5.]
3306,[1.]
3307,[4.]
3308,[14.]
3309,[0.]
3310,[3.]
3311,[0.]
3312,[0.]
3313,[5.]
3314,[0.]
3315,[0.]
3316,[0.]
3317,[9.]
3318,[1.]
3319,[0.]
3320,[5.]
3321,[0.]
3322,[1.]
3323,[3.]
3324,[1.]
3325,[0.]
3326,[1.]
3327,[3.]
3328,[3.]
3329,[0.]
3330,[0.]
3331,[3.]
3332,[4.]
3333,[4.]
3334,[2.]
3335,[0.]
3336,[11.]
3337,[7.]
3338,[0.]
3339,[0.]
3340,[0.]
3341,[8.]
3342,[0.]
3343,[0.]
3344,[0.]
3345,[0.]
3346,[3.]
3347,[4.]
3348,[1.]
3349,[13.]
3350,[1.]
3351,[1.]
3352,[1.]
3353,[0.]
3354,[0.]
3355,[0.]
3356,[0.]
3357,[0.]
3358,[0.]
3359,[1.]
3360,[0.]
3361,[0.]
3362,[0.]
3363,[3.]
3364,[0.]
3365,[7.]
3366,[0.]
3367,[3.]
3368,[0.]
3369,[1.]
3370,[3.]
3371,[1.]
3372,[0.]
3373,[3.]
3374,[0.]
3375,[3.]
3376,[3.]
3377,[9.]
3378,[0.]
3379,[4.]
3380,[0.]
3381,[7.]
3382,[0.]
3383,[0.]
3384,[0.]
3385,[0.]
3386,[3.]
3387,[0.]
3388,[6.]
3389,[8.]
3390,[0.]
3391,[0.]
3392,[0.]
3393,[3.]
3394,[0.]
3395,[1.]
3396,[2.]
3397,[8.]
3398,[9.]
3399,[0.]
3400,[3.]
3401,[3.]
3402,[7.]
3403,[2.]
3404,[0.]
3405,[0.]
3406,[1.]
3407,[0.]
3408,[0.]
3409,[6.]
3410,[3.]
3411,[6.]
3412,[0.]
3413,[3.]
3414,[0.]
3415,[4.]
3416,[4.]
3417,[3.]
3418,[3.]
3419,[0.]
3420,[1.]
3421,[1.]
3422,[0.]
3423,[10.]
3424,[0.]
3425,[0.]
3426,[1.]
3427,[0.]
3428,[1.]
3429,[0.]
3430,[0.]
3431,[0.]
3432,[0.]
3433,[0.]
3434,[0.]
3435,[7.]
3436,[0.]
3437,[14.]
3438,[0.]
3439,[6.]
3440,[7.]
3441,[0.]
3442,[4.]
3443,[2.]
3444,[6.]
3445,[3.]
3446,[4.]
3447,[0.]
3448,[5.]
3449,[1.]
3450,[0.]
3451,[9.]
3452,[7.]
3453,[0.]
3454,[3.]
3455,[0.]
3456,[4.]
3457,[1.]
3458,[1.]
3459,[3.]
3460,[6.]
3461,[3.]
3462,[12.]
3463,[5.]
3464,[1.]
3465,[0.]
3466,[0.]
3467,[1.]
3468,[0.]
3469,[3.]
3470,[3.]
3471,[6.]
3472,[3.]
3473,[0.]
3474,[0.]
3475,[9.]
3476,[4.]
3477,[3.]
3478,[2.]
3479,[8.]
3480,[0.]
3481,[3.]
3482,[4.]
3483,[0.]
3484,[8.]
3485,[1.]
3486,[0.]
3487,[3.]
3488,[9.]
3489,[0.]
3490,[4.]
3491,[0.]
3492,[3.]
3493,[0.]
3494,[0.]
3495,[5.]
3496,[1.]
3497,[0.]
3498,[0.]
3499,[0.]
3500,[7.]
3501,[1.]
3502,[1.]
3503,[1.]
3504,[3.]
3505,[4.]
3506,[6.]
3507,[0.]
3508,[3.]
3509,[1.]
3510,[1.]
3511,[8.]
3512,[0.]
3513,[4.]
3514,[0.]
3515,[7.]
3516,[9.]
3517,[12.]
3518,[4.]
3519,[0.]
3520,[0.]
3521,[7.]
3522,[0.]
3523,[0.]
3524,[0.]
3525,[1.]
3526,[9.]
3527,[3.]
3528,[1.]
3529,[1.]
3530,[0.]
3531,[5.]
3532,[0.]
3533,[0.]
3534,[8.]
3535,[0.]
3536,[0.]
3537,[0.]
3538,[0.]
3539,[0.]
3540,[0.]
3541,[3.]
3542,[9.]
3543,[3.]
3544,[4.]
3545,[3.]
3546,[0.]
3547,[2.]
3548,[3.]
3549,[3.]
3550,[7.]
3551,[3.]
3552,[0.]
3553,[1.]
3554,[2.]
3555,[0.]
3556,[4.]
3557,[0.]
3558,[5.]
3559,[6.]
3560,[0.]
3561,[3.]
3562,[0.]
3563,[3.]
3564,[4.]
3565,[21.]
3566,[6.]
3567,[0.]
3568,[7.]
3569,[1.]
3570,[2.]
3571,[4.]
3572,[3.]
3573,[8.]
3574,[0.]
3575,[2.]
3576,[1.]
3577,[0.]
3578,[3.]
3579,[0.]
3580,[6.]
3581,[0.]
3582,[4.]
3583,[1.]
3584,[9.]
3585,[0.]
3586,[13.]
3587,[1.]
3588,[1.]
3589,[0.]
3590,[1.]
3591,[3.]
3592,[3.]
3593,[0.]
3594,[2.]
3595,[10.]
3596,[4.]
3597,[4.]
3598,[0.]
3599,[0.]
3600,[0.]
3601,[5.]
3602,[0.]
3603,[17.]
3604,[0.]
3605,[0.]
3606,[7.]
3607,[3.]
3608,[0.]
3609,[3.]
3610,[4.]
3611,[1.]
3612,[0.]
3613,[14.]
3614,[5.]
3615,[2.]
3616,[1.]
3617,[0.]
3618,[1.]
3619,[2.]
3620,[6.]
3621,[3.]
3622,[0.]
3623,[3.]
3624,[1.]
3625,[0.]
3626,[0.]
3627,[0.]
3628,[4.]
3629,[3.]
3630,[3.]
3631,[10.]
3632,[0.]
3633,[0.]
3634,[1.]
3635,[6.]
3636,[3.]
3637,[11.]
3638,[4.]
3639,[7.]
3640,[3.]
3641,[0.]
3642,[0.]
3643,[1.]
3644,[4.]
3645,[1.]
3646,[0.]
3647,[6.]
3648,[3.]
3649,[3.]
3650,[3.]
3651,[0.]
3652,[1.]
3653,[0.]
3654,[0.]
3655,[0.]
3656,[1.]
3657,[3.]
3658,[1.]
3659,[1.]
3660,[3.]
3661,[0.]
3662,[6.]
3663,[0.]
3664,[0.]
3665,[1.]
3666,[2.]
3667,[0.]
3668,[4.]
3669,[3.]
3670,[0.]
3671,[0.]
3672,[19.]
3673,[0.]
3674,[4.]
3675,[3.]
3676,[6.]
3677,[4.]
3678,[1.]
3679,[0.]
3680,[0.]
3681,[4.]
3682,[3.]
3683,[1.]
3684,[3.]
3685,[0.]
3686,[6.]
3687,[3.]
3688,[5.]
3689,[4.]
3690,[1.]
3691,[5.]
3692,[5.]
3693,[10.]
3694,[0.]
3695,[5.]
3696,[8.]
3697,[10.]
3698,[0.]
3699,[1.]
3700,[0.]
3701,[7.]
3702,[0.]
3703,[6.]
3704,[0.]
3705,[11.]
3706,[1.]
3707,[0.]
3708,[0.]
3709,[1.]
3710,[4.]
3711,[13.]
3712,[16.]
3713,[0.]
3714,[2.]
3715,[14.]
3716,[3.]
3717,[1.]
3718,[9.]
3719,[8.]
3720,[0.]
3721,[0.]
3722,[6.]
3723,[1.]
3724,[10.]
3725,[0.]
3726,[0.]
3727,[3.]
3728,[0.]
3729,[10.]
3730,[0.]
3731,[0.]
3732,[0.]
3733,[0.]
3734,[0.]
3735,[0.]
3736,[3.]
3737,[7.]
3738,[0.]
3739,[9.]
3740,[6.]
3741,[3.]
3742,[0.]
3743,[1.]
3744,[0.]
3745,[3.]
3746,[0.]
3747,[0.]
3748,[1.]
3749,[0.]
3750,[4.]
3751,[5.]
3752,[3.]
3753,[0.]
3754,[4.]
3755,[3.]
3756,[6.]
3757,[0.]
3758,[0.]
3759,[3.]
3760,[0.]
3761,[2.]
3762,[0.]
3763,[0.]
3764,[0.]
3765,[4.]
3766,[6.]
3767,[1.]
3768,[6.]
3769,[3.]
3770,[0.]
3771,[3.]
3772,[0.]
3773,[2.]
3774,[0.]
3775,[0.]
3776,[3.]
3777,[1.]
3778,[1.]
3779,[0.]
3780,[5.]
3781,[5.]
3782,[2.]
3783,[5.]
3784,[8.]
3785,[5.]
3786,[0.]
3787,[1.]
3788,[8.]
3789,[1.]
3790,[10.]
3791,[3.]
3792,[0.]
3793,[4.]
3794,[3.]
3795,[3.]
3796,[0.]
3797,[3.]
3798,[0.]
3799,[2.]
3800,[12.]
3801,[0.]
3802,[0.]
3803,[3.]
3804,[1.]
3805,[0.]
3806,[0.]
3807,[2.]
3808,[7.]
3809,[3.]
3810,[0.]
3811,[3.]
3812,[6.]
3813,[4.]
3814,[0.]
3815,[0.]
3816,[0.]
3817,[0.]
3818,[3.]
3819,[0.]
3820,[4.]
3821,[1.]
3822,[0.]
3823,[3.]
3824,[6.]
3825,[0.]
3826,[1.]
3827,[6.]
3828,[3.]
3829,[3.]
3830,[2.]
3831,[3.]
3832,[4.]
3833,[0.]
3834,[12.]
3835,[1.]
3836,[0.]
3837,[3.]
3838,[0.]
3839,[0.]
3840,[4.]
3841,[0.]
3842,[0.]
3843,[1.]
3844,[0.]
3845,[0.]
3846,[5.]
3847,[7.]
3848,[3.]
3849,[0.]
3850,[5.]
3851,[0.]
3852,[3.]
3853,[4.]
3854,[7.]
3855,[1.]
3856,[9.]
3857,[0.]
3858,[0.]
3859,[0.]
3860,[0.]
3861,[0.]
3862,[4.]
3863,[14.]
3864,[0.]
3865,[4.]
3866,[1.]
3867,[3.]
3868,[3.]
3869,[0.]
3870,[3.]
3871,[0.]
3872,[3.]
3873,[5.]
3874,[1.]
3875,[1.]
3876,[6.]
3877,[0.]
3878,[0.]
3879,[0.]
3880,[1.]
3881,[1.]
3882,[0.]
3883,[1.]
3884,[0.]
3885,[13.]
3886,[13.]
3887,[0.]
3888,[6.]
3889,[0.]
3890,[0.]
3891,[0.]
3892,[1.]
3893,[0.]
3894,[0.]
3895,[0.]
3896,[0.]
3897,[0.]
3898,[0.]
3899,[4.]
3900,[0.]
3901,[0.]
3902,[3.]
3903,[0.]
3904,[4.]
3905,[9.]
3906,[0.]
3907,[0.]
3908,[2.]
3909,[3.]
3910,[0.]
3911,[9.]
3912,[0.]
3913,[1.]
3914,[8.]
3915,[1.]
3916,[7.]
3917,[4.]
3918,[0.]
3919,[3.]
3920,[0.]
3921,[0.]
3922,[3.]
3923,[1.]
3924,[5.]
3925,[5.]
3926,[9.]
3927,[1.]
3928,[4.]
3929,[0.]
3930,[0.]
3931,[0.]
3932,[3.]
3933,[4.]
3934,[24.]
3935,[0.]
3936,[2.]
3937,[1.]
3938,[3.]
3939,[1.]
3940,[1.]
3941,[6.]
3942,[1.]
3943,[0.]
3944,[3.]
3945,[0.]
3946,[0.]
3947,[0.]
3948,[0.]
3949,[4.]
3950,[6.]
3951,[0.]
3952,[0.]
3953,[3.]
3954,[3.]
3955,[0.]
3956,[0.]
3957,[8.]
3958,[1.]
3959,[9.]
3960,[0.]
3961,[5.]
3962,[0.]
3963,[1.]
3964,[9.]
3965,[0.]
3966,[0.]
3967,[0.]
3968,[1.]
3969,[5.]
3970,[7.]
3971,[0.]
3972,[0.]
3973,[0.]
3974,[0.]
3975,[3.]
3976,[7.]
3977,[4.]
3978,[0.]
3979,[0.]
3980,[0.]
3981,[0.]
3982,[0.]
3983,[2.]
3984,[0.]
3985,[10.]
3986,[3.]
3987,[0.]
3988,[11.]
3989,[0.]
3990,[10.]
3991,[1.]
3992,[0.]
3993,[0.]
3994,[0.]
3995,[3.]
3996,[9.]
3997,[0.]
3998,[1.]
3999,[0.]
4000,[1.]
4001,[0.]
4002,[10.]
4003,[0.]
4004,[1.]
4005,[0.]
4006,[4.]
4007,[1.]
4008,[0.]
4009,[8.]
4010,[0.]
4011,[0.]
4012,[2.]
4013,[0.]
4014,[0.]
4015,[0.]
4016,[10.]
4017,[6.]
4018,[1.]
4019,[5.]
4020,[0.]
4021,[3.]
4022,[1.]
4023,[16.]
4024,[0.]
4025,[6.]
4026,[3.]
4027,[0.]
4028,[9.]
4029,[3.]
4030,[0.]
4031,[0.]
4032,[0.]
4033,[9.]
4034,[0.]
4035,[0.]
4036,[3.]
4037,[4.]
4038,[0.]
4039,[0.]
4040,[3.]
4041,[0.]
4042,[7.]
4043,[4.]
4044,[3.]
4045,[6.]
4046,[15.]
4047,[0.]
4048,[5.]
4049,[7.]
4050,[3.]
4051,[0.]
4052,[2.]
4053,[4.]
4054,[4.]
4055,[3.]
4056,[0.]
4057,[3.]
4058,[6.]
4059,[0.]
4060,[3.]
4061,[5.]
4062,[0.]
4063,[0.]
4064,[2.]
4065,[1.]
4066,[1.]
4067,[6.]
4068,[0.]
4069,[0.]
4070,[12.]
4071,[4.]
4072,[3.]
4073,[9.]
4074,[0.]
4075,[1.]
4076,[0.]
4077,[0.]
4078,[0.]
4079,[0.]
4080,[0.]
4081,[3.]
4082,[0.]
4083,[0.]
4084,[3.]
4085,[7.]
4086,[0.]
4087,[5.]
4088,[3.]
4089,[0.]
4090,[0.]
4091,[11.]
4092,[0.]
4093,[0.]
4094,[0.]
4095,[3.]
4096,[1.]
4097,[0.]
4098,[0.]
4099,[1.]
4100,[7.]
4101,[3.]
4102,[0.]
4103,[3.]
4104,[0.]
4105,[0.]
4106,[12.]
4107,[1.]
4108,[0.]
4109,[0.]
4110,[5.]
4111,[0.]
4112,[0.]
4113,[15.]
4114,[4.]
4115,[10.]
4116,[8.]
4117,[13.]
4118,[0.]
4119,[0.]
4120,[0.]
4121,[0.]
4122,[3.]
4123,[1.]
4124,[0.]
4125,[7.]
4126,[2.]
4127,[0.]
4128,[0.]
4129,[3.]
4130,[2.]
4131,[8.]
4132,[1.]
4133,[0.]
4134,[0.]
4135,[0.]
4136,[0.]
4137,[3.]
4138,[3.]
4139,[1.]
4140,[4.]
4141,[0.]
4142,[3.]
4143,[1.]
4144,[3.]
4145,[1.]
4146,[8.]
4147,[6.]
4148,[0.]
4149,[3.]
4150,[5.]
4151,[2.]
4152,[2.]
4153,[1.]
4154,[6.]
4155,[14.]
4156,[0.]
4157,[0.]
4158,[13.]
4159,[0.]
4160,[9.]
4161,[0.]
4162,[8.]
4163,[3.]
4164,[0.]
4165,[0.]
4166,[0.]
4167,[0.]
4168,[0.]
4169,[0.]
4170,[1.]
4171,[3.]
4172,[3.]
4173,[3.]
4174,[7.]
4175,[10.]
4176,[0.]
4177,[3.]
4178,[3.]
4179,[0.]
4180,[0.]
4181,[7.]
4182,[0.]
4183,[0.]
4184,[1.]
4185,[0.]
4186,[0.]
4187,[0.]
4188,[6.]
4189,[7.]
4190,[6.]
4191,[3.]
4192,[0.]
4193,[3.]
4194,[0.]
4195,[3.]
4196,[0.]
4197,[1.]
4198,[0.]
4199,[0.]
4200,[0.]
4201,[0.]
4202,[3.]
4203,[8.]
4204,[1.]
4205,[0.]
4206,[1.]
4207,[0.]
4208,[5.]
4209,[0.]
4210,[0.]
4211,[0.]
4212,[3.]
4213,[0.]
4214,[0.]
4215,[4.]
4216,[0.]
4217,[4.]
4218,[2.]
4219,[3.]
4220,[0.]
4221,[3.]
4222,[0.]
4223,[0.]
4224,[0.]
4225,[3.]
4226,[3.]
4227,[0.]
4228,[0.]
4229,[3.]
4230,[1.]
4231,[14.]
4232,[0.]
4233,[4.]
4234,[7.]
4235,[0.]
4236,[3.]
4237,[1.]
4238,[3.]
4239,[0.]
4240,[5.]
4241,[3.]
4242,[0.]
4243,[1.]
4244,[3.]
4245,[6.]
4246,[0.]
4247,[0.]
4248,[7.]
4249,[0.]
4250,[5.]
4251,[8.]
4252,[0.]
4253,[16.]
4254,[1.]
4255,[0.]
4256,[0.]
4257,[4.]
4258,[10.]
4259,[5.]
4260,[3.]
4261,[3.]
4262,[0.]
4263,[5.]
4264,[4.]
4265,[8.]
4266,[3.]
4267,[0.]
4268,[0.]
4269,[11.]
4270,[7.]
4271,[1.]
4272,[0.]
4273,[1.]
4274,[0.]
4275,[4.]
4276,[0.]
4277,[0.]
4278,[0.]
4279,[4.]
4280,[1.]
4281,[4.]
4282,[4.]
4283,[3.]
4284,[0.]
4285,[1.]
4286,[0.]
4287,[0.]
4288,[6.]
4289,[6.]
4290,[4.]
4291,[5.]
4292,[0.]
4293,[5.]
4294,[6.]
4295,[2.]
4296,[4.]
4297,[8.]
4298,[0.]
4299,[1.]
4300,[4.]
4301,[1.]
4302,[0.]
4303,[10.]
4304,[6.]
4305,[5.]
4306,[0.]
4307,[0.]
4308,[11.]
4309,[8.]
4310,[5.]
4311,[4.]
4312,[0.]
4313,[0.]
4314,[0.]
4315,[0.]
4316,[4.]
4317,[3.]
4318,[0.]
4319,[7.]
4320,[0.]
4321,[9.]
4322,[0.]
4323,[3.]
4324,[0.]
4325,[0.]
4326,[0.]
4327,[0.]
4328,[0.]
4329,[4.]
4330,[3.]
4331,[0.]
4332,[1.]
4333,[3.]
4334,[2.]
4335,[0.]
4336,[1.]
4337,[6.]
4338,[3.]
4339,[9.]
4340,[3.]
4341,[0.]
4342,[3.]
4343,[0.]
4344,[6.]
4345,[0.]
4346,[0.]
4347,[0.]
4348,[4.]
4349,[5.]
4350,[0.]
4351,[3.]
4352,[14.]
4353,[3.]
4354,[7.]
4355,[0.]
4356,[6.]
4357,[0.]
4358,[3.]
4359,[0.]
4360,[4.]
4361,[0.]
4362,[7.]
4363,[3.]
4364,[4.]
4365,[0.]
4366,[3.]
4367,[4.]
4368,[0.]
4369,[0.]
4370,[0.]
4371,[0.]
4372,[9.]
4373,[3.]
4374,[9.]
4375,[0.]
4376,[0.]
4377,[1.]
4378,[3.]
4379,[1.]
4380,[3.]
4381,[0.]
4382,[6.]
4383,[0.]
4384,[0.]
4385,[0.]
4386,[0.]
4387,[1.]
4388,[0.]
4389,[5.]
4390,[0.]
4391,[3.]
4392,[8.]
4393,[2.]
4394,[0.]
4395,[0.]
4396,[8.]
4397,[2.]
4398,[6.]
4399,[9.]
4400,[4.]
4401,[1.]
4402,[1.]
4403,[0.]
4404,[0.]
4405,[0.]
4406,[7.]
4407,[0.]
4408,[9.]
4409,[4.]
4410,[1.]
4411,[0.]
4412,[1.]
4413,[0.]
4414,[0.]
4415,[3.]
4416,[4.]
4417,[1.]
4418,[1.]
4419,[0.]
4420,[3.]
4421,[0.]
4422,[0.]
4423,[6.]
4424,[7.]
4425,[7.]
4426,[5.]
4427,[3.]
4428,[27.]
4429,[9.]
4430,[0.]
4431,[0.]
4432,[0.]
4433,[7.]
4434,[5.]
4435,[2.]
4436,[4.]
4437,[0.]
4438,[2.]
4439,[0.]
4440,[0.]
4441,[10.]
4442,[6.]
4443,[0.]
4444,[3.]
4445,[5.]
4446,[0.]
4447,[1.]
4448,[0.]
4449,[2.]
4450,[1.]
4451,[0.]
4452,[3.]
4453,[3.]
4454,[0.]
4455,[0.]
4456,[4.]
4457,[1.]
4458,[5.]
4459,[4.]
4460,[6.]
4461,[0.]
4462,[3.]
4463,[1.]
4464,[0.]
4465,[13.]
4466,[1.]
4467,[9.]
4468,[0.]
4469,[0.]
4470,[1.]
4471,[4.]
4472,[0.]
4473,[3.]
4474,[1.]
4475,[0.]
4476,[3.]
4477,[4.]
4478,[7.]
4479,[9.]
4480,[3.]
4481,[1.]
4482,[1.]
4483,[0.]
4484,[0.]
4485,[0.]
4486,[4.]
4487,[4.]
4488,[4.]
4489,[0.]
4490,[4.]
4491,[0.]
4492,[0.]
4493,[0.]
4494,[0.]
4495,[3.]
4496,[5.]
4497,[0.]
4498,[1.]
4499,[0.]
4500,[0.]
4501,[5.]
4502,[2.]
4503,[0.]
4504,[5.]
4505,[0.]
4506,[0.]
4507,[0.]
4508,[0.]
4509,[3.]
4510,[1.]
4511,[0.]
4512,[0.]
4513,[0.]
4514,[7.]
4515,[1.]
4516,[0.]
4517,[0.]
4518,[6.]
4519,[3.]
4520,[0.]
4521,[3.]
4522,[3.]
4523,[0.]
4524,[0.]
4525,[0.]
4526,[0.]
4527,[4.]
4528,[0.]
4529,[0.]
4530,[0.]
4531,[4.]
4532,[0.]
4533,[7.]
4534,[0.]
4535,[0.]
4536,[0.]
4537,[0.]
4538,[0.]
4539,[1.]
4540,[12.]
4541,[6.]
4542,[0.]
4543,[0.]
4544,[0.]
4545,[10.]
4546,[7.]
4547,[3.]
4548,[1.]
4549,[1.]
4550,[4.]
4551,[4.]
4552,[9.]
4553,[0.]
4554,[5.]
4555,[0.]
4556,[0.]
4557,[5.]
4558,[0.]
4559,[4.]
4560,[13.]
4561,[0.]
4562,[0.]
4563,[0.]
4564,[0.]
4565,[3.]
4566,[1.]
4567,[0.]
4568,[4.]
4569,[0.]
4570,[3.]
4571,[1.]
4572,[0.]
4573,[1.]
4574,[3.]
4575,[6.]
4576,[3.]
4577,[1.]
4578,[0.]
4579,[0.]
4580,[1.]
4581,[9.]
4582,[7.]
4583,[1.]
4584,[0.]
4585,[12.]
4586,[7.]
4587,[7.]
4588,[3.]
4589,[0.]
4590,[0.]
4591,[0.]
4592,[4.]
4593,[2.]
4594,[3.]
4595,[1.]
4596,[4.]
4597,[10.]
4598,[0.]
4599,[3.]
4600,[1.]
4601,[2.]
4602,[13.]
4603,[0.]
4604,[8.]
4605,[11.]
4606,[3.]
4607,[0.]
4608,[1.]
4609,[11.]
4610,[3.]
4611,[3.]
4612,[1.]
4613,[1.]
4614,[0.]
4615,[8.]
4616,[0.]
4617,[4.]
4618,[0.]
4619,[0.]
4620,[0.]
4621,[0.]
4622,[4.]
4623,[3.]
4624,[1.]
4625,[0.]
4626,[4.]
4627,[18.]
4628,[1.]
4629,[0.]
4630,[5.]
4631,[0.]
4632,[1.]
4633,[4.]
4634,[13.]
4635,[6.]
4636,[5.]
4637,[0.]
4638,[4.]
4639,[0.]
4640,[3.]
4641,[0.]
4642,[3.]
4643,[0.]
4644,[15.]
4645,[1.]
4646,[7.]
4647,[2.]
4648,[5.]
4649,[10.]
4650,[0.]
4651,[6.]
4652,[0.]
4653,[0.]
4654,[0.]
4655,[0.]
4656,[2.]
4657,[0.]
4658,[3.]
4659,[9.]
4660,[4.]
4661,[3.]
4662,[0.]
4663,[9.]
4664,[2.]
4665,[3.]
4666,[6.]
4667,[0.]
4668,[3.]
4669,[0.]
4670,[5.]
4671,[3.]
4672,[6.]
4673,[0.]
4674,[3.]
4675,[3.]
4676,[3.]
4677,[4.]
4678,[0.]
4679,[5.]
4680,[0.]
4681,[2.]
4682,[0.]
4683,[7.]
4684,[1.]
4685,[3.]
4686,[0.]
4687,[0.]
4688,[0.]
4689,[0.]
4690,[0.]
4691,[2.]
4692,[1.]
4693,[0.]
4694,[1.]
4695,[0.]
4696,[0.]
4697,[6.]
4698,[1.]
4699,[0.]
4700,[0.]
4701,[5.]
4702,[8.]
4703,[6.]
4704,[0.]
4705,[3.]
4706,[4.]
4707,[0.]
4708,[6.]
4709,[0.]
4710,[0.]
4711,[3.]
4712,[1.]
4713,[3.]
4714,[12.]
4715,[0.]
4716,[1.]
4717,[0.]
4718,[2.]
4719,[0.]
4720,[0.]
4721,[1.]
4722,[6.]
4723,[9.]
4724,[0.]
4725,[0.]
4726,[1.]
4727,[10.]
4728,[3.]
4729,[0.]
4730,[0.]
4731,[0.]
4732,[0.]
4733,[0.]
4734,[4.]
4735,[2.]
4736,[1.]
4737,[0.]
4738,[1.]
4739,[1.]
4740,[14.]
4741,[2.]
4742,[6.]
4743,[0.]
4744,[8.]
4745,[3.]
4746,[4.]
4747,[13.]
4748,[6.]
4749,[6.]
4750,[1.]
4751,[9.]
4752,[1.]
4753,[0.]
4754,[0.]
4755,[1.]
4756,[2.]
4757,[0.]
4758,[0.]
4759,[1.]
4760,[0.]
4761,[4.]
4762,[0.]
4763,[0.]
4764,[6.]
4765,[3.]
4766,[3.]
4767,[0.]
4768,[4.]
4769,[0.]
4770,[5.]
4771,[0.]
4772,[1.]
4773,[0.]
4774,[0.]
4775,[4.]
4776,[7.]
4777,[6.]
4778,[1.]
4779,[4.]
4780,[4.]
4781,[0.]
4782,[0.]
4783,[0.]
4784,[9.]
4785,[4.]
4786,[3.]
4787,[1.]
4788,[4.]
4789,[0.]
4790,[3.]
4791,[6.]
4792,[3.]
4793,[0.]
4794,[5.]
4795,[1.]
4796,[4.]
4797,[3.]
4798,[5.]
4799,[4.]
4800,[1.]
4801,[0.]
4802,[0.]
4803,[0.]
4804,[0.]
4805,[7.]
4806,[0.]
4807,[4.]
4808,[0.]
4809,[3.]
4810,[5.]
4811,[0.]
4812,[1.]
4813,[0.]
4814,[3.]
4815,[0.]
4816,[0.]
4817,[3.]
4818,[0.]
4819,[4.]
4820,[0.]
4821,[3.]
4822,[5.]
4823,[9.]
4824,[7.]
4825,[0.]
4826,[6.]
4827,[0.]
4828,[0.]
4829,[10.]
4830,[0.]
4831,[6.]
4832,[4.]
4833,[3.]
4834,[8.]
4835,[3.]
4836,[3.]
4837,[2.]
4838,[3.]
4839,[0.]
4840,[3.]
4841,[3.]
4842,[0.]
4843,[2.]
4844,[7.]
4845,[4.]
4846,[0.]
4847,[2.]
4848,[3.]
4849,[9.]
4850,[2.]
4851,[0.]
4852,[1.]
4853,[0.]
4854,[4.]
4855,[3.]
4856,[8.]
4857,[1.]
4858,[0.]
4859,[7.]
4860,[3.]
4861,[0.]
4862,[1.]
4863,[1.]
4864,[1.]
4865,[4.]
4866,[5.]
4867,[4.]
4868,[9.]
4869,[1.]
4870,[5.]
4871,[15.]
4872,[3.]
4873,[0.]
4874,[3.]
4875,[10.]
4876,[2.]
4877,[0.]
4878,[1.]
4879,[1.]
4880,[0.]
4881,[7.]
4882,[1.]
4883,[0.]
4884,[0.]
4885,[1.]
4886,[0.]
4887,[3.]
4888,[3.]
4889,[4.]
4890,[3.]
4891,[1.]
4892,[3.]
4893,[0.]
4894,[0.]
4895,[0.]
4896,[3.]
4897,[1.]
4898,[4.]
4899,[0.]
4900,[8.]
4901,[3.]
4902,[3.]
4903,[1.]
4904,[0.]
4905,[0.]
4906,[3.]
4907,[1.]
4908,[10.]
4909,[0.]
4910,[0.]
4911,[4.]
4912,[10.]
4913,[0.]
4914,[1.]
4915,[7.]
4916,[2.]
4917,[0.]
4918,[6.]
4919,[0.]
4920,[3.]
4921,[0.]
4922,[4.]
4923,[3.]
4924,[0.]
4925,[3.]
4926,[0.]
4927,[1.]
4928,[12.]
4929,[5.]
4930,[0.]
4931,[0.]
4932,[2.]
4933,[0.]
4934,[2.]
4935,[4.]
4936,[0.]
4937,[0.]
4938,[0.]
4939,[5.]
4940,[3.]
4941,[10.]
4942,[0.]
4943,[0.]
4944,[0.]
4945,[3.]
4946,[0.]
4947,[0.]
4948,[1.]
4949,[1.]
4950,[4.]
4951,[0.]
4952,[11.]
4953,[8.]
4954,[1.]
4955,[4.]
4956,[0.]
4957,[6.]
4958,[0.]
4959,[0.]
4960,[1.]
4961,[0.]
4962,[1.]
4963,[8.]
4964,[1.]
4965,[16.]
4966,[0.]
4967,[0.]
4968,[2.]
4969,[3.]
4970,[0.]
4971,[0.]
4972,[4.]
4973,[3.]
4974,[11.]
4975,[0.]
4976,[9.]
4977,[0.]
4978,[3.]
4979,[5.]
4980,[3.]
4981,[3.]
4982,[0.]
4983,[0.]
4984,[3.]
4985,[0.]
4986,[3.]
4987,[2.]
4988,[3.]
4989,[0.]
4990,[0.]
4991,[0.]
4992,[0.]
4993,[0.]
4994,[1.]
4995,[17.]
4996,[3.]
4997,[3.]
4998,[0.]
4999,[0.]
5000,[0.]
