Episodio,Puntaje
1,[0.]
2,[0.]
3,[1.]
4,[1.]
5,[8.]
6,[0.]
7,[0.]
8,[0.]
9,[4.]
10,[4.]
11,[0.]
12,[4.]
13,[9.]
14,[9.]
15,[0.]
16,[1.]
17,[3.]
18,[1.]
19,[7.]
20,[1.]
21,[0.]
22,[6.]
23,[3.]
24,[0.]
25,[0.]
26,[1.]
27,[1.]
28,[1.]
29,[12.]
30,[0.]
31,[1.]
32,[0.]
33,[0.]
34,[0.]
35,[0.]
36,[0.]
37,[0.]
38,[0.]
39,[0.]
40,[4.]
41,[0.]
42,[0.]
43,[3.]
44,[6.]
45,[3.]
46,[0.]
47,[6.]
48,[0.]
49,[0.]
50,[0.]
51,[0.]
52,[7.]
53,[1.]
54,[0.]
55,[0.]
56,[0.]
57,[6.]
58,[7.]
59,[0.]
60,[7.]
61,[0.]
62,[0.]
63,[0.]
64,[0.]
65,[0.]
66,[23.]
67,[3.]
68,[0.]
69,[1.]
70,[0.]
71,[0.]
72,[9.]
73,[1.]
74,[0.]
75,[7.]
76,[0.]
77,[4.]
78,[7.]
79,[6.]
80,[7.]
81,[0.]
82,[1.]
83,[0.]
84,[0.]
85,[10.]
86,[1.]
87,[9.]
88,[0.]
89,[0.]
90,[0.]
91,[0.]
92,[0.]
93,[0.]
94,[0.]
95,[0.]
96,[1.]
97,[0.]
98,[7.]
99,[4.]
100,[1.]
101,[12.]
102,[0.]
103,[0.]
104,[0.]
105,[0.]
106,[0.]
107,[1.]
108,[0.]
109,[3.]
110,[3.]
111,[1.]
112,[0.]
113,[0.]
114,[0.]
115,[0.]
116,[0.]
117,[5.]
118,[5.]
119,[0.]
120,[0.]
121,[0.]
122,[4.]
123,[0.]
124,[0.]
125,[5.]
126,[0.]
127,[0.]
128,[0.]
129,[3.]
130,[4.]
131,[3.]
132,[1.]
133,[1.]
134,[21.]
135,[4.]
136,[7.]
137,[3.]
138,[1.]
139,[3.]
140,[4.]
141,[0.]
142,[9.]
143,[0.]
144,[3.]
145,[0.]
146,[10.]
147,[0.]
148,[1.]
149,[0.]
150,[3.]
151,[0.]
152,[0.]
153,[1.]
154,[6.]
155,[3.]
156,[3.]
157,[3.]
158,[0.]
159,[6.]
160,[1.]
161,[1.]
162,[9.]
163,[1.]
164,[1.]
165,[9.]
166,[0.]
167,[4.]
168,[1.]
169,[4.]
170,[0.]
171,[4.]
172,[2.]
173,[2.]
174,[3.]
175,[1.]
176,[0.]
177,[3.]
178,[0.]
179,[0.]
180,[0.]
181,[0.]
182,[0.]
183,[0.]
184,[0.]
185,[0.]
186,[0.]
187,[0.]
188,[0.]
189,[0.]
190,[4.]
191,[9.]
192,[3.]
193,[0.]
194,[0.]
195,[0.]
196,[0.]
197,[6.]
198,[7.]
199,[0.]
200,[0.]
201,[1.]
202,[12.]
203,[1.]
204,[0.]
205,[13.]
206,[0.]
207,[0.]
208,[15.]
209,[2.]
210,[3.]
211,[4.]
212,[0.]
213,[3.]
214,[11.]
215,[4.]
216,[0.]
217,[3.]
218,[0.]
219,[2.]
220,[1.]
221,[0.]
222,[4.]
223,[0.]
224,[1.]
225,[0.]
226,[1.]
227,[0.]
228,[0.]
229,[0.]
230,[0.]
231,[7.]
232,[0.]
233,[0.]
234,[3.]
235,[0.]
236,[3.]
237,[4.]
238,[2.]
239,[1.]
240,[3.]
241,[10.]
242,[0.]
243,[1.]
244,[4.]
245,[0.]
246,[0.]
247,[0.]
248,[0.]
249,[8.]
250,[3.]
251,[0.]
252,[6.]
253,[1.]
254,[0.]
255,[0.]
256,[1.]
257,[0.]
258,[6.]
259,[1.]
260,[0.]
261,[17.]
262,[3.]
263,[0.]
264,[0.]
265,[3.]
266,[11.]
267,[0.]
268,[1.]
269,[3.]
270,[0.]
271,[0.]
272,[3.]
273,[0.]
274,[0.]
275,[0.]
276,[4.]
277,[2.]
278,[1.]
279,[0.]
280,[0.]
281,[0.]
282,[1.]
283,[0.]
284,[0.]
285,[0.]
286,[9.]
287,[0.]
288,[0.]
289,[7.]
290,[7.]
291,[0.]
292,[6.]
293,[4.]
294,[4.]
295,[0.]
296,[7.]
297,[0.]
298,[1.]
299,[4.]
300,[0.]
301,[0.]
302,[0.]
303,[1.]
304,[0.]
305,[3.]
306,[0.]
307,[4.]
308,[0.]
309,[0.]
310,[0.]
311,[3.]
312,[3.]
313,[31.]
314,[0.]
315,[0.]
316,[0.]
317,[3.]
318,[8.]
319,[0.]
320,[8.]
321,[0.]
322,[3.]
323,[5.]
324,[0.]
325,[0.]
326,[0.]
327,[1.]
328,[0.]
329,[0.]
330,[12.]
331,[0.]
332,[12.]
333,[0.]
334,[1.]
335,[10.]
336,[3.]
337,[4.]
338,[0.]
339,[0.]
340,[0.]
341,[1.]
342,[4.]
343,[0.]
344,[14.]
345,[0.]
346,[4.]
347,[0.]
348,[7.]
349,[0.]
350,[7.]
351,[14.]
352,[0.]
353,[3.]
354,[6.]
355,[0.]
356,[0.]
357,[8.]
358,[0.]
359,[0.]
360,[0.]
361,[6.]
362,[0.]
363,[0.]
364,[1.]
365,[0.]
366,[0.]
367,[5.]
368,[3.]
369,[0.]
370,[8.]
371,[0.]
372,[0.]
373,[9.]
374,[0.]
375,[3.]
376,[0.]
377,[0.]
378,[6.]
379,[0.]
380,[0.]
381,[0.]
382,[10.]
383,[0.]
384,[4.]
385,[0.]
386,[0.]
387,[0.]
388,[0.]
389,[3.]
390,[3.]
391,[3.]
392,[15.]
393,[1.]
394,[3.]
395,[3.]
396,[0.]
397,[6.]
398,[0.]
399,[4.]
400,[0.]
401,[1.]
402,[0.]
403,[0.]
404,[0.]
405,[0.]
406,[7.]
407,[1.]
408,[2.]
409,[17.]
410,[0.]
411,[0.]
412,[3.]
413,[0.]
414,[7.]
415,[0.]
416,[0.]
417,[0.]
418,[7.]
419,[0.]
420,[0.]
421,[1.]
422,[3.]
423,[0.]
424,[0.]
425,[0.]
426,[1.]
427,[7.]
428,[0.]
429,[0.]
430,[2.]
431,[0.]
432,[19.]
433,[1.]
434,[0.]
435,[2.]
436,[0.]
437,[5.]
438,[1.]
439,[1.]
440,[1.]
441,[0.]
442,[4.]
443,[3.]
444,[0.]
445,[1.]
446,[4.]
447,[3.]
448,[0.]
449,[0.]
450,[22.]
451,[5.]
452,[3.]
453,[4.]
454,[3.]
455,[2.]
456,[0.]
457,[1.]
458,[0.]
459,[3.]
460,[4.]
461,[0.]
462,[5.]
463,[3.]
464,[0.]
465,[0.]
466,[0.]
467,[0.]
468,[0.]
469,[0.]
470,[0.]
471,[0.]
472,[1.]
473,[0.]
474,[0.]
475,[9.]
476,[8.]
477,[0.]
478,[0.]
479,[1.]
480,[0.]
481,[4.]
482,[3.]
483,[5.]
484,[10.]
485,[1.]
486,[1.]
487,[0.]
488,[6.]
489,[3.]
490,[6.]
491,[0.]
492,[0.]
493,[0.]
494,[3.]
495,[1.]
496,[0.]
497,[3.]
498,[0.]
499,[23.]
500,[0.]
501,[0.]
502,[0.]
503,[0.]
504,[0.]
505,[4.]
506,[0.]
507,[7.]
508,[0.]
509,[6.]
510,[0.]
511,[0.]
512,[0.]
513,[0.]
514,[1.]
515,[0.]
516,[3.]
517,[0.]
518,[4.]
519,[3.]
520,[0.]
521,[1.]
522,[0.]
523,[1.]
524,[0.]
525,[6.]
526,[3.]
527,[0.]
528,[0.]
529,[1.]
530,[6.]
531,[3.]
532,[6.]
533,[0.]
534,[4.]
535,[0.]
536,[1.]
537,[1.]
538,[5.]
539,[4.]
540,[5.]
541,[0.]
542,[13.]
543,[0.]
544,[9.]
545,[0.]
546,[0.]
547,[0.]
548,[0.]
549,[0.]
550,[6.]
551,[0.]
552,[0.]
553,[0.]
554,[4.]
555,[1.]
556,[6.]
557,[8.]
558,[4.]
559,[10.]
560,[1.]
561,[0.]
562,[21.]
563,[1.]
564,[0.]
565,[1.]
566,[0.]
567,[0.]
568,[12.]
569,[0.]
570,[0.]
571,[0.]
572,[11.]
573,[0.]
574,[1.]
575,[8.]
576,[1.]
577,[0.]
578,[0.]
579,[0.]
580,[0.]
581,[2.]
582,[6.]
583,[15.]
584,[0.]
585,[2.]
586,[1.]
587,[0.]
588,[0.]
589,[4.]
590,[0.]
591,[0.]
592,[0.]
593,[0.]
594,[0.]
595,[0.]
596,[0.]
597,[3.]
598,[0.]
599,[11.]
600,[1.]
601,[0.]
602,[1.]
603,[2.]
604,[3.]
605,[0.]
606,[4.]
607,[4.]
608,[1.]
609,[3.]
610,[3.]
611,[0.]
612,[13.]
613,[16.]
614,[3.]
615,[0.]
616,[0.]
617,[5.]
618,[0.]
619,[3.]
620,[0.]
621,[0.]
622,[0.]
623,[0.]
624,[0.]
625,[1.]
626,[0.]
627,[1.]
628,[3.]
629,[0.]
630,[1.]
631,[0.]
632,[0.]
633,[4.]
634,[6.]
635,[0.]
636,[0.]
637,[0.]
638,[7.]
639,[4.]
640,[2.]
641,[0.]
642,[1.]
643,[10.]
644,[0.]
645,[0.]
646,[0.]
647,[3.]
648,[0.]
649,[0.]
650,[1.]
651,[1.]
652,[0.]
653,[0.]
654,[0.]
655,[0.]
656,[2.]
657,[5.]
658,[1.]
659,[0.]
660,[6.]
661,[0.]
662,[3.]
663,[1.]
664,[3.]
665,[9.]
666,[5.]
667,[0.]
668,[1.]
669,[0.]
670,[3.]
671,[6.]
672,[0.]
673,[0.]
674,[0.]
675,[1.]
676,[0.]
677,[3.]
678,[0.]
679,[0.]
680,[0.]
681,[0.]
682,[0.]
683,[0.]
684,[0.]
685,[1.]
686,[0.]
687,[4.]
688,[1.]
689,[0.]
690,[0.]
691,[0.]
692,[0.]
693,[4.]
694,[0.]
695,[0.]
696,[1.]
697,[4.]
698,[0.]
699,[3.]
700,[6.]
701,[0.]
702,[10.]
703,[3.]
704,[0.]
705,[0.]
706,[1.]
707,[7.]
708,[4.]
709,[0.]
710,[0.]
711,[5.]
712,[0.]
713,[0.]
714,[0.]
715,[1.]
716,[0.]
717,[0.]
718,[11.]
719,[1.]
720,[0.]
721,[0.]
722,[0.]
723,[0.]
724,[0.]
725,[0.]
726,[1.]
727,[0.]
728,[11.]
729,[1.]
730,[0.]
731,[0.]
732,[0.]
733,[0.]
734,[1.]
735,[0.]
736,[12.]
737,[0.]
738,[0.]
739,[0.]
740,[6.]
741,[4.]
742,[1.]
743,[1.]
744,[0.]
745,[0.]
746,[0.]
747,[0.]
748,[0.]
749,[0.]
750,[0.]
751,[1.]
752,[1.]
753,[0.]
754,[12.]
755,[3.]
756,[5.]
757,[0.]
758,[0.]
759,[4.]
760,[3.]
761,[3.]
762,[1.]
763,[0.]
764,[0.]
765,[0.]
766,[0.]
767,[7.]
768,[0.]
769,[3.]
770,[1.]
771,[0.]
772,[0.]
773,[0.]
774,[6.]
775,[0.]
776,[1.]
777,[0.]
778,[0.]
779,[0.]
780,[3.]
781,[0.]
782,[0.]
783,[0.]
784,[3.]
785,[17.]
786,[4.]
787,[4.]
788,[0.]
789,[0.]
790,[1.]
791,[9.]
792,[6.]
793,[5.]
794,[0.]
795,[6.]
796,[4.]
797,[3.]
798,[0.]
799,[3.]
800,[6.]
801,[0.]
802,[3.]
803,[3.]
804,[0.]
805,[4.]
806,[0.]
807,[3.]
808,[0.]
809,[2.]
810,[0.]
811,[0.]
812,[1.]
813,[0.]
814,[0.]
815,[3.]
816,[0.]
817,[0.]
818,[0.]
819,[0.]
820,[8.]
821,[0.]
822,[0.]
823,[10.]
824,[9.]
825,[0.]
826,[7.]
827,[0.]
828,[0.]
829,[5.]
830,[0.]
831,[11.]
832,[4.]
833,[0.]
834,[4.]
835,[0.]
836,[0.]
837,[0.]
838,[5.]
839,[1.]
840,[0.]
841,[4.]
842,[3.]
843,[1.]
844,[6.]
845,[0.]
846,[0.]
847,[0.]
848,[17.]
849,[1.]
850,[7.]
851,[0.]
852,[0.]
853,[1.]
854,[1.]
855,[0.]
856,[7.]
857,[4.]
858,[1.]
859,[0.]
860,[1.]
861,[0.]
862,[0.]
863,[3.]
864,[3.]
865,[0.]
866,[21.]
867,[0.]
868,[0.]
869,[1.]
870,[4.]
871,[1.]
872,[5.]
873,[0.]
874,[0.]
875,[0.]
876,[4.]
877,[0.]
878,[4.]
879,[0.]
880,[0.]
881,[0.]
882,[3.]
883,[10.]
884,[1.]
885,[5.]
886,[0.]
887,[0.]
888,[4.]
889,[4.]
890,[0.]
891,[9.]
892,[0.]
893,[1.]
894,[0.]
895,[0.]
896,[0.]
897,[0.]
898,[0.]
899,[9.]
900,[8.]
901,[0.]
902,[0.]
903,[1.]
904,[0.]
905,[0.]
906,[4.]
907,[3.]
908,[0.]
909,[0.]
910,[0.]
911,[0.]
912,[1.]
913,[3.]
914,[0.]
915,[0.]
916,[3.]
917,[0.]
918,[8.]
919,[4.]
920,[1.]
921,[0.]
922,[0.]
923,[0.]
924,[0.]
925,[0.]
926,[3.]
927,[6.]
928,[0.]
929,[0.]
930,[0.]
931,[0.]
932,[3.]
933,[4.]
934,[1.]
935,[0.]
936,[0.]
937,[0.]
938,[0.]
939,[12.]
940,[3.]
941,[11.]
942,[4.]
943,[10.]
944,[12.]
945,[0.]
946,[8.]
947,[0.]
948,[0.]
949,[4.]
950,[20.]
951,[1.]
952,[11.]
953,[0.]
954,[0.]
955,[6.]
956,[1.]
957,[0.]
958,[3.]
959,[17.]
960,[0.]
961,[3.]
962,[0.]
963,[2.]
964,[4.]
965,[3.]
966,[7.]
967,[0.]
968,[0.]
969,[0.]
970,[2.]
971,[0.]
972,[10.]
973,[0.]
974,[0.]
975,[0.]
976,[3.]
977,[3.]
978,[3.]
979,[0.]
980,[0.]
981,[6.]
982,[3.]
983,[1.]
984,[0.]
985,[0.]
986,[0.]
987,[10.]
988,[0.]
989,[0.]
990,[4.]
991,[0.]
992,[0.]
993,[0.]
994,[6.]
995,[6.]
996,[1.]
997,[0.]
998,[7.]
999,[10.]
1000,[0.]
1001,[3.]
1002,[4.]
1003,[0.]
1004,[3.]
1005,[9.]
1006,[0.]
1007,[3.]
1008,[1.]
1009,[0.]
1010,[0.]
1011,[0.]
1012,[1.]
1013,[0.]
1014,[3.]
1015,[0.]
1016,[4.]
1017,[0.]
1018,[1.]
1019,[0.]
1020,[0.]
1021,[5.]
1022,[2.]
1023,[3.]
1024,[0.]
1025,[0.]
1026,[7.]
1027,[0.]
1028,[0.]
1029,[0.]
1030,[0.]
1031,[3.]
1032,[0.]
1033,[0.]
1034,[4.]
1035,[9.]
1036,[0.]
1037,[0.]
1038,[0.]
1039,[4.]
1040,[0.]
1041,[0.]
1042,[0.]
1043,[3.]
1044,[1.]
1045,[6.]
1046,[0.]
1047,[6.]
1048,[4.]
1049,[3.]
1050,[0.]
1051,[8.]
1052,[1.]
1053,[0.]
1054,[0.]
1055,[7.]
1056,[0.]
1057,[4.]
1058,[0.]
1059,[3.]
1060,[8.]
1061,[0.]
1062,[3.]
1063,[0.]
1064,[3.]
1065,[0.]
1066,[1.]
1067,[0.]
1068,[0.]
1069,[3.]
1070,[0.]
1071,[0.]
1072,[1.]
1073,[3.]
1074,[0.]
1075,[0.]
1076,[0.]
1077,[4.]
1078,[3.]
1079,[0.]
1080,[0.]
1081,[0.]
1082,[4.]
1083,[0.]
1084,[2.]
1085,[0.]
1086,[3.]
1087,[1.]
1088,[0.]
1089,[0.]
1090,[3.]
1091,[0.]
1092,[3.]
1093,[0.]
1094,[2.]
1095,[6.]
1096,[3.]
1097,[6.]
1098,[0.]
1099,[0.]
1100,[11.]
1101,[0.]
1102,[0.]
1103,[0.]
1104,[1.]
1105,[0.]
1106,[1.]
1107,[0.]
1108,[2.]
1109,[0.]
1110,[3.]
1111,[2.]
1112,[3.]
1113,[1.]
1114,[0.]
1115,[0.]
1116,[0.]
1117,[0.]
1118,[0.]
1119,[0.]
1120,[0.]
1121,[1.]
1122,[0.]
1123,[6.]
1124,[0.]
1125,[0.]
1126,[1.]
1127,[3.]
1128,[0.]
1129,[1.]
1130,[0.]
1131,[0.]
1132,[10.]
1133,[0.]
1134,[10.]
1135,[1.]
1136,[3.]
1137,[3.]
1138,[4.]
1139,[4.]
1140,[0.]
1141,[0.]
1142,[0.]
1143,[0.]
1144,[0.]
1145,[0.]
1146,[0.]
1147,[3.]
1148,[3.]
1149,[0.]
1150,[0.]
1151,[0.]
1152,[2.]
1153,[0.]
1154,[0.]
1155,[0.]
1156,[0.]
1157,[13.]
1158,[0.]
1159,[4.]
1160,[3.]
1161,[0.]
1162,[1.]
1163,[5.]
1164,[0.]
1165,[0.]
1166,[2.]
1167,[0.]
1168,[3.]
1169,[0.]
1170,[5.]
1171,[3.]
1172,[1.]
1173,[0.]
1174,[1.]
1175,[0.]
1176,[0.]
1177,[0.]
1178,[4.]
1179,[0.]
1180,[0.]
1181,[3.]
1182,[1.]
1183,[3.]
1184,[4.]
1185,[1.]
1186,[4.]
1187,[20.]
1188,[0.]
1189,[0.]
1190,[0.]
1191,[0.]
1192,[4.]
1193,[25.]
1194,[0.]
1195,[0.]
1196,[0.]
1197,[0.]
1198,[0.]
1199,[0.]
1200,[11.]
1201,[0.]
1202,[0.]
1203,[3.]
1204,[0.]
1205,[2.]
1206,[4.]
1207,[0.]
1208,[0.]
1209,[0.]
1210,[3.]
1211,[3.]
1212,[1.]
1213,[0.]
1214,[0.]
1215,[0.]
1216,[0.]
1217,[4.]
1218,[0.]
1219,[3.]
1220,[1.]
1221,[0.]
1222,[0.]
1223,[3.]
1224,[0.]
1225,[0.]
1226,[3.]
1227,[0.]
1228,[14.]
1229,[3.]
1230,[1.]
1231,[0.]
1232,[0.]
1233,[4.]
1234,[6.]
1235,[0.]
1236,[0.]
1237,[0.]
1238,[8.]
1239,[0.]
1240,[1.]
1241,[1.]
1242,[0.]
1243,[3.]
1244,[3.]
1245,[3.]
1246,[7.]
1247,[7.]
1248,[0.]
1249,[1.]
1250,[8.]
1251,[3.]
1252,[0.]
1253,[0.]
1254,[0.]
1255,[8.]
1256,[0.]
1257,[3.]
1258,[3.]
1259,[4.]
1260,[10.]
1261,[0.]
1262,[1.]
1263,[0.]
1264,[3.]
1265,[0.]
1266,[0.]
1267,[6.]
1268,[0.]
1269,[0.]
1270,[4.]
1271,[1.]
1272,[1.]
1273,[3.]
1274,[2.]
1275,[1.]
1276,[0.]
1277,[3.]
1278,[4.]
1279,[0.]
1280,[8.]
1281,[0.]
1282,[6.]
1283,[7.]
1284,[3.]
1285,[1.]
1286,[0.]
1287,[15.]
1288,[0.]
1289,[0.]
1290,[1.]
1291,[3.]
1292,[1.]
1293,[3.]
1294,[3.]
1295,[1.]
1296,[1.]
1297,[1.]
1298,[0.]
1299,[0.]
1300,[0.]
1301,[0.]
1302,[0.]
1303,[13.]
1304,[0.]
1305,[1.]
1306,[1.]
1307,[3.]
1308,[9.]
1309,[4.]
1310,[0.]
1311,[1.]
1312,[1.]
1313,[0.]
1314,[4.]
1315,[0.]
1316,[0.]
1317,[6.]
1318,[0.]
1319,[0.]
1320,[1.]
1321,[1.]
1322,[3.]
1323,[0.]
1324,[3.]
1325,[0.]
1326,[0.]
1327,[1.]
1328,[3.]
1329,[0.]
1330,[4.]
1331,[1.]
1332,[3.]
1333,[0.]
1334,[3.]
1335,[0.]
1336,[0.]
1337,[3.]
1338,[0.]
1339,[0.]
1340,[0.]
1341,[1.]
1342,[2.]
1343,[0.]
1344,[4.]
1345,[0.]
1346,[6.]
1347,[0.]
1348,[0.]
1349,[0.]
1350,[0.]
1351,[1.]
1352,[8.]
1353,[2.]
1354,[0.]
1355,[0.]
1356,[0.]
1357,[1.]
1358,[0.]
1359,[6.]
1360,[6.]
1361,[4.]
1362,[0.]
1363,[0.]
1364,[0.]
1365,[4.]
1366,[0.]
1367,[14.]
1368,[3.]
1369,[17.]
1370,[0.]
1371,[1.]
1372,[0.]
1373,[7.]
1374,[1.]
1375,[5.]
1376,[0.]
1377,[7.]
1378,[10.]
1379,[0.]
1380,[4.]
1381,[0.]
1382,[0.]
1383,[8.]
1384,[1.]
1385,[0.]
1386,[3.]
1387,[6.]
1388,[0.]
1389,[0.]
1390,[5.]
1391,[0.]
1392,[0.]
1393,[4.]
1394,[4.]
1395,[0.]
1396,[0.]
1397,[4.]
1398,[0.]
1399,[0.]
1400,[4.]
1401,[0.]
1402,[3.]
1403,[0.]
1404,[1.]
1405,[0.]
1406,[1.]
1407,[0.]
1408,[7.]
1409,[0.]
1410,[5.]
1411,[3.]
1412,[0.]
1413,[9.]
1414,[1.]
1415,[10.]
1416,[0.]
1417,[4.]
1418,[3.]
1419,[1.]
1420,[8.]
1421,[7.]
1422,[0.]
1423,[0.]
1424,[0.]
1425,[0.]
1426,[1.]
1427,[6.]
1428,[1.]
1429,[0.]
1430,[3.]
1431,[0.]
1432,[4.]
1433,[0.]
1434,[0.]
1435,[9.]
1436,[0.]
1437,[0.]
1438,[8.]
1439,[3.]
1440,[0.]
1441,[0.]
1442,[0.]
1443,[0.]
1444,[0.]
1445,[0.]
1446,[1.]
1447,[0.]
1448,[0.]
1449,[7.]
1450,[0.]
1451,[0.]
1452,[0.]
1453,[3.]
1454,[9.]
1455,[6.]
1456,[3.]
1457,[1.]
1458,[0.]
1459,[9.]
1460,[0.]
1461,[3.]
1462,[2.]
1463,[2.]
1464,[0.]
1465,[3.]
1466,[1.]
1467,[3.]
1468,[1.]
1469,[0.]
1470,[1.]
1471,[3.]
1472,[3.]
1473,[0.]
1474,[0.]
1475,[0.]
1476,[0.]
1477,[3.]
1478,[0.]
1479,[0.]
1480,[3.]
1481,[1.]
1482,[13.]
1483,[4.]
1484,[0.]
1485,[7.]
1486,[2.]
1487,[0.]
1488,[0.]
1489,[0.]
1490,[0.]
1491,[0.]
1492,[1.]
1493,[0.]
1494,[1.]
1495,[0.]
1496,[4.]
1497,[5.]
1498,[0.]
1499,[0.]
1500,[1.]
1501,[0.]
1502,[9.]
1503,[0.]
1504,[3.]
1505,[2.]
1506,[0.]
1507,[0.]
1508,[0.]
1509,[3.]
1510,[1.]
1511,[0.]
1512,[0.]
1513,[1.]
1514,[0.]
1515,[3.]
1516,[0.]
1517,[0.]
1518,[0.]
1519,[7.]
1520,[0.]
1521,[9.]
1522,[0.]
1523,[2.]
1524,[4.]
1525,[6.]
1526,[12.]
1527,[8.]
1528,[1.]
1529,[1.]
1530,[0.]
1531,[0.]
1532,[0.]
1533,[0.]
1534,[0.]
1535,[3.]
1536,[0.]
1537,[0.]
1538,[3.]
1539,[0.]
1540,[0.]
1541,[0.]
1542,[0.]
1543,[0.]
1544,[1.]
1545,[3.]
1546,[14.]
1547,[0.]
1548,[0.]
1549,[0.]
1550,[7.]
1551,[4.]
1552,[0.]
1553,[3.]
1554,[8.]
1555,[0.]
1556,[4.]
1557,[0.]
1558,[0.]
1559,[0.]
1560,[0.]
1561,[8.]
1562,[6.]
1563,[0.]
1564,[3.]
1565,[0.]
1566,[6.]
1567,[20.]
1568,[3.]
1569,[5.]
1570,[0.]
1571,[0.]
1572,[0.]
1573,[0.]
1574,[5.]
1575,[0.]
1576,[3.]
1577,[0.]
1578,[0.]
1579,[6.]
1580,[3.]
1581,[0.]
1582,[4.]
1583,[1.]
1584,[0.]
1585,[3.]
1586,[4.]
1587,[0.]
1588,[5.]
1589,[0.]
1590,[0.]
1591,[0.]
1592,[0.]
1593,[0.]
1594,[1.]
1595,[0.]
1596,[0.]
1597,[0.]
1598,[0.]
1599,[0.]
1600,[0.]
1601,[0.]
1602,[12.]
1603,[0.]
1604,[0.]
1605,[3.]
1606,[5.]
1607,[4.]
1608,[0.]
1609,[4.]
1610,[8.]
1611,[1.]
1612,[0.]
1613,[0.]
1614,[0.]
1615,[3.]
1616,[3.]
1617,[2.]
1618,[0.]
1619,[3.]
1620,[0.]
1621,[0.]
1622,[0.]
1623,[0.]
1624,[9.]
1625,[0.]
1626,[0.]
1627,[0.]
1628,[0.]
1629,[12.]
1630,[2.]
1631,[0.]
1632,[12.]
1633,[5.]
1634,[8.]
1635,[0.]
1636,[4.]
1637,[0.]
1638,[0.]
1639,[1.]
1640,[3.]
1641,[0.]
1642,[0.]
1643,[3.]
1644,[0.]
1645,[12.]
1646,[0.]
1647,[3.]
1648,[3.]
1649,[1.]
1650,[0.]
1651,[0.]
1652,[0.]
1653,[0.]
1654,[1.]
1655,[0.]
1656,[0.]
1657,[1.]
1658,[1.]
1659,[0.]
1660,[4.]
1661,[0.]
1662,[0.]
1663,[9.]
1664,[0.]
1665,[0.]
1666,[5.]
1667,[1.]
1668,[0.]
1669,[6.]
1670,[0.]
1671,[1.]
1672,[3.]
1673,[0.]
1674,[1.]
1675,[10.]
1676,[4.]
1677,[0.]
1678,[4.]
1679,[6.]
1680,[0.]
1681,[3.]
1682,[0.]
1683,[10.]
1684,[0.]
1685,[2.]
1686,[0.]
1687,[4.]
1688,[5.]
1689,[3.]
1690,[0.]
1691,[1.]
1692,[4.]
1693,[0.]
1694,[0.]
1695,[0.]
1696,[0.]
1697,[3.]
1698,[11.]
1699,[0.]
1700,[0.]
1701,[0.]
1702,[0.]
1703,[3.]
1704,[0.]
1705,[5.]
1706,[6.]
1707,[1.]
1708,[1.]
1709,[3.]
1710,[0.]
1711,[15.]
1712,[7.]
1713,[7.]
1714,[0.]
1715,[3.]
1716,[0.]
1717,[0.]
1718,[0.]
1719,[0.]
1720,[1.]
1721,[0.]
1722,[0.]
1723,[1.]
1724,[5.]
1725,[1.]
1726,[9.]
1727,[3.]
1728,[3.]
1729,[3.]
1730,[3.]
1731,[0.]
1732,[0.]
1733,[0.]
1734,[1.]
1735,[4.]
1736,[1.]
1737,[0.]
1738,[0.]
1739,[0.]
1740,[0.]
1741,[4.]
1742,[15.]
1743,[6.]
1744,[1.]
1745,[0.]
1746,[0.]
1747,[0.]
1748,[1.]
1749,[1.]
1750,[4.]
1751,[3.]
1752,[8.]
1753,[3.]
1754,[0.]
1755,[2.]
1756,[0.]
1757,[0.]
1758,[0.]
1759,[0.]
1760,[0.]
1761,[0.]
1762,[0.]
1763,[3.]
1764,[1.]
1765,[0.]
1766,[0.]
1767,[2.]
1768,[0.]
1769,[1.]
1770,[1.]
1771,[0.]
1772,[6.]
1773,[1.]
1774,[0.]
1775,[4.]
1776,[0.]
1777,[0.]
1778,[0.]
1779,[0.]
1780,[1.]
1781,[3.]
1782,[6.]
1783,[1.]
1784,[0.]
1785,[0.]
1786,[3.]
1787,[1.]
1788,[0.]
1789,[0.]
1790,[0.]
1791,[10.]
1792,[0.]
1793,[0.]
1794,[3.]
1795,[3.]
1796,[0.]
1797,[1.]
1798,[0.]
1799,[0.]
1800,[0.]
1801,[1.]
1802,[4.]
1803,[0.]
1804,[15.]
1805,[0.]
1806,[6.]
1807,[0.]
1808,[7.]
1809,[0.]
1810,[0.]
1811,[0.]
1812,[0.]
1813,[0.]
1814,[1.]
1815,[0.]
1816,[1.]
1817,[7.]
1818,[1.]
1819,[0.]
1820,[1.]
1821,[4.]
1822,[19.]
1823,[4.]
1824,[20.]
1825,[9.]
1826,[1.]
1827,[4.]
1828,[2.]
1829,[0.]
1830,[0.]
1831,[9.]
1832,[4.]
1833,[1.]
1834,[0.]
1835,[0.]
1836,[1.]
1837,[1.]
1838,[4.]
1839,[3.]
1840,[1.]
1841,[21.]
1842,[0.]
1843,[0.]
1844,[1.]
1845,[0.]
1846,[0.]
1847,[0.]
1848,[2.]
1849,[1.]
1850,[3.]
1851,[4.]
1852,[0.]
1853,[0.]
1854,[0.]
1855,[0.]
1856,[0.]
1857,[0.]
1858,[3.]
1859,[7.]
1860,[0.]
1861,[5.]
1862,[10.]
1863,[1.]
1864,[8.]
1865,[4.]
1866,[0.]
1867,[0.]
1868,[3.]
1869,[0.]
1870,[3.]
1871,[0.]
1872,[0.]
1873,[0.]
1874,[1.]
1875,[0.]
1876,[0.]
1877,[4.]
1878,[3.]
1879,[0.]
1880,[4.]
1881,[9.]
1882,[1.]
1883,[0.]
1884,[0.]
1885,[0.]
1886,[9.]
1887,[0.]
1888,[0.]
1889,[5.]
1890,[0.]
1891,[3.]
1892,[0.]
1893,[9.]
1894,[3.]
1895,[0.]
1896,[0.]
1897,[0.]
1898,[5.]
1899,[0.]
1900,[0.]
1901,[6.]
1902,[3.]
1903,[6.]
1904,[0.]
1905,[3.]
1906,[0.]
1907,[6.]
1908,[0.]
1909,[3.]
1910,[0.]
1911,[7.]
1912,[0.]
1913,[0.]
1914,[1.]
1915,[4.]
1916,[5.]
1917,[0.]
1918,[0.]
1919,[8.]
1920,[6.]
1921,[0.]
1922,[0.]
1923,[1.]
1924,[1.]
1925,[3.]
1926,[5.]
1927,[3.]
1928,[0.]
1929,[0.]
1930,[9.]
1931,[0.]
1932,[0.]
1933,[0.]
1934,[0.]
1935,[2.]
1936,[5.]
1937,[3.]
1938,[0.]
1939,[5.]
1940,[0.]
1941,[10.]
1942,[11.]
1943,[0.]
1944,[5.]
1945,[3.]
1946,[3.]
1947,[0.]
1948,[0.]
1949,[0.]
1950,[7.]
1951,[0.]
1952,[3.]
1953,[1.]
1954,[13.]
1955,[1.]
1956,[3.]
1957,[0.]
1958,[0.]
1959,[0.]
1960,[0.]
1961,[0.]
1962,[0.]
1963,[0.]
1964,[0.]
1965,[10.]
1966,[7.]
1967,[3.]
1968,[7.]
1969,[5.]
1970,[0.]
1971,[0.]
1972,[1.]
1973,[0.]
1974,[3.]
1975,[0.]
1976,[1.]
1977,[2.]
1978,[8.]
1979,[0.]
1980,[1.]
1981,[8.]
1982,[3.]
1983,[0.]
1984,[0.]
1985,[10.]
1986,[0.]
1987,[0.]
1988,[3.]
1989,[1.]
1990,[5.]
1991,[0.]
1992,[8.]
1993,[0.]
1994,[3.]
1995,[6.]
1996,[3.]
1997,[0.]
1998,[3.]
1999,[0.]
2000,[0.]
2001,[0.]
2002,[1.]
2003,[0.]
2004,[0.]
2005,[0.]
2006,[0.]
2007,[0.]
2008,[1.]
2009,[0.]
2010,[0.]
2011,[0.]
2012,[3.]
2013,[1.]
2014,[0.]
2015,[15.]
2016,[0.]
2017,[0.]
2018,[4.]
2019,[0.]
2020,[7.]
2021,[0.]
2022,[0.]
2023,[0.]
2024,[10.]
2025,[0.]
2026,[0.]
2027,[7.]
2028,[3.]
2029,[2.]
2030,[0.]
2031,[0.]
2032,[0.]
2033,[3.]
2034,[0.]
2035,[0.]
2036,[8.]
2037,[3.]
2038,[0.]
2039,[0.]
2040,[3.]
2041,[0.]
2042,[0.]
2043,[3.]
2044,[0.]
2045,[0.]
2046,[0.]
2047,[0.]
2048,[3.]
2049,[3.]
2050,[0.]
2051,[6.]
2052,[0.]
2053,[0.]
2054,[1.]
2055,[6.]
2056,[1.]
2057,[0.]
2058,[4.]
2059,[0.]
2060,[0.]
2061,[21.]
2062,[0.]
2063,[0.]
2064,[0.]
2065,[3.]
2066,[9.]
2067,[3.]
2068,[1.]
2069,[0.]
2070,[0.]
2071,[0.]
2072,[8.]
2073,[0.]
2074,[7.]
2075,[9.]
2076,[6.]
2077,[3.]
2078,[0.]
2079,[1.]
2080,[0.]
2081,[0.]
2082,[0.]
2083,[0.]
2084,[0.]
2085,[8.]
2086,[9.]
2087,[0.]
2088,[2.]
2089,[0.]
2090,[0.]
2091,[7.]
2092,[3.]
2093,[0.]
2094,[1.]
2095,[3.]
2096,[0.]
2097,[0.]
2098,[0.]
2099,[1.]
2100,[4.]
2101,[0.]
2102,[0.]
2103,[3.]
2104,[3.]
2105,[0.]
2106,[4.]
2107,[1.]
2108,[3.]
2109,[3.]
2110,[0.]
2111,[3.]
2112,[8.]
2113,[1.]
2114,[0.]
2115,[0.]
2116,[0.]
2117,[2.]
2118,[0.]
2119,[8.]
2120,[0.]
2121,[0.]
2122,[0.]
2123,[3.]
2124,[1.]
2125,[0.]
2126,[4.]
2127,[2.]
2128,[0.]
2129,[0.]
2130,[3.]
2131,[0.]
2132,[10.]
2133,[1.]
2134,[0.]
2135,[3.]
2136,[0.]
2137,[0.]
2138,[6.]
2139,[4.]
2140,[3.]
2141,[1.]
2142,[0.]
2143,[0.]
2144,[0.]
2145,[0.]
2146,[9.]
2147,[1.]
2148,[2.]
2149,[0.]
2150,[3.]
2151,[1.]
2152,[6.]
2153,[3.]
2154,[0.]
2155,[9.]
2156,[0.]
2157,[4.]
2158,[0.]
2159,[0.]
2160,[0.]
2161,[3.]
2162,[0.]
2163,[1.]
2164,[0.]
2165,[7.]
2166,[0.]
2167,[3.]
2168,[0.]
2169,[1.]
2170,[0.]
2171,[3.]
2172,[3.]
2173,[4.]
2174,[3.]
2175,[2.]
2176,[10.]
2177,[10.]
2178,[0.]
2179,[3.]
2180,[3.]
2181,[16.]
2182,[0.]
2183,[1.]
2184,[0.]
2185,[4.]
2186,[0.]
2187,[1.]
2188,[3.]
2189,[6.]
2190,[1.]
2191,[14.]
2192,[3.]
2193,[0.]
2194,[3.]
2195,[0.]
2196,[0.]
2197,[0.]
2198,[1.]
2199,[0.]
2200,[1.]
2201,[2.]
2202,[0.]
2203,[3.]
2204,[0.]
2205,[7.]
2206,[3.]
2207,[0.]
2208,[16.]
2209,[6.]
2210,[0.]
2211,[0.]
2212,[1.]
2213,[12.]
2214,[14.]
2215,[6.]
2216,[6.]
2217,[1.]
2218,[0.]
2219,[14.]
2220,[9.]
2221,[0.]
2222,[3.]
2223,[4.]
2224,[4.]
2225,[1.]
2226,[0.]
2227,[0.]
2228,[4.]
2229,[0.]
2230,[0.]
2231,[0.]
2232,[0.]
2233,[0.]
2234,[0.]
2235,[5.]
2236,[0.]
2237,[2.]
2238,[7.]
2239,[0.]
2240,[3.]
2241,[3.]
2242,[0.]
2243,[14.]
2244,[6.]
2245,[0.]
2246,[1.]
2247,[0.]
2248,[9.]
2249,[0.]
2250,[0.]
2251,[10.]
2252,[1.]
2253,[0.]
2254,[0.]
2255,[0.]
2256,[0.]
2257,[1.]
2258,[4.]
2259,[8.]
2260,[0.]
2261,[0.]
2262,[0.]
2263,[1.]
2264,[1.]
2265,[3.]
2266,[6.]
2267,[4.]
2268,[0.]
2269,[0.]
2270,[4.]
2271,[0.]
2272,[2.]
2273,[3.]
2274,[0.]
2275,[0.]
2276,[13.]
2277,[0.]
2278,[0.]
2279,[0.]
2280,[0.]
2281,[4.]
2282,[0.]
2283,[3.]
2284,[3.]
2285,[0.]
2286,[1.]
2287,[1.]
2288,[3.]
2289,[4.]
2290,[1.]
2291,[0.]
2292,[4.]
2293,[1.]
2294,[1.]
2295,[0.]
2296,[4.]
2297,[0.]
2298,[5.]
2299,[4.]
2300,[0.]
2301,[0.]
2302,[1.]
2303,[0.]
2304,[0.]
2305,[0.]
2306,[0.]
2307,[0.]
2308,[0.]
2309,[0.]
2310,[0.]
2311,[0.]
2312,[0.]
2313,[1.]
2314,[2.]
2315,[4.]
2316,[4.]
2317,[0.]
2318,[0.]
2319,[4.]
2320,[4.]
2321,[0.]
2322,[6.]
2323,[1.]
2324,[0.]
2325,[0.]
2326,[1.]
2327,[0.]
2328,[0.]
2329,[1.]
2330,[3.]
2331,[0.]
2332,[7.]
2333,[0.]
2334,[0.]
2335,[0.]
2336,[0.]
2337,[3.]
2338,[1.]
2339,[0.]
2340,[4.]
2341,[1.]
2342,[0.]
2343,[0.]
2344,[0.]
2345,[3.]
2346,[0.]
2347,[3.]
2348,[0.]
2349,[0.]
2350,[0.]
2351,[1.]
2352,[0.]
2353,[0.]
2354,[0.]
2355,[0.]
2356,[0.]
2357,[6.]
2358,[9.]
2359,[6.]
2360,[0.]
2361,[0.]
2362,[7.]
2363,[1.]
2364,[0.]
2365,[0.]
2366,[0.]
2367,[6.]
2368,[0.]
2369,[3.]
2370,[0.]
2371,[4.]
2372,[7.]
2373,[0.]
2374,[0.]
2375,[0.]
2376,[2.]
2377,[5.]
2378,[0.]
2379,[4.]
2380,[4.]
2381,[0.]
2382,[0.]
2383,[6.]
2384,[1.]
2385,[3.]
2386,[0.]
2387,[0.]
2388,[3.]
2389,[0.]
2390,[13.]
2391,[1.]
2392,[1.]
2393,[2.]
2394,[6.]
2395,[1.]
2396,[1.]
2397,[2.]
2398,[2.]
2399,[0.]
2400,[0.]
2401,[0.]
2402,[1.]
2403,[6.]
2404,[1.]
2405,[0.]
2406,[0.]
2407,[1.]
2408,[0.]
2409,[0.]
2410,[9.]
2411,[3.]
2412,[5.]
2413,[8.]
2414,[6.]
2415,[0.]
2416,[0.]
2417,[0.]
2418,[1.]
2419,[0.]
2420,[0.]
2421,[10.]
2422,[5.]
2423,[14.]
2424,[4.]
2425,[0.]
2426,[0.]
2427,[2.]
2428,[4.]
2429,[6.]
2430,[0.]
2431,[1.]
2432,[0.]
2433,[0.]
2434,[9.]
2435,[0.]
2436,[0.]
2437,[7.]
2438,[0.]
2439,[3.]
2440,[5.]
2441,[6.]
2442,[0.]
2443,[1.]
2444,[0.]
2445,[3.]
2446,[7.]
2447,[0.]
2448,[4.]
2449,[0.]
2450,[4.]
2451,[4.]
2452,[3.]
2453,[1.]
2454,[4.]
2455,[0.]
2456,[0.]
2457,[0.]
2458,[0.]
2459,[1.]
2460,[0.]
2461,[1.]
2462,[0.]
2463,[0.]
2464,[0.]
2465,[3.]
2466,[0.]
2467,[10.]
2468,[1.]
2469,[3.]
2470,[4.]
2471,[0.]
2472,[0.]
2473,[0.]
2474,[1.]
2475,[0.]
2476,[0.]
2477,[0.]
2478,[3.]
2479,[0.]
2480,[1.]
2481,[0.]
2482,[4.]
2483,[0.]
2484,[1.]
2485,[3.]
2486,[0.]
2487,[0.]
2488,[0.]
2489,[3.]
2490,[10.]
2491,[0.]
2492,[0.]
2493,[6.]
2494,[1.]
2495,[9.]
2496,[0.]
2497,[0.]
2498,[0.]
2499,[0.]
2500,[1.]
2501,[0.]
2502,[0.]
2503,[8.]
2504,[0.]
2505,[4.]
2506,[0.]
2507,[1.]
2508,[1.]
2509,[5.]
2510,[0.]
2511,[1.]
2512,[0.]
2513,[0.]
2514,[4.]
2515,[0.]
2516,[0.]
2517,[4.]
2518,[0.]
2519,[3.]
2520,[0.]
2521,[0.]
2522,[0.]
2523,[0.]
2524,[4.]
2525,[0.]
2526,[7.]
2527,[3.]
2528,[1.]
2529,[0.]
2530,[0.]
2531,[0.]
2532,[0.]
2533,[2.]
2534,[0.]
2535,[5.]
2536,[0.]
2537,[0.]
2538,[3.]
2539,[6.]
2540,[0.]
2541,[18.]
2542,[0.]
2543,[4.]
2544,[1.]
2545,[7.]
2546,[0.]
2547,[1.]
2548,[1.]
2549,[6.]
2550,[0.]
2551,[0.]
2552,[0.]
2553,[0.]
2554,[1.]
2555,[0.]
2556,[0.]
2557,[0.]
2558,[3.]
2559,[0.]
2560,[0.]
2561,[0.]
2562,[1.]
2563,[0.]
2564,[4.]
2565,[0.]
2566,[0.]
2567,[1.]
2568,[4.]
2569,[0.]
2570,[0.]
2571,[3.]
2572,[1.]
2573,[1.]
2574,[0.]
2575,[0.]
2576,[5.]
2577,[0.]
2578,[0.]
2579,[0.]
2580,[0.]
2581,[0.]
2582,[0.]
2583,[0.]
2584,[0.]
2585,[1.]
2586,[0.]
2587,[5.]
2588,[0.]
2589,[3.]
2590,[0.]
2591,[1.]
2592,[0.]
2593,[3.]
2594,[0.]
2595,[0.]
2596,[4.]
2597,[12.]
2598,[0.]
2599,[1.]
2600,[12.]
2601,[4.]
2602,[0.]
2603,[0.]
2604,[0.]
2605,[0.]
2606,[1.]
2607,[0.]
2608,[0.]
2609,[0.]
2610,[5.]
2611,[3.]
2612,[3.]
2613,[3.]
2614,[0.]
2615,[0.]
2616,[0.]
2617,[1.]
2618,[4.]
2619,[0.]
2620,[3.]
2621,[0.]
2622,[0.]
2623,[1.]
2624,[5.]
2625,[0.]
2626,[0.]
2627,[3.]
2628,[3.]
2629,[0.]
2630,[0.]
2631,[1.]
2632,[0.]
2633,[6.]
2634,[3.]
2635,[0.]
2636,[0.]
2637,[2.]
2638,[0.]
2639,[2.]
2640,[1.]
2641,[0.]
2642,[0.]
2643,[1.]
2644,[0.]
2645,[1.]
2646,[0.]
2647,[10.]
2648,[0.]
2649,[0.]
2650,[0.]
2651,[0.]
2652,[0.]
2653,[0.]
2654,[1.]
2655,[0.]
2656,[14.]
2657,[1.]
2658,[0.]
2659,[1.]
2660,[0.]
2661,[0.]
2662,[0.]
2663,[0.]
2664,[0.]
2665,[0.]
2666,[0.]
2667,[10.]
2668,[4.]
2669,[3.]
2670,[4.]
2671,[1.]
2672,[0.]
2673,[0.]
2674,[11.]
2675,[3.]
2676,[0.]
2677,[0.]
2678,[0.]
2679,[1.]
2680,[0.]
2681,[0.]
2682,[1.]
2683,[4.]
2684,[1.]
2685,[0.]
2686,[0.]
2687,[4.]
2688,[0.]
2689,[0.]
2690,[0.]
2691,[1.]
2692,[0.]
2693,[7.]
2694,[0.]
2695,[0.]
2696,[0.]
2697,[0.]
2698,[3.]
2699,[0.]
2700,[2.]
2701,[3.]
2702,[0.]
2703,[3.]
2704,[1.]
2705,[1.]
2706,[4.]
2707,[0.]
2708,[11.]
2709,[0.]
2710,[0.]
2711,[0.]
2712,[11.]
2713,[0.]
2714,[0.]
2715,[2.]
2716,[0.]
2717,[4.]
2718,[1.]
2719,[0.]
2720,[0.]
2721,[0.]
2722,[0.]
2723,[0.]
2724,[0.]
2725,[1.]
2726,[5.]
2727,[4.]
2728,[0.]
2729,[0.]
2730,[3.]
2731,[4.]
2732,[0.]
2733,[5.]
2734,[12.]
2735,[6.]
2736,[8.]
2737,[2.]
2738,[6.]
2739,[3.]
2740,[0.]
2741,[0.]
2742,[0.]
2743,[0.]
2744,[1.]
2745,[0.]
2746,[6.]
2747,[2.]
2748,[0.]
2749,[3.]
2750,[18.]
2751,[0.]
2752,[0.]
2753,[3.]
2754,[1.]
2755,[0.]
2756,[1.]
2757,[0.]
2758,[1.]
2759,[0.]
2760,[1.]
2761,[3.]
2762,[0.]
2763,[4.]
2764,[6.]
2765,[0.]
2766,[0.]
2767,[0.]
2768,[3.]
2769,[1.]
2770,[3.]
2771,[3.]
2772,[0.]
2773,[0.]
2774,[3.]
2775,[0.]
2776,[3.]
2777,[1.]
2778,[0.]
2779,[0.]
2780,[6.]
2781,[0.]
2782,[0.]
2783,[0.]
2784,[1.]
2785,[0.]
2786,[9.]
2787,[5.]
2788,[1.]
2789,[0.]
2790,[4.]
2791,[6.]
2792,[1.]
2793,[0.]
2794,[0.]
2795,[3.]
2796,[0.]
2797,[10.]
2798,[0.]
2799,[0.]
2800,[0.]
2801,[5.]
2802,[11.]
2803,[1.]
2804,[7.]
2805,[4.]
2806,[0.]
2807,[7.]
2808,[0.]
2809,[10.]
2810,[0.]
2811,[7.]
2812,[0.]
2813,[0.]
2814,[0.]
2815,[3.]
2816,[1.]
2817,[0.]
2818,[0.]
2819,[8.]
2820,[0.]
2821,[0.]
2822,[15.]
2823,[3.]
2824,[3.]
2825,[0.]
2826,[0.]
2827,[7.]
2828,[0.]
2829,[3.]
2830,[0.]
2831,[0.]
2832,[4.]
2833,[0.]
2834,[6.]
2835,[0.]
2836,[0.]
2837,[4.]
2838,[4.]
2839,[1.]
2840,[3.]
2841,[2.]
2842,[0.]
2843,[1.]
2844,[3.]
2845,[0.]
2846,[0.]
2847,[0.]
2848,[5.]
2849,[0.]
2850,[0.]
2851,[0.]
2852,[3.]
2853,[0.]
2854,[0.]
2855,[6.]
2856,[3.]
2857,[0.]
2858,[0.]
2859,[1.]
2860,[0.]
2861,[1.]
2862,[6.]
2863,[1.]
2864,[3.]
2865,[1.]
2866,[0.]
2867,[0.]
2868,[0.]
2869,[1.]
2870,[0.]
2871,[5.]
2872,[5.]
2873,[1.]
2874,[0.]
2875,[0.]
2876,[3.]
2877,[0.]
2878,[0.]
2879,[8.]
2880,[0.]
2881,[3.]
2882,[0.]
2883,[0.]
2884,[4.]
2885,[0.]
2886,[0.]
2887,[9.]
2888,[0.]
2889,[0.]
2890,[1.]
2891,[0.]
2892,[5.]
2893,[11.]
2894,[0.]
2895,[0.]
2896,[1.]
2897,[3.]
2898,[0.]
2899,[0.]
2900,[2.]
2901,[0.]
2902,[0.]
2903,[6.]
2904,[7.]
2905,[23.]
2906,[1.]
2907,[0.]
2908,[0.]
2909,[0.]
2910,[0.]
2911,[3.]
2912,[0.]
2913,[7.]
2914,[4.]
2915,[0.]
2916,[3.]
2917,[0.]
2918,[0.]
2919,[0.]
2920,[0.]
2921,[10.]
2922,[0.]
2923,[0.]
2924,[1.]
2925,[0.]
2926,[6.]
2927,[0.]
2928,[1.]
2929,[1.]
2930,[0.]
2931,[0.]
2932,[3.]
2933,[1.]
2934,[5.]
2935,[4.]
2936,[3.]
2937,[4.]
2938,[1.]
2939,[0.]
2940,[7.]
2941,[0.]
2942,[1.]
2943,[3.]
2944,[0.]
2945,[0.]
2946,[0.]
2947,[1.]
2948,[7.]
2949,[3.]
2950,[0.]
2951,[4.]
2952,[0.]
2953,[0.]
2954,[0.]
2955,[0.]
2956,[1.]
2957,[0.]
2958,[0.]
2959,[0.]
2960,[0.]
2961,[5.]
2962,[4.]
2963,[0.]
2964,[0.]
2965,[4.]
2966,[3.]
2967,[0.]
2968,[3.]
2969,[5.]
2970,[0.]
2971,[0.]
2972,[5.]
2973,[2.]
2974,[3.]
2975,[3.]
2976,[0.]
2977,[4.]
2978,[3.]
2979,[3.]
2980,[4.]
2981,[0.]
2982,[0.]
2983,[1.]
2984,[0.]
2985,[0.]
2986,[0.]
2987,[0.]
2988,[1.]
2989,[0.]
2990,[1.]
2991,[0.]
2992,[0.]
2993,[3.]
2994,[0.]
2995,[0.]
2996,[0.]
2997,[4.]
2998,[0.]
2999,[0.]
3000,[0.]
3001,[5.]
3002,[0.]
3003,[0.]
3004,[0.]
3005,[0.]
3006,[0.]
3007,[4.]
3008,[0.]
3009,[0.]
3010,[3.]
3011,[2.]
3012,[0.]
3013,[1.]
3014,[4.]
3015,[4.]
3016,[0.]
3017,[6.]
3018,[7.]
3019,[8.]
3020,[0.]
3021,[2.]
3022,[0.]
3023,[1.]
3024,[1.]
3025,[1.]
3026,[0.]
3027,[4.]
3028,[0.]
3029,[0.]
3030,[1.]
3031,[0.]
3032,[3.]
3033,[3.]
3034,[4.]
3035,[4.]
3036,[0.]
3037,[0.]
3038,[0.]
3039,[0.]
3040,[2.]
3041,[0.]
3042,[0.]
3043,[2.]
3044,[0.]
3045,[1.]
3046,[0.]
3047,[0.]
3048,[0.]
3049,[1.]
3050,[1.]
3051,[19.]
3052,[5.]
3053,[0.]
3054,[0.]
3055,[3.]
3056,[0.]
3057,[0.]
3058,[3.]
3059,[0.]
3060,[3.]
3061,[0.]
3062,[0.]
3063,[4.]
3064,[1.]
3065,[0.]
3066,[0.]
3067,[1.]
3068,[0.]
3069,[0.]
3070,[0.]
3071,[4.]
3072,[0.]
3073,[6.]
3074,[0.]
3075,[0.]
3076,[0.]
3077,[0.]
3078,[0.]
3079,[0.]
3080,[17.]
3081,[1.]
3082,[0.]
3083,[18.]
3084,[3.]
3085,[3.]
3086,[1.]
3087,[2.]
3088,[3.]
3089,[0.]
3090,[0.]
3091,[6.]
3092,[3.]
3093,[6.]
3094,[1.]
3095,[0.]
3096,[7.]
3097,[1.]
3098,[0.]
3099,[0.]
3100,[4.]
3101,[0.]
3102,[0.]
3103,[2.]
3104,[0.]
3105,[0.]
3106,[0.]
3107,[4.]
3108,[0.]
3109,[3.]
3110,[0.]
3111,[0.]
3112,[0.]
3113,[1.]
3114,[3.]
3115,[7.]
3116,[0.]
3117,[1.]
3118,[0.]
3119,[0.]
3120,[1.]
3121,[0.]
3122,[2.]
3123,[0.]
3124,[5.]
3125,[3.]
3126,[15.]
3127,[3.]
3128,[0.]
3129,[0.]
3130,[0.]
3131,[1.]
3132,[0.]
3133,[6.]
3134,[0.]
3135,[8.]
3136,[0.]
3137,[3.]
3138,[0.]
3139,[7.]
3140,[12.]
3141,[14.]
3142,[0.]
3143,[1.]
3144,[0.]
3145,[1.]
3146,[1.]
3147,[3.]
3148,[1.]
3149,[0.]
3150,[1.]
3151,[0.]
3152,[0.]
3153,[0.]
3154,[0.]
3155,[0.]
3156,[0.]
3157,[0.]
3158,[8.]
3159,[0.]
3160,[0.]
3161,[3.]
3162,[1.]
3163,[0.]
3164,[5.]
3165,[2.]
3166,[0.]
3167,[0.]
3168,[13.]
3169,[1.]
3170,[9.]
3171,[0.]
3172,[6.]
3173,[6.]
3174,[3.]
3175,[6.]
3176,[0.]
3177,[6.]
3178,[0.]
3179,[0.]
3180,[3.]
3181,[3.]
3182,[0.]
3183,[9.]
3184,[0.]
3185,[1.]
3186,[7.]
3187,[1.]
3188,[0.]
3189,[0.]
3190,[0.]
3191,[0.]
3192,[4.]
3193,[1.]
3194,[1.]
3195,[1.]
3196,[2.]
3197,[0.]
3198,[0.]
3199,[1.]
3200,[1.]
3201,[0.]
3202,[0.]
3203,[0.]
3204,[9.]
3205,[0.]
3206,[6.]
3207,[7.]
3208,[3.]
3209,[5.]
3210,[0.]
3211,[0.]
3212,[0.]
3213,[3.]
3214,[0.]
3215,[0.]
3216,[10.]
3217,[5.]
3218,[0.]
3219,[0.]
3220,[8.]
3221,[1.]
3222,[0.]
3223,[0.]
3224,[0.]
3225,[9.]
3226,[1.]
3227,[1.]
3228,[0.]
3229,[0.]
3230,[4.]
3231,[6.]
3232,[0.]
3233,[0.]
3234,[3.]
3235,[7.]
3236,[3.]
3237,[0.]
3238,[0.]
3239,[0.]
3240,[1.]
3241,[0.]
3242,[8.]
3243,[0.]
3244,[0.]
3245,[2.]
3246,[0.]
3247,[0.]
3248,[3.]
3249,[0.]
3250,[0.]
3251,[4.]
3252,[3.]
3253,[0.]
3254,[8.]
3255,[4.]
3256,[8.]
3257,[8.]
3258,[4.]
3259,[0.]
3260,[0.]
3261,[1.]
3262,[1.]
3263,[0.]
3264,[12.]
3265,[0.]
3266,[0.]
3267,[1.]
3268,[2.]
3269,[8.]
3270,[3.]
3271,[3.]
3272,[1.]
3273,[6.]
3274,[0.]
3275,[3.]
3276,[5.]
3277,[3.]
3278,[16.]
3279,[0.]
3280,[0.]
3281,[0.]
3282,[3.]
3283,[0.]
3284,[6.]
3285,[0.]
3286,[0.]
3287,[0.]
3288,[20.]
3289,[0.]
3290,[0.]
3291,[0.]
3292,[0.]
3293,[0.]
3294,[11.]
3295,[4.]
3296,[0.]
3297,[0.]
3298,[1.]
3299,[3.]
3300,[0.]
3301,[0.]
3302,[4.]
3303,[0.]
3304,[0.]
3305,[3.]
3306,[0.]
3307,[3.]
3308,[0.]
3309,[0.]
3310,[0.]
3311,[0.]
3312,[1.]
3313,[4.]
3314,[0.]
3315,[0.]
3316,[1.]
3317,[3.]
3318,[0.]
3319,[0.]
3320,[8.]
3321,[0.]
3322,[2.]
3323,[0.]
3324,[0.]
3325,[3.]
3326,[6.]
3327,[0.]
3328,[3.]
3329,[0.]
3330,[0.]
3331,[0.]
3332,[3.]
3333,[0.]
3334,[0.]
3335,[9.]
3336,[12.]
3337,[6.]
3338,[0.]
3339,[6.]
3340,[1.]
3341,[0.]
3342,[2.]
3343,[3.]
3344,[0.]
3345,[5.]
3346,[3.]
3347,[0.]
3348,[4.]
3349,[0.]
3350,[0.]
3351,[4.]
3352,[0.]
3353,[0.]
3354,[0.]
3355,[1.]
3356,[3.]
3357,[1.]
3358,[0.]
3359,[0.]
3360,[1.]
3361,[1.]
3362,[0.]
3363,[0.]
3364,[11.]
3365,[0.]
3366,[2.]
3367,[4.]
3368,[0.]
3369,[1.]
3370,[1.]
3371,[4.]
3372,[0.]
3373,[6.]
3374,[2.]
3375,[3.]
3376,[9.]
3377,[3.]
3378,[0.]
3379,[0.]
3380,[0.]
3381,[1.]
3382,[3.]
3383,[3.]
3384,[0.]
3385,[4.]
3386,[0.]
3387,[0.]
3388,[1.]
3389,[1.]
3390,[0.]
3391,[3.]
3392,[6.]
3393,[0.]
3394,[0.]
3395,[5.]
3396,[0.]
3397,[0.]
3398,[3.]
3399,[0.]
3400,[3.]
3401,[7.]
3402,[0.]
3403,[10.]
3404,[2.]
3405,[0.]
3406,[3.]
3407,[1.]
3408,[4.]
3409,[9.]
3410,[0.]
3411,[0.]
3412,[0.]
3413,[1.]
3414,[4.]
3415,[4.]
3416,[0.]
3417,[0.]
3418,[7.]
3419,[3.]
3420,[0.]
3421,[0.]
3422,[0.]
3423,[0.]
3424,[1.]
3425,[0.]
3426,[0.]
3427,[3.]
3428,[0.]
3429,[0.]
3430,[0.]
3431,[0.]
3432,[0.]
3433,[1.]
3434,[0.]
3435,[0.]
3436,[1.]
3437,[1.]
3438,[0.]
3439,[0.]
3440,[7.]
3441,[0.]
3442,[4.]
3443,[0.]
3444,[0.]
3445,[0.]
3446,[0.]
3447,[0.]
3448,[0.]
3449,[5.]
3450,[0.]
3451,[1.]
3452,[1.]
3453,[3.]
3454,[0.]
3455,[1.]
3456,[1.]
3457,[9.]
3458,[0.]
3459,[3.]
3460,[0.]
3461,[1.]
3462,[3.]
3463,[3.]
3464,[3.]
3465,[1.]
3466,[0.]
3467,[7.]
3468,[3.]
3469,[5.]
3470,[3.]
3471,[0.]
3472,[0.]
3473,[0.]
3474,[3.]
3475,[6.]
3476,[0.]
3477,[0.]
3478,[0.]
3479,[0.]
3480,[0.]
3481,[1.]
3482,[0.]
3483,[2.]
3484,[0.]
3485,[0.]
3486,[3.]
3487,[11.]
3488,[0.]
3489,[0.]
3490,[1.]
3491,[0.]
3492,[0.]
3493,[3.]
3494,[0.]
3495,[1.]
3496,[14.]
3497,[4.]
3498,[0.]
3499,[6.]
3500,[0.]
3501,[0.]
3502,[2.]
3503,[0.]
3504,[0.]
3505,[0.]
3506,[1.]
3507,[3.]
3508,[0.]
3509,[3.]
3510,[0.]
3511,[1.]
3512,[0.]
3513,[1.]
3514,[1.]
3515,[3.]
3516,[0.]
3517,[1.]
3518,[0.]
3519,[1.]
3520,[0.]
3521,[0.]
3522,[0.]
3523,[4.]
3524,[0.]
3525,[0.]
3526,[0.]
3527,[0.]
3528,[1.]
3529,[1.]
3530,[5.]
3531,[3.]
3532,[1.]
3533,[0.]
3534,[1.]
3535,[0.]
3536,[0.]
3537,[0.]
3538,[3.]
3539,[6.]
3540,[0.]
3541,[4.]
3542,[1.]
3543,[0.]
3544,[0.]
3545,[0.]
3546,[4.]
3547,[1.]
3548,[0.]
3549,[6.]
3550,[0.]
3551,[1.]
3552,[3.]
3553,[4.]
3554,[1.]
3555,[4.]
3556,[4.]
3557,[3.]
3558,[0.]
3559,[0.]
3560,[2.]
3561,[0.]
3562,[0.]
3563,[5.]
3564,[0.]
3565,[0.]
3566,[0.]
3567,[0.]
3568,[0.]
3569,[1.]
3570,[0.]
3571,[0.]
3572,[1.]
3573,[3.]
3574,[3.]
3575,[13.]
3576,[0.]
3577,[0.]
3578,[5.]
3579,[0.]
3580,[3.]
3581,[0.]
3582,[2.]
3583,[0.]
3584,[6.]
3585,[0.]
3586,[0.]
3587,[3.]
3588,[0.]
3589,[3.]
3590,[0.]
3591,[0.]
3592,[3.]
3593,[0.]
3594,[3.]
3595,[3.]
3596,[0.]
3597,[0.]
3598,[1.]
3599,[1.]
3600,[4.]
3601,[25.]
3602,[1.]
3603,[1.]
3604,[2.]
3605,[6.]
3606,[5.]
3607,[0.]
3608,[6.]
3609,[0.]
3610,[0.]
3611,[1.]
3612,[4.]
3613,[3.]
3614,[8.]
3615,[1.]
3616,[0.]
3617,[1.]
3618,[3.]
3619,[3.]
3620,[0.]
3621,[3.]
3622,[0.]
3623,[0.]
3624,[0.]
3625,[1.]
3626,[1.]
3627,[6.]
3628,[0.]
3629,[0.]
3630,[0.]
3631,[1.]
3632,[0.]
3633,[1.]
3634,[4.]
3635,[8.]
3636,[0.]
3637,[3.]
3638,[5.]
3639,[11.]
3640,[3.]
3641,[0.]
3642,[4.]
3643,[2.]
3644,[0.]
3645,[0.]
3646,[0.]
3647,[1.]
3648,[1.]
3649,[0.]
3650,[0.]
3651,[0.]
3652,[0.]
3653,[3.]
3654,[1.]
3655,[12.]
3656,[2.]
3657,[1.]
3658,[3.]
3659,[0.]
3660,[7.]
3661,[8.]
3662,[0.]
3663,[2.]
3664,[0.]
3665,[8.]
3666,[8.]
3667,[1.]
3668,[1.]
3669,[0.]
3670,[3.]
3671,[0.]
3672,[1.]
3673,[0.]
3674,[4.]
3675,[1.]
3676,[0.]
3677,[5.]
3678,[0.]
3679,[6.]
3680,[0.]
3681,[7.]
3682,[4.]
3683,[0.]
3684,[3.]
3685,[0.]
3686,[6.]
3687,[3.]
3688,[0.]
3689,[0.]
3690,[0.]
3691,[9.]
3692,[0.]
3693,[11.]
3694,[9.]
3695,[3.]
3696,[3.]
3697,[0.]
3698,[0.]
3699,[0.]
3700,[0.]
3701,[4.]
3702,[0.]
3703,[4.]
3704,[0.]
3705,[3.]
3706,[0.]
3707,[6.]
3708,[0.]
3709,[0.]
3710,[4.]
3711,[3.]
3712,[0.]
3713,[1.]
3714,[0.]
3715,[0.]
3716,[3.]
3717,[3.]
3718,[3.]
3719,[0.]
3720,[4.]
3721,[1.]
3722,[2.]
3723,[3.]
3724,[4.]
3725,[0.]
3726,[4.]
3727,[1.]
3728,[1.]
3729,[0.]
3730,[5.]
3731,[0.]
3732,[0.]
3733,[4.]
3734,[0.]
3735,[3.]
3736,[3.]
3737,[6.]
3738,[0.]
3739,[1.]
3740,[0.]
3741,[0.]
3742,[1.]
3743,[1.]
3744,[4.]
3745,[3.]
3746,[3.]
3747,[3.]
3748,[3.]
3749,[0.]
3750,[0.]
3751,[1.]
3752,[0.]
3753,[3.]
3754,[3.]
3755,[0.]
3756,[3.]
3757,[0.]
3758,[1.]
3759,[1.]
3760,[0.]
3761,[3.]
3762,[0.]
3763,[3.]
3764,[1.]
3765,[3.]
3766,[0.]
3767,[0.]
3768,[0.]
3769,[6.]
3770,[3.]
3771,[0.]
3772,[8.]
3773,[6.]
3774,[0.]
3775,[1.]
3776,[1.]
3777,[0.]
3778,[1.]
3779,[0.]
3780,[0.]
3781,[5.]
3782,[0.]
3783,[1.]
3784,[10.]
3785,[4.]
3786,[0.]
3787,[3.]
3788,[6.]
3789,[0.]
3790,[0.]
3791,[6.]
3792,[1.]
3793,[3.]
3794,[0.]
3795,[3.]
3796,[3.]
3797,[0.]
3798,[1.]
3799,[0.]
3800,[8.]
3801,[0.]
3802,[3.]
3803,[0.]
3804,[3.]
3805,[5.]
3806,[1.]
3807,[0.]
3808,[3.]
3809,[3.]
3810,[0.]
3811,[2.]
3812,[10.]
3813,[0.]
3814,[0.]
3815,[1.]
3816,[3.]
3817,[0.]
3818,[0.]
3819,[0.]
3820,[8.]
3821,[7.]
3822,[0.]
3823,[0.]
3824,[0.]
3825,[0.]
3826,[1.]
3827,[0.]
3828,[0.]
3829,[1.]
3830,[0.]
3831,[2.]
3832,[7.]
3833,[0.]
3834,[4.]
3835,[0.]
3836,[3.]
3837,[0.]
3838,[0.]
3839,[0.]
3840,[3.]
3841,[0.]
3842,[0.]
3843,[5.]
3844,[0.]
3845,[0.]
3846,[0.]
3847,[0.]
3848,[0.]
3849,[0.]
3850,[1.]
3851,[4.]
3852,[0.]
3853,[0.]
3854,[0.]
3855,[1.]
3856,[0.]
3857,[1.]
3858,[0.]
3859,[0.]
3860,[1.]
3861,[1.]
3862,[0.]
3863,[1.]
3864,[0.]
3865,[0.]
3866,[4.]
3867,[0.]
3868,[3.]
3869,[0.]
3870,[0.]
3871,[3.]
3872,[4.]
3873,[0.]
3874,[3.]
3875,[0.]
3876,[0.]
3877,[1.]
3878,[1.]
3879,[3.]
3880,[6.]
3881,[1.]
3882,[4.]
3883,[8.]
3884,[3.]
3885,[6.]
3886,[17.]
3887,[0.]
3888,[0.]
3889,[0.]
3890,[0.]
3891,[10.]
3892,[3.]
3893,[0.]
3894,[7.]
3895,[0.]
3896,[0.]
3897,[2.]
3898,[4.]
3899,[0.]
3900,[1.]
3901,[1.]
3902,[7.]
3903,[3.]
3904,[0.]
3905,[0.]
3906,[3.]
3907,[1.]
3908,[0.]
3909,[1.]
3910,[0.]
3911,[0.]
3912,[0.]
3913,[3.]
3914,[0.]
3915,[0.]
3916,[1.]
3917,[0.]
3918,[1.]
3919,[6.]
3920,[4.]
3921,[0.]
3922,[3.]
3923,[3.]
3924,[0.]
3925,[0.]
3926,[0.]
3927,[0.]
3928,[9.]
3929,[9.]
3930,[3.]
3931,[4.]
3932,[7.]
3933,[0.]
3934,[1.]
3935,[0.]
3936,[11.]
3937,[3.]
3938,[0.]
3939,[0.]
3940,[0.]
3941,[4.]
3942,[3.]
3943,[3.]
3944,[0.]
3945,[1.]
3946,[0.]
3947,[0.]
3948,[9.]
3949,[6.]
3950,[1.]
3951,[11.]
3952,[3.]
3953,[2.]
3954,[9.]
3955,[4.]
3956,[9.]
3957,[0.]
3958,[7.]
3959,[0.]
3960,[1.]
3961,[0.]
3962,[0.]
3963,[0.]
3964,[2.]
3965,[1.]
3966,[0.]
3967,[0.]
3968,[1.]
3969,[6.]
3970,[0.]
3971,[0.]
3972,[1.]
3973,[0.]
3974,[7.]
3975,[0.]
3976,[0.]
3977,[0.]
3978,[0.]
3979,[0.]
3980,[1.]
3981,[4.]
3982,[0.]
3983,[0.]
3984,[0.]
3985,[0.]
3986,[2.]
3987,[10.]
3988,[1.]
3989,[0.]
3990,[4.]
3991,[9.]
3992,[0.]
3993,[0.]
3994,[5.]
3995,[9.]
3996,[0.]
3997,[1.]
3998,[3.]
3999,[1.]
4000,[0.]
4001,[0.]
4002,[4.]
4003,[6.]
4004,[5.]
4005,[0.]
4006,[1.]
4007,[6.]
4008,[13.]
4009,[0.]
4010,[8.]
4011,[3.]
4012,[0.]
4013,[0.]
4014,[0.]
4015,[4.]
4016,[1.]
4017,[3.]
4018,[0.]
4019,[10.]
4020,[0.]
4021,[5.]
4022,[0.]
4023,[0.]
4024,[4.]
4025,[9.]
4026,[8.]
4027,[2.]
4028,[0.]
4029,[0.]
4030,[5.]
4031,[2.]
4032,[8.]
4033,[0.]
4034,[0.]
4035,[5.]
4036,[0.]
4037,[3.]
4038,[0.]
4039,[11.]
4040,[0.]
4041,[1.]
4042,[0.]
4043,[1.]
4044,[0.]
4045,[0.]
4046,[0.]
4047,[0.]
4048,[0.]
4049,[3.]
4050,[3.]
4051,[3.]
4052,[0.]
4053,[6.]
4054,[7.]
4055,[0.]
4056,[3.]
4057,[0.]
4058,[0.]
4059,[0.]
4060,[3.]
4061,[0.]
4062,[0.]
4063,[1.]
4064,[3.]
4065,[5.]
4066,[0.]
4067,[1.]
4068,[3.]
4069,[0.]
4070,[0.]
4071,[3.]
4072,[1.]
4073,[3.]
4074,[4.]
4075,[1.]
4076,[0.]
4077,[0.]
4078,[1.]
4079,[0.]
4080,[1.]
4081,[0.]
4082,[3.]
4083,[0.]
4084,[1.]
4085,[0.]
4086,[0.]
4087,[3.]
4088,[4.]
4089,[20.]
4090,[0.]
4091,[3.]
4092,[3.]
4093,[1.]
4094,[3.]
4095,[3.]
4096,[3.]
4097,[7.]
4098,[3.]
4099,[3.]
4100,[15.]
4101,[0.]
4102,[0.]
4103,[0.]
4104,[0.]
4105,[0.]
4106,[0.]
4107,[1.]
4108,[10.]
4109,[3.]
4110,[21.]
4111,[0.]
4112,[0.]
4113,[0.]
4114,[0.]
4115,[1.]
4116,[3.]
4117,[1.]
4118,[0.]
4119,[0.]
4120,[0.]
4121,[1.]
4122,[15.]
4123,[0.]
4124,[1.]
4125,[0.]
4126,[0.]
4127,[1.]
4128,[0.]
4129,[4.]
4130,[3.]
4131,[0.]
4132,[0.]
4133,[1.]
4134,[8.]
4135,[1.]
4136,[3.]
4137,[0.]
4138,[1.]
4139,[0.]
4140,[3.]
4141,[3.]
4142,[0.]
4143,[18.]
4144,[1.]
4145,[16.]
4146,[1.]
4147,[0.]
4148,[0.]
4149,[1.]
4150,[0.]
4151,[4.]
4152,[1.]
4153,[0.]
4154,[0.]
4155,[3.]
4156,[3.]
4157,[1.]
4158,[0.]
4159,[0.]
4160,[5.]
4161,[1.]
4162,[0.]
4163,[1.]
4164,[0.]
4165,[0.]
4166,[2.]
4167,[1.]
4168,[0.]
4169,[0.]
4170,[3.]
4171,[0.]
4172,[0.]
4173,[2.]
4174,[0.]
4175,[20.]
4176,[9.]
4177,[11.]
4178,[0.]
4179,[0.]
4180,[0.]
4181,[4.]
4182,[4.]
4183,[0.]
4184,[0.]
4185,[4.]
4186,[3.]
4187,[3.]
4188,[6.]
4189,[3.]
4190,[1.]
4191,[6.]
4192,[0.]
4193,[4.]
4194,[0.]
4195,[3.]
4196,[3.]
4197,[3.]
4198,[3.]
4199,[0.]
4200,[0.]
4201,[0.]
4202,[0.]
4203,[0.]
4204,[1.]
4205,[1.]
4206,[4.]
4207,[1.]
4208,[0.]
4209,[0.]
4210,[0.]
4211,[4.]
4212,[0.]
4213,[0.]
4214,[3.]
4215,[4.]
4216,[1.]
4217,[8.]
4218,[3.]
4219,[1.]
4220,[0.]
4221,[1.]
4222,[4.]
4223,[6.]
4224,[0.]
4225,[0.]
4226,[0.]
4227,[9.]
4228,[0.]
4229,[0.]
4230,[0.]
4231,[1.]
4232,[4.]
4233,[2.]
4234,[1.]
4235,[4.]
4236,[4.]
4237,[0.]
4238,[0.]
4239,[3.]
4240,[3.]
4241,[6.]
4242,[0.]
4243,[4.]
4244,[0.]
4245,[0.]
4246,[4.]
4247,[0.]
4248,[0.]
4249,[0.]
4250,[12.]
4251,[0.]
4252,[4.]
4253,[5.]
4254,[1.]
4255,[7.]
4256,[8.]
4257,[6.]
4258,[0.]
4259,[0.]
4260,[1.]
4261,[0.]
4262,[3.]
4263,[3.]
4264,[10.]
4265,[3.]
4266,[4.]
4267,[4.]
4268,[0.]
4269,[1.]
4270,[6.]
4271,[9.]
4272,[0.]
4273,[7.]
4274,[0.]
4275,[3.]
4276,[0.]
4277,[1.]
4278,[0.]
4279,[1.]
4280,[0.]
4281,[0.]
4282,[8.]
4283,[8.]
4284,[31.]
4285,[0.]
4286,[0.]
4287,[0.]
4288,[0.]
4289,[7.]
4290,[0.]
4291,[1.]
4292,[4.]
4293,[3.]
4294,[4.]
4295,[1.]
4296,[4.]
4297,[1.]
4298,[0.]
4299,[0.]
4300,[0.]
4301,[6.]
4302,[2.]
4303,[5.]
4304,[1.]
4305,[0.]
4306,[0.]
4307,[0.]
4308,[1.]
4309,[0.]
4310,[3.]
4311,[1.]
4312,[16.]
4313,[3.]
4314,[3.]
4315,[0.]
4316,[4.]
4317,[2.]
4318,[1.]
4319,[4.]
4320,[3.]
4321,[2.]
4322,[3.]
4323,[0.]
4324,[0.]
4325,[1.]
4326,[0.]
4327,[0.]
4328,[0.]
4329,[0.]
4330,[0.]
4331,[5.]
4332,[3.]
4333,[0.]
4334,[0.]
4335,[3.]
4336,[1.]
4337,[9.]
4338,[0.]
4339,[9.]
4340,[0.]
4341,[9.]
4342,[13.]
4343,[0.]
4344,[0.]
4345,[0.]
4346,[0.]
4347,[5.]
4348,[4.]
4349,[0.]
4350,[4.]
4351,[8.]
4352,[3.]
4353,[0.]
4354,[0.]
4355,[0.]
4356,[4.]
4357,[3.]
4358,[0.]
4359,[0.]
4360,[0.]
4361,[0.]
4362,[0.]
4363,[0.]
4364,[0.]
4365,[4.]
4366,[0.]
4367,[0.]
4368,[11.]
4369,[4.]
4370,[0.]
4371,[0.]
4372,[0.]
4373,[0.]
4374,[0.]
4375,[5.]
4376,[1.]
4377,[3.]
4378,[14.]
4379,[0.]
4380,[4.]
4381,[0.]
4382,[9.]
4383,[6.]
4384,[5.]
4385,[0.]
4386,[0.]
4387,[6.]
4388,[0.]
4389,[0.]
4390,[0.]
4391,[0.]
4392,[8.]
4393,[1.]
4394,[1.]
4395,[3.]
4396,[1.]
4397,[3.]
4398,[1.]
4399,[0.]
4400,[5.]
4401,[3.]
4402,[11.]
4403,[0.]
4404,[5.]
4405,[4.]
4406,[6.]
4407,[0.]
4408,[1.]
4409,[4.]
4410,[6.]
4411,[0.]
4412,[0.]
4413,[0.]
4414,[0.]
4415,[1.]
4416,[0.]
4417,[0.]
4418,[6.]
4419,[3.]
4420,[5.]
4421,[4.]
4422,[0.]
4423,[0.]
4424,[24.]
4425,[1.]
4426,[0.]
4427,[2.]
4428,[3.]
4429,[0.]
4430,[0.]
4431,[0.]
4432,[0.]
4433,[5.]
4434,[3.]
4435,[0.]
4436,[4.]
4437,[3.]
4438,[1.]
4439,[3.]
4440,[6.]
4441,[0.]
4442,[0.]
4443,[0.]
4444,[3.]
4445,[7.]
4446,[4.]
4447,[0.]
4448,[0.]
4449,[0.]
4450,[4.]
4451,[0.]
4452,[0.]
4453,[0.]
4454,[1.]
4455,[0.]
4456,[6.]
4457,[0.]
4458,[0.]
4459,[3.]
4460,[0.]
4461,[0.]
4462,[1.]
4463,[11.]
4464,[0.]
4465,[0.]
4466,[0.]
4467,[3.]
4468,[0.]
4469,[11.]
4470,[3.]
4471,[3.]
4472,[0.]
4473,[3.]
4474,[4.]
4475,[2.]
4476,[0.]
4477,[9.]
4478,[0.]
4479,[1.]
4480,[2.]
4481,[0.]
4482,[3.]
4483,[0.]
4484,[0.]
4485,[4.]
4486,[15.]
4487,[0.]
4488,[3.]
4489,[0.]
4490,[0.]
4491,[7.]
4492,[0.]
4493,[0.]
4494,[0.]
4495,[4.]
4496,[0.]
4497,[3.]
4498,[2.]
4499,[1.]
4500,[0.]
4501,[0.]
4502,[0.]
4503,[0.]
4504,[0.]
4505,[0.]
4506,[1.]
4507,[7.]
4508,[7.]
4509,[7.]
4510,[2.]
4511,[1.]
4512,[0.]
4513,[12.]
4514,[0.]
4515,[3.]
4516,[0.]
4517,[3.]
4518,[0.]
4519,[0.]
4520,[1.]
4521,[3.]
4522,[3.]
4523,[5.]
4524,[7.]
4525,[0.]
4526,[0.]
4527,[0.]
4528,[1.]
4529,[3.]
4530,[7.]
4531,[1.]
4532,[3.]
4533,[1.]
4534,[0.]
4535,[0.]
4536,[0.]
4537,[3.]
4538,[0.]
4539,[0.]
4540,[1.]
4541,[0.]
4542,[0.]
4543,[0.]
4544,[4.]
4545,[3.]
4546,[0.]
4547,[0.]
4548,[0.]
4549,[3.]
4550,[0.]
4551,[0.]
4552,[11.]
4553,[0.]
4554,[0.]
4555,[3.]
4556,[1.]
4557,[1.]
4558,[2.]
4559,[3.]
4560,[1.]
4561,[3.]
4562,[0.]
4563,[4.]
4564,[0.]
4565,[0.]
4566,[7.]
4567,[0.]
4568,[0.]
4569,[1.]
4570,[1.]
4571,[0.]
4572,[0.]
4573,[3.]
4574,[0.]
4575,[1.]
4576,[0.]
4577,[0.]
4578,[12.]
4579,[0.]
4580,[0.]
4581,[4.]
4582,[0.]
4583,[0.]
4584,[0.]
4585,[4.]
4586,[0.]
4587,[4.]
4588,[6.]
4589,[0.]
4590,[0.]
4591,[1.]
4592,[5.]
4593,[3.]
4594,[11.]
4595,[1.]
4596,[0.]
4597,[0.]
4598,[0.]
4599,[3.]
4600,[0.]
4601,[3.]
4602,[0.]
4603,[1.]
4604,[0.]
4605,[3.]
4606,[3.]
4607,[0.]
4608,[0.]
4609,[0.]
4610,[3.]
4611,[3.]
4612,[4.]
4613,[1.]
4614,[0.]
4615,[0.]
4616,[24.]
4617,[2.]
4618,[0.]
4619,[1.]
4620,[0.]
4621,[0.]
4622,[4.]
4623,[1.]
4624,[3.]
4625,[1.]
4626,[3.]
4627,[0.]
4628,[14.]
4629,[7.]
4630,[0.]
4631,[12.]
4632,[0.]
4633,[6.]
4634,[0.]
4635,[3.]
4636,[0.]
4637,[1.]
4638,[0.]
4639,[0.]
4640,[10.]
4641,[0.]
4642,[1.]
4643,[3.]
4644,[3.]
4645,[0.]
4646,[0.]
4647,[1.]
4648,[0.]
4649,[11.]
4650,[0.]
4651,[1.]
4652,[1.]
4653,[0.]
4654,[0.]
4655,[2.]
4656,[15.]
4657,[0.]
4658,[0.]
4659,[0.]
4660,[0.]
4661,[1.]
4662,[0.]
4663,[0.]
4664,[7.]
4665,[5.]
4666,[11.]
4667,[0.]
4668,[7.]
4669,[4.]
4670,[11.]
4671,[0.]
4672,[0.]
4673,[0.]
4674,[0.]
4675,[9.]
4676,[0.]
4677,[6.]
4678,[11.]
4679,[3.]
4680,[0.]
4681,[0.]
4682,[0.]
4683,[0.]
4684,[0.]
4685,[0.]
4686,[18.]
4687,[0.]
4688,[7.]
4689,[1.]
4690,[0.]
4691,[0.]
4692,[3.]
4693,[0.]
4694,[1.]
4695,[1.]
4696,[2.]
4697,[3.]
4698,[0.]
4699,[0.]
4700,[0.]
4701,[3.]
4702,[5.]
4703,[0.]
4704,[6.]
4705,[3.]
4706,[0.]
4707,[3.]
4708,[3.]
4709,[0.]
4710,[11.]
4711,[1.]
4712,[7.]
4713,[0.]
4714,[0.]
4715,[1.]
4716,[0.]
4717,[2.]
4718,[0.]
4719,[0.]
4720,[0.]
4721,[0.]
4722,[8.]
4723,[8.]
4724,[17.]
4725,[0.]
4726,[0.]
4727,[1.]
4728,[4.]
4729,[6.]
4730,[0.]
4731,[10.]
4732,[3.]
4733,[0.]
4734,[0.]
4735,[1.]
4736,[1.]
4737,[0.]
4738,[0.]
4739,[3.]
4740,[0.]
4741,[4.]
4742,[0.]
4743,[9.]
4744,[4.]
4745,[3.]
4746,[0.]
4747,[0.]
4748,[0.]
4749,[0.]
4750,[7.]
4751,[0.]
4752,[1.]
4753,[0.]
4754,[4.]
4755,[1.]
4756,[0.]
4757,[0.]
4758,[1.]
4759,[0.]
4760,[1.]
4761,[0.]
4762,[4.]
4763,[8.]
4764,[0.]
4765,[0.]
4766,[0.]
4767,[2.]
4768,[10.]
4769,[4.]
4770,[7.]
4771,[3.]
4772,[1.]
4773,[1.]
4774,[1.]
4775,[3.]
4776,[0.]
4777,[3.]
4778,[2.]
4779,[4.]
4780,[0.]
4781,[0.]
4782,[0.]
4783,[4.]
4784,[4.]
4785,[3.]
4786,[4.]
4787,[0.]
4788,[0.]
4789,[0.]
4790,[4.]
4791,[0.]
4792,[0.]
4793,[0.]
4794,[3.]
4795,[0.]
4796,[10.]
4797,[0.]
4798,[0.]
4799,[0.]
4800,[0.]
4801,[0.]
4802,[0.]
4803,[6.]
4804,[0.]
4805,[0.]
4806,[1.]
4807,[11.]
4808,[7.]
4809,[0.]
4810,[0.]
4811,[3.]
4812,[0.]
4813,[0.]
4814,[0.]
4815,[1.]
4816,[1.]
4817,[2.]
4818,[6.]
4819,[3.]
4820,[1.]
4821,[3.]
4822,[12.]
4823,[0.]
4824,[1.]
4825,[3.]
4826,[1.]
4827,[4.]
4828,[0.]
4829,[0.]
4830,[0.]
4831,[7.]
4832,[3.]
4833,[0.]
4834,[4.]
4835,[0.]
4836,[0.]
4837,[0.]
4838,[7.]
4839,[0.]
4840,[4.]
4841,[4.]
4842,[8.]
4843,[9.]
4844,[0.]
4845,[0.]
4846,[0.]
4847,[0.]
4848,[0.]
4849,[1.]
4850,[0.]
4851,[0.]
4852,[1.]
4853,[0.]
4854,[0.]
4855,[1.]
4856,[0.]
4857,[0.]
4858,[6.]
4859,[4.]
4860,[3.]
4861,[4.]
4862,[1.]
4863,[0.]
4864,[1.]
4865,[0.]
4866,[3.]
4867,[0.]
4868,[4.]
4869,[7.]
4870,[0.]
4871,[0.]
4872,[5.]
4873,[3.]
4874,[0.]
4875,[4.]
4876,[0.]
4877,[0.]
4878,[0.]
4879,[3.]
4880,[1.]
4881,[2.]
4882,[0.]
4883,[0.]
4884,[6.]
4885,[4.]
4886,[9.]
4887,[5.]
4888,[3.]
4889,[0.]
4890,[8.]
4891,[0.]
4892,[1.]
4893,[0.]
4894,[0.]
4895,[9.]
4896,[0.]
4897,[4.]
4898,[4.]
4899,[0.]
4900,[0.]
4901,[1.]
4902,[0.]
4903,[7.]
4904,[8.]
4905,[4.]
4906,[9.]
4907,[1.]
4908,[0.]
4909,[0.]
4910,[1.]
4911,[5.]
4912,[0.]
4913,[4.]
4914,[0.]
4915,[0.]
4916,[0.]
4917,[0.]
4918,[6.]
4919,[1.]
4920,[0.]
4921,[1.]
4922,[31.]
4923,[1.]
4924,[0.]
4925,[1.]
4926,[0.]
4927,[4.]
4928,[3.]
4929,[0.]
4930,[1.]
4931,[1.]
4932,[0.]
4933,[1.]
4934,[4.]
4935,[0.]
4936,[3.]
4937,[0.]
4938,[26.]
4939,[2.]
4940,[0.]
4941,[0.]
4942,[1.]
4943,[5.]
4944,[0.]
4945,[4.]
4946,[3.]
4947,[0.]
4948,[0.]
4949,[1.]
4950,[0.]
4951,[3.]
4952,[0.]
4953,[3.]
4954,[12.]
4955,[2.]
4956,[1.]
4957,[4.]
4958,[14.]
4959,[7.]
4960,[0.]
4961,[4.]
4962,[0.]
4963,[1.]
4964,[0.]
4965,[0.]
4966,[3.]
4967,[0.]
4968,[3.]
4969,[0.]
4970,[0.]
4971,[4.]
4972,[3.]
4973,[0.]
4974,[0.]
4975,[0.]
4976,[17.]
4977,[0.]
4978,[13.]
4979,[2.]
4980,[0.]
4981,[2.]
4982,[3.]
4983,[0.]
4984,[0.]
4985,[7.]
4986,[0.]
4987,[5.]
4988,[1.]
4989,[0.]
4990,[2.]
4991,[0.]
4992,[6.]
4993,[0.]
4994,[3.]
4995,[7.]
4996,[0.]
4997,[4.]
4998,[0.]
4999,[4.]
5000,[0.]
