Episodio,Puntaje
1,[0.]
2,[7.]
3,[0.]
4,[20.]
5,[0.]
6,[4.]
7,[4.]
8,[0.]
9,[26.]
10,[3.]
11,[3.]
12,[0.]
13,[7.]
14,[0.]
15,[41.]
16,[6.]
17,[3.]
18,[0.]
19,[1.]
20,[0.]
21,[0.]
22,[0.]
23,[7.]
24,[4.]
25,[10.]
26,[1.]
27,[0.]
28,[8.]
29,[0.]
30,[23.]
31,[0.]
32,[0.]
33,[10.]
34,[3.]
35,[0.]
36,[6.]
37,[1.]
38,[0.]
39,[0.]
40,[3.]
41,[0.]
42,[0.]
43,[29.]
44,[0.]
45,[2.]
46,[0.]
47,[3.]
48,[18.]
49,[3.]
50,[5.]
51,[0.]
52,[29.]
53,[3.]
54,[5.]
55,[0.]
56,[8.]
57,[6.]
58,[0.]
59,[1.]
60,[3.]
61,[2.]
62,[0.]
63,[0.]
64,[0.]
65,[12.]
66,[3.]
67,[0.]
68,[4.]
69,[1.]
70,[2.]
71,[3.]
72,[0.]
73,[0.]
74,[16.]
75,[0.]
76,[3.]
77,[3.]
78,[0.]
79,[0.]
80,[0.]
81,[0.]
82,[3.]
83,[0.]
84,[19.]
85,[13.]
86,[0.]
87,[3.]
88,[5.]
89,[7.]
90,[4.]
91,[3.]
92,[8.]
93,[3.]
94,[26.]
95,[4.]
96,[0.]
97,[0.]
98,[10.]
99,[1.]
100,[0.]
101,[6.]
102,[10.]
103,[0.]
104,[4.]
105,[1.]
106,[0.]
107,[3.]
108,[0.]
109,[5.]
110,[0.]
111,[3.]
112,[3.]
113,[1.]
114,[0.]
115,[0.]
116,[7.]
117,[2.]
118,[8.]
119,[0.]
120,[10.]
121,[3.]
122,[1.]
123,[22.]
124,[0.]
125,[6.]
126,[26.]
127,[41.]
128,[11.]
129,[3.]
130,[0.]
131,[9.]
132,[1.]
133,[0.]
134,[30.]
135,[1.]
136,[0.]
137,[24.]
138,[1.]
139,[0.]
140,[0.]
141,[12.]
142,[1.]
143,[1.]
144,[0.]
145,[2.]
146,[3.]
147,[0.]
148,[2.]
149,[3.]
150,[6.]
151,[6.]
152,[0.]
153,[0.]
154,[4.]
155,[6.]
156,[1.]
157,[1.]
158,[5.]
159,[4.]
160,[0.]
161,[16.]
162,[6.]
163,[5.]
164,[2.]
165,[0.]
166,[0.]
167,[0.]
168,[3.]
169,[18.]
170,[9.]
171,[8.]
172,[0.]
173,[24.]
174,[0.]
175,[4.]
176,[12.]
177,[8.]
178,[25.]
179,[16.]
180,[0.]
181,[0.]
182,[0.]
183,[0.]
184,[0.]
185,[0.]
186,[18.]
187,[4.]
188,[4.]
189,[0.]
190,[23.]
191,[0.]
192,[4.]
193,[6.]
194,[7.]
195,[4.]
196,[1.]
197,[7.]
198,[0.]
199,[3.]
200,[0.]
201,[5.]
202,[0.]
203,[14.]
204,[3.]
205,[3.]
206,[1.]
207,[0.]
208,[0.]
209,[1.]
210,[4.]
211,[1.]
212,[1.]
213,[0.]
214,[25.]
215,[0.]
216,[6.]
217,[1.]
218,[3.]
219,[1.]
220,[0.]
221,[0.]
222,[0.]
223,[0.]
224,[7.]
225,[0.]
226,[0.]
227,[0.]
228,[3.]
229,[11.]
230,[0.]
231,[0.]
232,[0.]
233,[11.]
234,[0.]
235,[0.]
236,[0.]
237,[0.]
238,[4.]
239,[0.]
240,[1.]
241,[0.]
242,[3.]
243,[1.]
244,[36.]
245,[0.]
246,[0.]
247,[0.]
248,[0.]
249,[4.]
250,[0.]
251,[4.]
252,[0.]
253,[5.]
254,[6.]
255,[0.]
256,[0.]
257,[0.]
258,[1.]
259,[4.]
260,[3.]
261,[6.]
262,[25.]
263,[1.]
264,[1.]
265,[3.]
266,[0.]
267,[0.]
268,[0.]
269,[1.]
270,[11.]
271,[3.]
272,[0.]
273,[4.]
274,[0.]
275,[8.]
276,[11.]
277,[4.]
278,[3.]
279,[0.]
280,[4.]
281,[3.]
282,[0.]
283,[3.]
284,[3.]
285,[1.]
286,[46.]
287,[1.]
288,[3.]
289,[0.]
290,[8.]
291,[4.]
292,[0.]
293,[0.]
294,[3.]
295,[6.]
296,[0.]
297,[15.]
298,[0.]
299,[2.]
300,[12.]
301,[0.]
302,[2.]
303,[4.]
304,[0.]
305,[3.]
306,[25.]
307,[0.]
308,[1.]
309,[0.]
310,[8.]
311,[0.]
312,[2.]
313,[7.]
314,[0.]
315,[0.]
316,[0.]
317,[0.]
318,[0.]
319,[1.]
320,[6.]
321,[10.]
322,[0.]
323,[35.]
324,[1.]
325,[0.]
326,[0.]
327,[0.]
328,[0.]
329,[0.]
330,[1.]
331,[0.]
332,[4.]
333,[2.]
334,[47.]
335,[3.]
336,[3.]
337,[29.]
338,[0.]
339,[4.]
340,[0.]
341,[1.]
342,[0.]
343,[0.]
344,[0.]
345,[0.]
346,[1.]
347,[4.]
348,[0.]
349,[3.]
350,[4.]
351,[1.]
352,[0.]
353,[7.]
354,[11.]
355,[1.]
356,[3.]
357,[28.]
358,[7.]
359,[0.]
360,[7.]
361,[2.]
362,[0.]
363,[4.]
364,[0.]
365,[3.]
366,[4.]
367,[13.]
368,[0.]
369,[10.]
370,[0.]
371,[0.]
372,[0.]
373,[0.]
374,[0.]
375,[6.]
376,[0.]
377,[6.]
378,[16.]
379,[0.]
380,[3.]
381,[0.]
382,[15.]
383,[0.]
384,[3.]
385,[4.]
386,[1.]
387,[13.]
388,[0.]
389,[0.]
390,[3.]
391,[0.]
392,[7.]
393,[1.]
394,[0.]
395,[1.]
396,[9.]
397,[0.]
398,[0.]
399,[10.]
400,[7.]
401,[0.]
402,[5.]
403,[3.]
404,[0.]
405,[0.]
406,[15.]
407,[12.]
408,[0.]
409,[0.]
410,[0.]
411,[3.]
412,[5.]
413,[0.]
414,[41.]
415,[0.]
416,[4.]
417,[28.]
418,[1.]
419,[9.]
420,[2.]
421,[0.]
422,[10.]
423,[7.]
424,[1.]
425,[10.]
426,[4.]
427,[2.]
428,[0.]
429,[12.]
430,[26.]
431,[1.]
432,[0.]
433,[16.]
434,[7.]
435,[5.]
436,[16.]
437,[0.]
438,[11.]
439,[0.]
440,[0.]
441,[0.]
442,[7.]
443,[0.]
444,[2.]
445,[0.]
446,[0.]
447,[1.]
448,[0.]
449,[0.]
450,[0.]
451,[0.]
452,[0.]
453,[0.]
454,[0.]
455,[3.]
456,[29.]
457,[0.]
458,[9.]
459,[0.]
460,[0.]
461,[7.]
462,[13.]
463,[4.]
464,[12.]
465,[0.]
466,[0.]
467,[6.]
468,[0.]
469,[0.]
470,[0.]
471,[0.]
472,[0.]
473,[7.]
474,[0.]
475,[0.]
476,[3.]
477,[0.]
478,[5.]
479,[7.]
480,[12.]
481,[0.]
482,[0.]
483,[8.]
484,[1.]
485,[3.]
486,[0.]
487,[4.]
488,[0.]
489,[0.]
490,[9.]
491,[0.]
492,[0.]
493,[11.]
494,[12.]
495,[0.]
496,[1.]
497,[25.]
498,[9.]
499,[1.]
500,[0.]
501,[0.]
502,[3.]
503,[8.]
504,[0.]
505,[4.]
506,[0.]
507,[3.]
508,[3.]
509,[26.]
510,[0.]
511,[8.]
512,[0.]
513,[1.]
514,[7.]
515,[10.]
516,[35.]
517,[18.]
518,[5.]
519,[0.]
520,[0.]
521,[11.]
522,[8.]
523,[0.]
524,[3.]
525,[0.]
526,[1.]
527,[3.]
528,[5.]
529,[0.]
530,[3.]
531,[0.]
532,[0.]
533,[0.]
534,[8.]
535,[0.]
536,[1.]
537,[0.]
538,[7.]
539,[0.]
540,[0.]
541,[1.]
542,[3.]
543,[6.]
544,[5.]
545,[6.]
546,[5.]
547,[8.]
548,[15.]
549,[0.]
550,[0.]
551,[6.]
552,[0.]
553,[10.]
554,[0.]
555,[1.]
556,[4.]
557,[7.]
558,[0.]
559,[0.]
560,[1.]
561,[3.]
562,[0.]
563,[9.]
564,[0.]
565,[0.]
566,[3.]
567,[7.]
568,[16.]
569,[3.]
570,[7.]
571,[3.]
572,[0.]
573,[7.]
574,[0.]
575,[4.]
576,[0.]
577,[0.]
578,[0.]
579,[0.]
580,[1.]
581,[0.]
582,[0.]
583,[15.]
584,[0.]
585,[0.]
586,[0.]
587,[13.]
588,[1.]
589,[40.]
590,[0.]
591,[0.]
592,[0.]
593,[3.]
594,[5.]
595,[12.]
596,[5.]
597,[0.]
598,[0.]
599,[0.]
600,[6.]
601,[0.]
602,[5.]
603,[2.]
604,[8.]
605,[0.]
606,[14.]
607,[1.]
608,[11.]
609,[14.]
610,[10.]
611,[0.]
612,[7.]
613,[3.]
614,[0.]
615,[0.]
616,[0.]
617,[0.]
618,[0.]
619,[0.]
620,[0.]
621,[0.]
622,[4.]
623,[4.]
624,[0.]
625,[0.]
626,[3.]
627,[5.]
628,[4.]
629,[42.]
630,[1.]
631,[0.]
632,[0.]
633,[0.]
634,[0.]
635,[2.]
636,[20.]
637,[11.]
638,[3.]
639,[3.]
640,[4.]
641,[1.]
642,[0.]
643,[0.]
644,[9.]
645,[1.]
646,[0.]
647,[2.]
648,[38.]
649,[11.]
650,[6.]
651,[1.]
652,[1.]
653,[0.]
654,[0.]
655,[3.]
656,[1.]
657,[5.]
658,[2.]
659,[19.]
660,[3.]
661,[0.]
662,[0.]
663,[8.]
664,[4.]
665,[0.]
666,[0.]
667,[4.]
668,[45.]
669,[2.]
670,[0.]
671,[10.]
672,[3.]
673,[1.]
674,[0.]
675,[0.]
676,[19.]
677,[0.]
678,[6.]
679,[7.]
680,[4.]
681,[0.]
682,[13.]
683,[0.]
684,[9.]
685,[0.]
686,[0.]
687,[4.]
688,[0.]
689,[3.]
690,[3.]
691,[14.]
692,[0.]
693,[15.]
694,[43.]
695,[3.]
696,[1.]
697,[0.]
698,[4.]
699,[7.]
700,[0.]
701,[0.]
702,[2.]
703,[0.]
704,[1.]
705,[4.]
706,[0.]
707,[27.]
708,[0.]
709,[3.]
710,[3.]
711,[3.]
712,[0.]
713,[32.]
714,[1.]
715,[7.]
716,[8.]
717,[11.]
718,[21.]
719,[0.]
720,[0.]
721,[18.]
722,[3.]
723,[12.]
724,[0.]
725,[3.]
726,[0.]
727,[0.]
728,[7.]
729,[13.]
730,[0.]
731,[11.]
732,[0.]
733,[21.]
734,[4.]
735,[0.]
736,[0.]
737,[0.]
738,[22.]
739,[5.]
740,[44.]
741,[7.]
742,[12.]
743,[0.]
744,[6.]
745,[8.]
746,[3.]
747,[0.]
748,[0.]
749,[3.]
750,[64.]
751,[0.]
752,[0.]
753,[4.]
754,[14.]
755,[6.]
756,[3.]
757,[3.]
758,[38.]
759,[0.]
760,[1.]
761,[1.]
762,[0.]
763,[18.]
764,[0.]
765,[6.]
766,[0.]
767,[39.]
768,[20.]
769,[14.]
770,[6.]
771,[4.]
772,[1.]
773,[4.]
774,[3.]
775,[4.]
776,[1.]
777,[3.]
778,[0.]
779,[0.]
780,[9.]
781,[0.]
782,[19.]
783,[0.]
784,[9.]
785,[3.]
786,[0.]
787,[1.]
788,[0.]
789,[0.]
790,[0.]
791,[0.]
792,[0.]
793,[1.]
794,[14.]
795,[3.]
796,[4.]
797,[0.]
798,[4.]
799,[0.]
800,[0.]
801,[3.]
802,[1.]
803,[11.]
804,[6.]
805,[9.]
806,[3.]
807,[1.]
808,[3.]
809,[2.]
810,[0.]
811,[13.]
812,[0.]
813,[0.]
814,[6.]
815,[8.]
816,[9.]
817,[3.]
818,[21.]
819,[48.]
820,[0.]
821,[0.]
822,[10.]
823,[3.]
824,[0.]
825,[6.]
826,[0.]
827,[1.]
828,[0.]
829,[5.]
830,[1.]
831,[4.]
832,[3.]
833,[4.]
834,[0.]
835,[7.]
836,[3.]
837,[8.]
838,[13.]
839,[4.]
840,[1.]
841,[16.]
842,[0.]
843,[1.]
844,[6.]
845,[11.]
846,[62.]
847,[1.]
848,[0.]
849,[11.]
850,[3.]
851,[0.]
852,[1.]
853,[5.]
854,[25.]
855,[0.]
856,[0.]
857,[0.]
858,[0.]
859,[0.]
860,[11.]
861,[1.]
862,[19.]
863,[0.]
864,[4.]
865,[1.]
866,[3.]
867,[0.]
868,[0.]
869,[0.]
870,[4.]
871,[26.]
872,[0.]
873,[7.]
874,[6.]
875,[0.]
876,[1.]
877,[4.]
878,[1.]
879,[12.]
880,[3.]
881,[4.]
882,[0.]
883,[0.]
884,[0.]
885,[4.]
886,[6.]
887,[4.]
888,[4.]
889,[8.]
890,[0.]
891,[3.]
892,[0.]
893,[0.]
894,[11.]
895,[0.]
896,[0.]
897,[1.]
898,[10.]
899,[4.]
900,[0.]
901,[4.]
902,[0.]
903,[0.]
904,[0.]
905,[0.]
906,[8.]
907,[3.]
908,[5.]
909,[0.]
910,[0.]
911,[0.]
912,[0.]
913,[8.]
914,[0.]
915,[5.]
916,[0.]
917,[0.]
918,[0.]
919,[13.]
920,[3.]
921,[2.]
922,[0.]
923,[0.]
924,[0.]
925,[6.]
926,[5.]
927,[0.]
928,[0.]
929,[0.]
930,[0.]
931,[0.]
932,[0.]
933,[0.]
934,[3.]
935,[7.]
936,[3.]
937,[15.]
938,[1.]
939,[0.]
940,[33.]
941,[4.]
942,[0.]
943,[2.]
944,[5.]
945,[0.]
946,[3.]
947,[68.]
948,[0.]
949,[1.]
950,[12.]
951,[16.]
952,[0.]
953,[4.]
954,[0.]
955,[6.]
956,[4.]
957,[0.]
958,[3.]
959,[13.]
960,[2.]
961,[3.]
962,[0.]
963,[1.]
964,[3.]
965,[0.]
966,[9.]
967,[3.]
968,[4.]
969,[4.]
970,[5.]
971,[6.]
972,[6.]
973,[1.]
974,[2.]
975,[10.]
976,[1.]
977,[3.]
978,[1.]
979,[0.]
980,[0.]
981,[7.]
982,[8.]
983,[0.]
984,[0.]
985,[0.]
986,[34.]
987,[0.]
988,[4.]
989,[34.]
990,[21.]
991,[1.]
992,[13.]
993,[0.]
994,[29.]
995,[0.]
996,[0.]
997,[0.]
998,[11.]
999,[21.]
1000,[0.]
1001,[1.]
1002,[3.]
1003,[4.]
1004,[0.]
1005,[0.]
1006,[3.]
1007,[3.]
1008,[8.]
1009,[0.]
1010,[34.]
1011,[1.]
1012,[7.]
1013,[0.]
1014,[0.]
1015,[1.]
1016,[0.]
1017,[0.]
1018,[0.]
1019,[0.]
1020,[0.]
1021,[0.]
1022,[0.]
1023,[6.]
1024,[3.]
1025,[2.]
1026,[4.]
1027,[1.]
1028,[4.]
1029,[0.]
1030,[6.]
1031,[3.]
1032,[0.]
1033,[1.]
1034,[15.]
1035,[3.]
1036,[0.]
1037,[7.]
1038,[0.]
1039,[2.]
1040,[6.]
1041,[5.]
1042,[0.]
1043,[6.]
1044,[6.]
1045,[6.]
1046,[3.]
1047,[3.]
1048,[1.]
1049,[0.]
1050,[0.]
1051,[1.]
1052,[3.]
1053,[0.]
1054,[6.]
1055,[0.]
1056,[0.]
1057,[1.]
1058,[0.]
1059,[1.]
1060,[14.]
1061,[3.]
1062,[2.]
1063,[27.]
1064,[0.]
1065,[0.]
1066,[20.]
1067,[0.]
1068,[0.]
1069,[14.]
1070,[0.]
1071,[0.]
1072,[2.]
1073,[0.]
1074,[0.]
1075,[1.]
1076,[3.]
1077,[6.]
1078,[1.]
1079,[2.]
1080,[0.]
1081,[1.]
1082,[2.]
1083,[0.]
1084,[0.]
1085,[0.]
1086,[1.]
1087,[6.]
1088,[5.]
1089,[0.]
1090,[5.]
1091,[3.]
1092,[0.]
1093,[0.]
1094,[1.]
1095,[0.]
1096,[1.]
1097,[0.]
1098,[0.]
1099,[0.]
1100,[0.]
1101,[3.]
1102,[0.]
1103,[31.]
1104,[1.]
1105,[3.]
1106,[0.]
1107,[0.]
1108,[3.]
1109,[3.]
1110,[0.]
1111,[5.]
1112,[13.]
1113,[0.]
1114,[0.]
1115,[14.]
1116,[5.]
1117,[7.]
1118,[3.]
1119,[5.]
1120,[0.]
1121,[8.]
1122,[10.]
1123,[22.]
1124,[0.]
1125,[1.]
1126,[3.]
1127,[3.]
1128,[17.]
1129,[1.]
1130,[7.]
1131,[14.]
1132,[3.]
1133,[16.]
1134,[0.]
1135,[3.]
1136,[0.]
1137,[6.]
1138,[4.]
1139,[0.]
1140,[5.]
1141,[8.]
1142,[1.]
1143,[18.]
1144,[0.]
1145,[11.]
1146,[0.]
1147,[4.]
1148,[3.]
1149,[0.]
1150,[10.]
1151,[5.]
1152,[2.]
1153,[0.]
1154,[0.]
1155,[3.]
1156,[0.]
1157,[0.]
1158,[0.]
1159,[16.]
1160,[0.]
1161,[3.]
1162,[14.]
1163,[1.]
1164,[0.]
1165,[0.]
1166,[3.]
1167,[4.]
1168,[24.]
1169,[30.]
1170,[4.]
1171,[0.]
1172,[0.]
1173,[3.]
1174,[2.]
1175,[12.]
1176,[1.]
1177,[11.]
1178,[0.]
1179,[0.]
1180,[2.]
1181,[0.]
1182,[3.]
1183,[2.]
1184,[0.]
1185,[7.]
1186,[1.]
1187,[0.]
1188,[3.]
1189,[0.]
1190,[0.]
1191,[0.]
1192,[3.]
1193,[0.]
1194,[0.]
1195,[18.]
1196,[0.]
1197,[4.]
1198,[11.]
1199,[1.]
1200,[0.]
1201,[17.]
1202,[8.]
1203,[11.]
1204,[8.]
1205,[0.]
1206,[3.]
1207,[0.]
1208,[2.]
1209,[0.]
1210,[14.]
1211,[1.]
1212,[4.]
1213,[0.]
1214,[0.]
1215,[28.]
1216,[0.]
1217,[3.]
1218,[6.]
1219,[4.]
1220,[3.]
1221,[3.]
1222,[0.]
1223,[7.]
1224,[0.]
1225,[7.]
1226,[14.]
1227,[0.]
1228,[44.]
1229,[0.]
1230,[9.]
1231,[31.]
1232,[0.]
1233,[0.]
1234,[0.]
1235,[0.]
1236,[0.]
1237,[0.]
1238,[0.]
1239,[0.]
1240,[0.]
1241,[11.]
1242,[13.]
1243,[7.]
1244,[0.]
1245,[25.]
1246,[0.]
1247,[6.]
1248,[6.]
1249,[1.]
1250,[0.]
1251,[8.]
1252,[8.]
1253,[4.]
1254,[0.]
1255,[3.]
1256,[3.]
1257,[1.]
1258,[35.]
1259,[0.]
1260,[0.]
1261,[0.]
1262,[1.]
1263,[11.]
1264,[1.]
1265,[42.]
1266,[0.]
1267,[0.]
1268,[3.]
1269,[0.]
1270,[1.]
1271,[14.]
1272,[0.]
1273,[0.]
1274,[7.]
1275,[1.]
1276,[0.]
1277,[0.]
1278,[4.]
1279,[0.]
1280,[4.]
1281,[13.]
1282,[15.]
1283,[0.]
1284,[12.]
1285,[15.]
1286,[9.]
1287,[0.]
1288,[2.]
1289,[15.]
1290,[15.]
1291,[3.]
1292,[0.]
1293,[6.]
1294,[0.]
1295,[0.]
1296,[2.]
1297,[7.]
1298,[4.]
1299,[5.]
1300,[0.]
1301,[4.]
1302,[22.]
1303,[0.]
1304,[1.]
1305,[0.]
1306,[0.]
1307,[0.]
1308,[0.]
1309,[0.]
1310,[6.]
1311,[4.]
1312,[19.]
1313,[1.]
1314,[6.]
1315,[1.]
1316,[0.]
1317,[12.]
1318,[0.]
1319,[3.]
1320,[11.]
1321,[24.]
1322,[0.]
1323,[0.]
1324,[0.]
1325,[0.]
1326,[4.]
1327,[7.]
1328,[4.]
1329,[1.]
1330,[6.]
1331,[0.]
1332,[10.]
1333,[5.]
1334,[1.]
1335,[0.]
1336,[0.]
1337,[0.]
1338,[0.]
1339,[1.]
1340,[7.]
1341,[0.]
1342,[0.]
1343,[4.]
1344,[0.]
1345,[3.]
1346,[2.]
1347,[34.]
1348,[4.]
1349,[0.]
1350,[18.]
1351,[0.]
1352,[6.]
1353,[11.]
1354,[9.]
1355,[23.]
1356,[0.]
1357,[0.]
1358,[0.]
1359,[0.]
1360,[0.]
1361,[17.]
1362,[6.]
1363,[13.]
1364,[0.]
1365,[2.]
1366,[6.]
1367,[0.]
1368,[12.]
1369,[0.]
1370,[1.]
1371,[1.]
1372,[1.]
1373,[0.]
1374,[11.]
1375,[27.]
1376,[0.]
1377,[0.]
1378,[1.]
1379,[4.]
1380,[0.]
1381,[0.]
1382,[0.]
1383,[0.]
1384,[15.]
1385,[5.]
1386,[8.]
1387,[20.]
1388,[6.]
1389,[44.]
1390,[9.]
1391,[0.]
1392,[3.]
1393,[10.]
1394,[16.]
1395,[4.]
1396,[22.]
1397,[1.]
1398,[2.]
1399,[3.]
1400,[0.]
1401,[0.]
1402,[4.]
1403,[8.]
1404,[0.]
1405,[0.]
1406,[1.]
1407,[6.]
1408,[0.]
1409,[0.]
1410,[9.]
1411,[1.]
1412,[4.]
1413,[10.]
1414,[0.]
1415,[1.]
1416,[13.]
1417,[0.]
1418,[0.]
1419,[0.]
1420,[3.]
1421,[1.]
1422,[0.]
1423,[0.]
1424,[11.]
1425,[0.]
1426,[0.]
1427,[10.]
1428,[0.]
1429,[1.]
1430,[7.]
1431,[12.]
1432,[3.]
1433,[9.]
1434,[33.]
1435,[11.]
1436,[3.]
1437,[3.]
1438,[7.]
1439,[0.]
1440,[4.]
1441,[1.]
1442,[6.]
1443,[0.]
1444,[21.]
1445,[0.]
1446,[0.]
1447,[3.]
1448,[0.]
1449,[0.]
1450,[4.]
1451,[6.]
1452,[0.]
1453,[33.]
1454,[0.]
1455,[6.]
1456,[1.]
1457,[12.]
1458,[1.]
1459,[8.]
1460,[20.]
1461,[0.]
1462,[19.]
1463,[4.]
1464,[1.]
1465,[0.]
1466,[0.]
1467,[1.]
1468,[8.]
1469,[0.]
1470,[3.]
1471,[3.]
1472,[0.]
1473,[7.]
1474,[3.]
1475,[0.]
1476,[0.]
1477,[3.]
1478,[4.]
1479,[0.]
1480,[9.]
1481,[0.]
1482,[2.]
1483,[0.]
1484,[0.]
1485,[0.]
1486,[1.]
1487,[1.]
1488,[0.]
1489,[18.]
1490,[0.]
1491,[0.]
1492,[9.]
1493,[17.]
1494,[6.]
1495,[5.]
1496,[0.]
1497,[0.]
1498,[9.]
1499,[0.]
1500,[0.]
1501,[1.]
1502,[0.]
1503,[0.]
1504,[0.]
1505,[1.]
1506,[2.]
1507,[0.]
1508,[0.]
1509,[1.]
1510,[0.]
1511,[4.]
1512,[9.]
1513,[8.]
1514,[23.]
1515,[11.]
1516,[0.]
1517,[0.]
1518,[1.]
1519,[1.]
1520,[1.]
1521,[12.]
1522,[0.]
1523,[11.]
1524,[0.]
1525,[7.]
1526,[2.]
1527,[1.]
1528,[0.]
1529,[0.]
1530,[0.]
1531,[0.]
1532,[0.]
1533,[8.]
1534,[6.]
1535,[0.]
1536,[3.]
1537,[12.]
1538,[6.]
1539,[5.]
1540,[0.]
1541,[8.]
1542,[0.]
1543,[43.]
1544,[40.]
1545,[0.]
1546,[16.]
1547,[0.]
1548,[1.]
1549,[1.]
1550,[0.]
1551,[1.]
1552,[0.]
1553,[12.]
1554,[5.]
1555,[18.]
1556,[0.]
1557,[0.]
1558,[0.]
1559,[7.]
1560,[0.]
1561,[22.]
1562,[4.]
1563,[0.]
1564,[0.]
1565,[26.]
1566,[0.]
1567,[38.]
1568,[11.]
1569,[1.]
1570,[50.]
1571,[0.]
1572,[5.]
1573,[0.]
1574,[2.]
1575,[7.]
1576,[5.]
1577,[7.]
1578,[4.]
1579,[4.]
1580,[1.]
1581,[10.]
1582,[0.]
1583,[1.]
1584,[0.]
1585,[4.]
1586,[9.]
1587,[21.]
1588,[4.]
1589,[12.]
1590,[0.]
1591,[1.]
1592,[6.]
1593,[2.]
1594,[5.]
1595,[4.]
1596,[0.]
1597,[3.]
1598,[8.]
1599,[1.]
1600,[14.]
1601,[8.]
1602,[16.]
1603,[0.]
1604,[0.]
1605,[0.]
1606,[23.]
1607,[9.]
1608,[1.]
1609,[0.]
1610,[0.]
1611,[10.]
1612,[0.]
1613,[7.]
1614,[0.]
1615,[4.]
1616,[1.]
1617,[0.]
1618,[0.]
1619,[0.]
1620,[0.]
1621,[0.]
1622,[0.]
1623,[1.]
1624,[7.]
1625,[27.]
1626,[9.]
1627,[0.]
1628,[0.]
1629,[1.]
1630,[16.]
1631,[4.]
1632,[12.]
1633,[6.]
1634,[1.]
1635,[0.]
1636,[1.]
1637,[27.]
1638,[3.]
1639,[1.]
1640,[2.]
1641,[0.]
1642,[42.]
1643,[7.]
1644,[2.]
1645,[0.]
1646,[7.]
1647,[10.]
1648,[0.]
1649,[4.]
1650,[0.]
1651,[0.]
1652,[0.]
1653,[8.]
1654,[6.]
1655,[0.]
1656,[0.]
1657,[7.]
1658,[2.]
1659,[0.]
1660,[0.]
1661,[0.]
1662,[3.]
1663,[0.]
1664,[3.]
1665,[14.]
1666,[41.]
1667,[7.]
1668,[1.]
1669,[2.]
1670,[27.]
1671,[4.]
1672,[6.]
1673,[0.]
1674,[17.]
1675,[1.]
1676,[4.]
1677,[1.]
1678,[0.]
1679,[17.]
1680,[1.]
1681,[2.]
1682,[4.]
1683,[7.]
1684,[14.]
1685,[35.]
1686,[3.]
1687,[3.]
1688,[6.]
1689,[1.]
1690,[3.]
1691,[11.]
1692,[0.]
1693,[0.]
1694,[0.]
1695,[0.]
1696,[0.]
1697,[0.]
1698,[3.]
1699,[0.]
1700,[0.]
1701,[9.]
1702,[3.]
1703,[3.]
1704,[1.]
1705,[4.]
1706,[4.]
1707,[1.]
1708,[2.]
1709,[0.]
1710,[5.]
1711,[30.]
1712,[14.]
1713,[2.]
1714,[0.]
1715,[3.]
1716,[36.]
1717,[1.]
1718,[17.]
1719,[0.]
1720,[16.]
1721,[3.]
1722,[0.]
1723,[0.]
1724,[3.]
1725,[5.]
1726,[0.]
1727,[0.]
1728,[13.]
1729,[0.]
1730,[0.]
1731,[0.]
1732,[0.]
1733,[0.]
1734,[10.]
1735,[0.]
1736,[8.]
1737,[14.]
1738,[6.]
1739,[15.]
1740,[0.]
1741,[3.]
1742,[0.]
1743,[1.]
1744,[1.]
1745,[10.]
1746,[0.]
1747,[0.]
1748,[3.]
1749,[0.]
1750,[1.]
1751,[9.]
1752,[2.]
1753,[16.]
1754,[0.]
1755,[0.]
1756,[1.]
1757,[3.]
1758,[0.]
1759,[1.]
1760,[8.]
1761,[1.]
1762,[3.]
1763,[3.]
1764,[1.]
1765,[1.]
1766,[3.]
1767,[7.]
1768,[5.]
1769,[6.]
1770,[3.]
1771,[5.]
1772,[1.]
1773,[0.]
1774,[0.]
1775,[1.]
1776,[3.]
1777,[0.]
1778,[0.]
1779,[0.]
1780,[0.]
1781,[6.]
1782,[6.]
1783,[8.]
1784,[0.]
1785,[3.]
1786,[0.]
1787,[8.]
1788,[0.]
1789,[0.]
1790,[6.]
1791,[3.]
1792,[2.]
1793,[17.]
1794,[0.]
1795,[14.]
1796,[0.]
1797,[0.]
1798,[0.]
1799,[3.]
1800,[1.]
1801,[0.]
1802,[0.]
1803,[0.]
1804,[0.]
1805,[1.]
1806,[1.]
1807,[0.]
1808,[2.]
1809,[0.]
1810,[0.]
1811,[0.]
1812,[14.]
1813,[3.]
1814,[7.]
1815,[0.]
1816,[0.]
1817,[0.]
1818,[0.]
1819,[0.]
1820,[1.]
1821,[18.]
1822,[0.]
1823,[0.]
1824,[1.]
1825,[8.]
1826,[9.]
1827,[8.]
1828,[3.]
1829,[0.]
1830,[0.]
1831,[5.]
1832,[0.]
1833,[34.]
1834,[0.]
1835,[0.]
1836,[7.]
1837,[5.]
1838,[0.]
1839,[0.]
1840,[0.]
1841,[0.]
1842,[0.]
1843,[1.]
1844,[4.]
1845,[4.]
1846,[0.]
1847,[0.]
1848,[0.]
1849,[0.]
1850,[4.]
1851,[0.]
1852,[0.]
1853,[5.]
1854,[0.]
1855,[0.]
1856,[4.]
1857,[36.]
1858,[11.]
1859,[1.]
1860,[0.]
1861,[33.]
1862,[4.]
1863,[4.]
1864,[3.]
1865,[3.]
1866,[1.]
1867,[8.]
1868,[0.]
1869,[10.]
1870,[0.]
1871,[1.]
1872,[3.]
1873,[0.]
1874,[0.]
1875,[3.]
1876,[0.]
1877,[13.]
1878,[4.]
1879,[0.]
1880,[1.]
1881,[5.]
1882,[0.]
1883,[3.]
1884,[0.]
1885,[18.]
1886,[2.]
1887,[1.]
1888,[1.]
1889,[0.]
1890,[3.]
1891,[0.]
1892,[8.]
1893,[0.]
1894,[21.]
1895,[19.]
1896,[0.]
1897,[4.]
1898,[0.]
1899,[6.]
1900,[0.]
1901,[5.]
1902,[0.]
1903,[6.]
1904,[4.]
1905,[1.]
1906,[0.]
1907,[0.]
1908,[6.]
1909,[5.]
1910,[2.]
1911,[0.]
1912,[0.]
1913,[1.]
1914,[0.]
1915,[16.]
1916,[0.]
1917,[0.]
1918,[3.]
1919,[3.]
1920,[0.]
1921,[14.]
1922,[7.]
1923,[7.]
1924,[8.]
1925,[0.]
1926,[0.]
1927,[0.]
1928,[0.]
1929,[0.]
1930,[0.]
1931,[0.]
1932,[7.]
1933,[1.]
1934,[1.]
1935,[4.]
1936,[3.]
1937,[19.]
1938,[2.]
1939,[4.]
1940,[8.]
1941,[0.]
1942,[1.]
1943,[0.]
1944,[0.]
1945,[0.]
1946,[4.]
1947,[0.]
1948,[16.]
1949,[0.]
1950,[16.]
1951,[3.]
1952,[0.]
1953,[1.]
1954,[2.]
1955,[0.]
1956,[0.]
1957,[13.]
1958,[1.]
1959,[2.]
1960,[10.]
1961,[5.]
1962,[0.]
1963,[24.]
1964,[4.]
1965,[0.]
1966,[7.]
1967,[3.]
1968,[1.]
1969,[0.]
1970,[0.]
1971,[3.]
1972,[0.]
1973,[0.]
1974,[1.]
1975,[1.]
1976,[3.]
1977,[0.]
1978,[0.]
1979,[1.]
1980,[0.]
1981,[0.]
1982,[3.]
1983,[1.]
1984,[3.]
1985,[0.]
1986,[0.]
1987,[0.]
1988,[4.]
1989,[8.]
1990,[5.]
1991,[4.]
1992,[0.]
1993,[0.]
1994,[0.]
1995,[0.]
1996,[0.]
1997,[0.]
1998,[16.]
1999,[0.]
2000,[6.]
2001,[8.]
2002,[9.]
2003,[6.]
2004,[0.]
2005,[12.]
2006,[0.]
2007,[6.]
2008,[9.]
2009,[6.]
2010,[0.]
2011,[4.]
2012,[0.]
2013,[6.]
2014,[0.]
2015,[4.]
2016,[20.]
2017,[11.]
2018,[9.]
2019,[0.]
2020,[0.]
2021,[2.]
2022,[6.]
2023,[3.]
2024,[0.]
2025,[0.]
2026,[1.]
2027,[2.]
2028,[16.]
2029,[3.]
2030,[0.]
2031,[2.]
2032,[13.]
2033,[14.]
2034,[0.]
2035,[6.]
2036,[6.]
2037,[24.]
2038,[0.]
2039,[12.]
2040,[0.]
2041,[1.]
2042,[0.]
2043,[0.]
2044,[0.]
2045,[4.]
2046,[1.]
2047,[0.]
2048,[0.]
2049,[3.]
2050,[0.]
2051,[0.]
2052,[2.]
2053,[3.]
2054,[0.]
2055,[0.]
2056,[1.]
2057,[0.]
2058,[0.]
2059,[1.]
2060,[11.]
2061,[7.]
2062,[37.]
2063,[9.]
2064,[12.]
2065,[8.]
2066,[4.]
2067,[8.]
2068,[4.]
2069,[0.]
2070,[0.]
2071,[0.]
2072,[4.]
2073,[0.]
2074,[0.]
2075,[11.]
2076,[0.]
2077,[1.]
2078,[0.]
2079,[0.]
2080,[1.]
2081,[0.]
2082,[7.]
2083,[0.]
2084,[0.]
2085,[0.]
2086,[51.]
2087,[0.]
2088,[0.]
2089,[6.]
2090,[3.]
2091,[0.]
2092,[0.]
2093,[3.]
2094,[1.]
2095,[0.]
2096,[0.]
2097,[0.]
2098,[0.]
2099,[0.]
2100,[0.]
2101,[1.]
2102,[7.]
2103,[0.]
2104,[0.]
2105,[0.]
2106,[15.]
2107,[0.]
2108,[5.]
2109,[15.]
2110,[0.]
2111,[3.]
2112,[0.]
2113,[0.]
2114,[7.]
2115,[9.]
2116,[4.]
2117,[0.]
2118,[0.]
2119,[24.]
2120,[25.]
2121,[0.]
2122,[22.]
2123,[8.]
2124,[0.]
2125,[27.]
2126,[11.]
2127,[11.]
2128,[31.]
2129,[0.]
2130,[7.]
2131,[1.]
2132,[1.]
2133,[0.]
2134,[0.]
2135,[0.]
2136,[8.]
2137,[3.]
2138,[1.]
2139,[0.]
2140,[0.]
2141,[0.]
2142,[0.]
2143,[5.]
2144,[0.]
2145,[1.]
2146,[5.]
2147,[6.]
2148,[7.]
2149,[8.]
2150,[3.]
2151,[0.]
2152,[7.]
2153,[0.]
2154,[0.]
2155,[0.]
2156,[22.]
2157,[3.]
2158,[0.]
2159,[0.]
2160,[4.]
2161,[9.]
2162,[0.]
2163,[7.]
2164,[0.]
2165,[1.]
2166,[1.]
2167,[0.]
2168,[12.]
2169,[0.]
2170,[2.]
2171,[1.]
2172,[0.]
2173,[4.]
2174,[0.]
2175,[0.]
2176,[1.]
2177,[4.]
2178,[1.]
2179,[0.]
2180,[3.]
2181,[4.]
2182,[3.]
2183,[1.]
2184,[3.]
2185,[3.]
2186,[0.]
2187,[28.]
2188,[4.]
2189,[0.]
2190,[4.]
2191,[35.]
2192,[4.]
2193,[3.]
2194,[7.]
2195,[0.]
2196,[0.]
2197,[0.]
2198,[6.]
2199,[10.]
2200,[0.]
2201,[6.]
2202,[1.]
2203,[0.]
2204,[3.]
2205,[16.]
2206,[0.]
2207,[0.]
2208,[8.]
2209,[17.]
2210,[5.]
2211,[12.]
2212,[0.]
2213,[3.]
2214,[1.]
2215,[0.]
2216,[0.]
2217,[10.]
2218,[0.]
2219,[1.]
2220,[3.]
2221,[13.]
2222,[0.]
2223,[0.]
2224,[16.]
2225,[0.]
2226,[1.]
2227,[36.]
2228,[7.]
2229,[0.]
2230,[0.]
2231,[0.]
2232,[11.]
2233,[33.]
2234,[13.]
2235,[2.]
2236,[10.]
2237,[0.]
2238,[3.]
2239,[3.]
2240,[0.]
2241,[0.]
2242,[14.]
2243,[0.]
2244,[4.]
2245,[2.]
2246,[0.]
2247,[13.]
2248,[6.]
2249,[5.]
2250,[10.]
2251,[0.]
2252,[3.]
2253,[1.]
2254,[3.]
2255,[0.]
2256,[0.]
2257,[20.]
2258,[23.]
2259,[1.]
2260,[56.]
2261,[5.]
2262,[0.]
2263,[11.]
2264,[18.]
2265,[0.]
2266,[0.]
2267,[10.]
2268,[0.]
2269,[0.]
2270,[10.]
2271,[0.]
2272,[0.]
2273,[0.]
2274,[0.]
2275,[3.]
2276,[5.]
2277,[25.]
2278,[3.]
2279,[0.]
2280,[7.]
2281,[6.]
2282,[2.]
2283,[0.]
2284,[25.]
2285,[0.]
2286,[1.]
2287,[0.]
2288,[8.]
2289,[0.]
2290,[0.]
2291,[0.]
2292,[0.]
2293,[6.]
2294,[4.]
2295,[12.]
2296,[0.]
2297,[4.]
2298,[4.]
2299,[3.]
2300,[0.]
2301,[0.]
2302,[1.]
2303,[3.]
2304,[9.]
2305,[0.]
2306,[9.]
2307,[4.]
2308,[0.]
2309,[2.]
2310,[5.]
2311,[0.]
2312,[3.]
2313,[0.]
2314,[14.]
2315,[9.]
2316,[1.]
2317,[7.]
2318,[0.]
2319,[13.]
2320,[3.]
2321,[6.]
2322,[1.]
2323,[0.]
2324,[3.]
2325,[9.]
2326,[0.]
2327,[2.]
2328,[11.]
2329,[13.]
2330,[8.]
2331,[4.]
2332,[3.]
2333,[0.]
2334,[0.]
2335,[3.]
2336,[0.]
2337,[1.]
2338,[1.]
2339,[6.]
2340,[1.]
2341,[6.]
2342,[8.]
2343,[3.]
2344,[7.]
2345,[0.]
2346,[0.]
2347,[10.]
2348,[0.]
2349,[13.]
2350,[0.]
2351,[7.]
2352,[4.]
2353,[4.]
2354,[0.]
2355,[8.]
2356,[10.]
2357,[0.]
2358,[0.]
2359,[4.]
2360,[0.]
2361,[0.]
2362,[0.]
2363,[14.]
2364,[3.]
2365,[13.]
2366,[5.]
2367,[0.]
2368,[0.]
2369,[15.]
2370,[4.]
2371,[0.]
2372,[7.]
2373,[4.]
2374,[0.]
2375,[1.]
2376,[4.]
2377,[17.]
2378,[2.]
2379,[0.]
2380,[8.]
2381,[0.]
2382,[4.]
2383,[3.]
2384,[1.]
2385,[0.]
2386,[4.]
2387,[3.]
2388,[1.]
2389,[24.]
2390,[14.]
2391,[0.]
2392,[0.]
2393,[0.]
2394,[0.]
2395,[14.]
2396,[0.]
2397,[0.]
2398,[5.]
2399,[7.]
2400,[0.]
2401,[0.]
2402,[0.]
2403,[6.]
2404,[1.]
2405,[3.]
2406,[0.]
2407,[3.]
2408,[0.]
2409,[0.]
2410,[0.]
2411,[0.]
2412,[26.]
2413,[0.]
2414,[0.]
2415,[1.]
2416,[0.]
2417,[18.]
2418,[4.]
2419,[15.]
2420,[0.]
2421,[6.]
2422,[18.]
2423,[2.]
2424,[27.]
2425,[9.]
2426,[1.]
2427,[1.]
2428,[1.]
2429,[6.]
2430,[0.]
2431,[4.]
2432,[3.]
2433,[3.]
2434,[2.]
2435,[1.]
2436,[14.]
2437,[4.]
2438,[1.]
2439,[2.]
2440,[1.]
2441,[3.]
2442,[4.]
2443,[4.]
2444,[4.]
2445,[9.]
2446,[4.]
2447,[1.]
2448,[5.]
2449,[3.]
2450,[6.]
2451,[0.]
2452,[1.]
2453,[0.]
2454,[0.]
2455,[4.]
2456,[0.]
2457,[4.]
2458,[0.]
2459,[13.]
2460,[10.]
2461,[0.]
2462,[1.]
2463,[5.]
2464,[5.]
2465,[1.]
2466,[5.]
2467,[4.]
2468,[3.]
2469,[8.]
2470,[11.]
2471,[1.]
2472,[0.]
2473,[0.]
2474,[6.]
2475,[1.]
2476,[3.]
2477,[0.]
2478,[10.]
2479,[4.]
2480,[5.]
2481,[5.]
2482,[0.]
2483,[0.]
2484,[0.]
2485,[1.]
2486,[0.]
2487,[0.]
2488,[3.]
2489,[9.]
2490,[3.]
2491,[3.]
2492,[43.]
2493,[0.]
2494,[24.]
2495,[1.]
2496,[5.]
2497,[0.]
2498,[2.]
2499,[3.]
2500,[0.]
2501,[3.]
2502,[0.]
2503,[15.]
2504,[4.]
2505,[5.]
2506,[12.]
2507,[1.]
2508,[1.]
2509,[3.]
2510,[0.]
2511,[1.]
2512,[2.]
2513,[12.]
2514,[6.]
2515,[3.]
2516,[0.]
2517,[0.]
2518,[1.]
2519,[3.]
2520,[2.]
2521,[0.]
2522,[12.]
2523,[0.]
2524,[1.]
2525,[1.]
2526,[0.]
2527,[3.]
2528,[3.]
2529,[3.]
2530,[22.]
2531,[0.]
2532,[8.]
2533,[0.]
2534,[1.]
2535,[3.]
2536,[1.]
2537,[0.]
2538,[17.]
2539,[12.]
2540,[1.]
2541,[0.]
2542,[7.]
2543,[0.]
2544,[3.]
2545,[79.]
2546,[2.]
2547,[1.]
2548,[8.]
2549,[13.]
2550,[0.]
2551,[0.]
2552,[4.]
2553,[20.]
2554,[4.]
2555,[17.]
2556,[0.]
2557,[5.]
2558,[0.]
2559,[1.]
2560,[1.]
2561,[0.]
2562,[2.]
2563,[22.]
2564,[3.]
2565,[0.]
2566,[3.]
2567,[5.]
2568,[1.]
2569,[15.]
2570,[0.]
2571,[10.]
2572,[0.]
2573,[0.]
2574,[0.]
2575,[8.]
2576,[4.]
2577,[6.]
2578,[0.]
2579,[2.]
2580,[7.]
2581,[0.]
2582,[0.]
2583,[0.]
2584,[3.]
2585,[3.]
2586,[16.]
2587,[8.]
2588,[10.]
2589,[11.]
2590,[3.]
2591,[2.]
2592,[17.]
2593,[7.]
2594,[0.]
2595,[0.]
2596,[10.]
2597,[14.]
2598,[0.]
2599,[0.]
2600,[0.]
2601,[4.]
2602,[0.]
2603,[0.]
2604,[0.]
2605,[3.]
2606,[3.]
2607,[1.]
2608,[0.]
2609,[0.]
2610,[3.]
2611,[8.]
2612,[8.]
2613,[11.]
2614,[11.]
2615,[1.]
2616,[16.]
2617,[1.]
2618,[0.]
2619,[1.]
2620,[3.]
2621,[11.]
2622,[0.]
2623,[3.]
2624,[10.]
2625,[3.]
2626,[26.]
2627,[14.]
2628,[3.]
2629,[0.]
2630,[36.]
2631,[0.]
2632,[7.]
2633,[0.]
2634,[4.]
2635,[0.]
2636,[4.]
2637,[3.]
2638,[8.]
2639,[3.]
2640,[1.]
2641,[0.]
2642,[2.]
2643,[0.]
2644,[6.]
2645,[43.]
2646,[6.]
2647,[17.]
2648,[0.]
2649,[0.]
2650,[9.]
2651,[5.]
2652,[0.]
2653,[3.]
2654,[3.]
2655,[5.]
2656,[0.]
2657,[0.]
2658,[7.]
2659,[0.]
2660,[0.]
2661,[0.]
2662,[0.]
2663,[0.]
2664,[0.]
2665,[9.]
2666,[0.]
2667,[1.]
2668,[3.]
2669,[0.]
2670,[0.]
2671,[0.]
2672,[39.]
2673,[21.]
2674,[0.]
2675,[4.]
2676,[0.]
2677,[0.]
2678,[23.]
2679,[0.]
2680,[7.]
2681,[3.]
2682,[0.]
2683,[3.]
2684,[0.]
2685,[0.]
2686,[0.]
2687,[1.]
2688,[3.]
2689,[4.]
2690,[3.]
2691,[8.]
2692,[0.]
2693,[3.]
2694,[0.]
2695,[1.]
2696,[3.]
2697,[0.]
2698,[9.]
2699,[3.]
2700,[2.]
2701,[7.]
2702,[0.]
2703,[28.]
2704,[6.]
2705,[31.]
2706,[0.]
2707,[3.]
2708,[0.]
2709,[6.]
2710,[0.]
2711,[4.]
2712,[7.]
2713,[3.]
2714,[9.]
2715,[0.]
2716,[0.]
2717,[0.]
2718,[23.]
2719,[8.]
2720,[0.]
2721,[28.]
2722,[36.]
2723,[1.]
2724,[0.]
2725,[4.]
2726,[0.]
2727,[7.]
2728,[0.]
2729,[48.]
2730,[9.]
2731,[0.]
2732,[0.]
2733,[1.]
2734,[4.]
2735,[0.]
2736,[5.]
2737,[0.]
2738,[4.]
2739,[10.]
2740,[20.]
2741,[0.]
2742,[0.]
2743,[0.]
2744,[0.]
2745,[3.]
2746,[0.]
2747,[3.]
2748,[31.]
2749,[5.]
2750,[6.]
2751,[0.]
2752,[4.]
2753,[10.]
2754,[20.]
2755,[9.]
2756,[3.]
2757,[1.]
2758,[1.]
2759,[0.]
2760,[5.]
2761,[0.]
2762,[11.]
2763,[1.]
2764,[0.]
2765,[0.]
2766,[0.]
2767,[14.]
2768,[33.]
2769,[5.]
2770,[6.]
2771,[4.]
2772,[0.]
2773,[7.]
2774,[4.]
2775,[10.]
2776,[0.]
2777,[5.]
2778,[3.]
2779,[12.]
2780,[9.]
2781,[6.]
2782,[11.]
2783,[4.]
2784,[11.]
2785,[6.]
2786,[10.]
2787,[14.]
2788,[3.]
2789,[10.]
2790,[6.]
2791,[11.]
2792,[0.]
2793,[1.]
2794,[8.]
2795,[0.]
2796,[4.]
2797,[0.]
2798,[3.]
2799,[0.]
2800,[0.]
2801,[0.]
2802,[14.]
2803,[0.]
2804,[0.]
2805,[2.]
2806,[0.]
2807,[3.]
2808,[1.]
2809,[7.]
2810,[0.]
2811,[3.]
2812,[0.]
2813,[17.]
2814,[0.]
2815,[0.]
2816,[13.]
2817,[45.]
2818,[3.]
2819,[11.]
2820,[0.]
2821,[0.]
2822,[5.]
2823,[0.]
2824,[4.]
2825,[0.]
2826,[3.]
2827,[19.]
2828,[1.]
2829,[0.]
2830,[0.]
2831,[7.]
2832,[1.]
2833,[0.]
2834,[18.]
2835,[3.]
2836,[2.]
2837,[2.]
2838,[1.]
2839,[0.]
2840,[11.]
2841,[0.]
2842,[2.]
2843,[10.]
2844,[1.]
2845,[0.]
2846,[0.]
2847,[6.]
2848,[0.]
2849,[0.]
2850,[2.]
2851,[13.]
2852,[4.]
2853,[3.]
2854,[1.]
2855,[4.]
2856,[1.]
2857,[1.]
2858,[0.]
2859,[26.]
2860,[4.]
2861,[0.]
2862,[10.]
2863,[1.]
2864,[0.]
2865,[2.]
2866,[0.]
2867,[0.]
2868,[2.]
2869,[7.]
2870,[1.]
2871,[11.]
2872,[0.]
2873,[0.]
2874,[0.]
2875,[0.]
2876,[3.]
2877,[4.]
2878,[0.]
2879,[1.]
2880,[2.]
2881,[0.]
2882,[0.]
2883,[0.]
2884,[0.]
2885,[4.]
2886,[5.]
2887,[0.]
2888,[3.]
2889,[3.]
2890,[0.]
2891,[0.]
2892,[0.]
2893,[6.]
2894,[2.]
2895,[1.]
2896,[9.]
2897,[6.]
2898,[0.]
2899,[1.]
2900,[16.]
2901,[17.]
2902,[4.]
2903,[29.]
2904,[8.]
2905,[12.]
2906,[0.]
2907,[0.]
2908,[10.]
2909,[5.]
2910,[4.]
2911,[0.]
2912,[55.]
2913,[0.]
2914,[0.]
2915,[1.]
2916,[6.]
2917,[0.]
2918,[4.]
2919,[6.]
2920,[4.]
2921,[7.]
2922,[1.]
2923,[4.]
2924,[0.]
2925,[0.]
2926,[1.]
2927,[10.]
2928,[5.]
2929,[7.]
2930,[0.]
2931,[16.]
2932,[0.]
2933,[3.]
2934,[24.]
2935,[0.]
2936,[0.]
2937,[7.]
2938,[6.]
2939,[6.]
2940,[3.]
2941,[18.]
2942,[0.]
2943,[3.]
2944,[0.]
2945,[0.]
2946,[1.]
2947,[0.]
2948,[1.]
2949,[0.]
2950,[0.]
2951,[7.]
2952,[3.]
2953,[9.]
2954,[4.]
2955,[1.]
2956,[0.]
2957,[4.]
2958,[0.]
2959,[9.]
2960,[0.]
2961,[4.]
2962,[0.]
2963,[0.]
2964,[4.]
2965,[0.]
2966,[14.]
2967,[0.]
2968,[16.]
2969,[6.]
2970,[1.]
2971,[20.]
2972,[3.]
2973,[0.]
2974,[6.]
2975,[0.]
2976,[1.]
2977,[0.]
2978,[5.]
2979,[3.]
2980,[0.]
2981,[0.]
2982,[1.]
2983,[6.]
2984,[11.]
2985,[8.]
2986,[0.]
2987,[1.]
2988,[0.]
2989,[0.]
2990,[0.]
2991,[16.]
2992,[0.]
2993,[5.]
2994,[9.]
2995,[1.]
2996,[7.]
2997,[0.]
2998,[0.]
2999,[13.]
3000,[4.]
3001,[4.]
3002,[3.]
3003,[0.]
3004,[0.]
3005,[4.]
3006,[0.]
3007,[0.]
3008,[0.]
3009,[0.]
3010,[36.]
3011,[13.]
3012,[3.]
3013,[0.]
3014,[2.]
3015,[0.]
3016,[4.]
3017,[0.]
3018,[0.]
3019,[3.]
3020,[0.]
3021,[0.]
3022,[0.]
3023,[7.]
3024,[0.]
3025,[0.]
3026,[0.]
3027,[1.]
3028,[3.]
3029,[1.]
3030,[0.]
3031,[0.]
3032,[0.]
3033,[11.]
3034,[4.]
3035,[4.]
3036,[3.]
3037,[2.]
3038,[20.]
3039,[5.]
3040,[16.]
3041,[0.]
3042,[3.]
3043,[1.]
3044,[0.]
3045,[5.]
3046,[0.]
3047,[1.]
3048,[0.]
3049,[0.]
3050,[3.]
3051,[2.]
3052,[16.]
3053,[3.]
3054,[0.]
3055,[0.]
3056,[17.]
3057,[19.]
3058,[11.]
3059,[0.]
3060,[0.]
3061,[0.]
3062,[8.]
3063,[0.]
3064,[1.]
3065,[1.]
3066,[4.]
3067,[0.]
3068,[3.]
3069,[0.]
3070,[0.]
3071,[11.]
3072,[3.]
3073,[0.]
3074,[2.]
3075,[0.]
3076,[3.]
3077,[1.]
3078,[0.]
3079,[20.]
3080,[7.]
3081,[0.]
3082,[0.]
3083,[3.]
3084,[0.]
3085,[13.]
3086,[0.]
3087,[3.]
3088,[5.]
3089,[0.]
3090,[1.]
3091,[0.]
3092,[13.]
3093,[3.]
3094,[4.]
3095,[8.]
3096,[8.]
3097,[6.]
3098,[8.]
3099,[3.]
3100,[0.]
3101,[0.]
3102,[7.]
3103,[2.]
3104,[0.]
3105,[0.]
3106,[1.]
3107,[6.]
3108,[0.]
3109,[0.]
3110,[3.]
3111,[1.]
3112,[3.]
3113,[2.]
3114,[1.]
3115,[10.]
3116,[49.]
3117,[0.]
3118,[0.]
3119,[0.]
3120,[24.]
3121,[0.]
3122,[0.]
3123,[0.]
3124,[0.]
3125,[5.]
3126,[1.]
3127,[0.]
3128,[11.]
3129,[0.]
3130,[0.]
3131,[0.]
3132,[1.]
3133,[3.]
3134,[0.]
3135,[3.]
3136,[23.]
3137,[0.]
3138,[3.]
3139,[77.]
3140,[0.]
3141,[0.]
3142,[15.]
3143,[1.]
3144,[7.]
3145,[0.]
3146,[4.]
3147,[0.]
3148,[0.]
3149,[0.]
3150,[6.]
3151,[0.]
3152,[1.]
3153,[4.]
3154,[7.]
3155,[0.]
3156,[1.]
3157,[0.]
3158,[6.]
3159,[0.]
3160,[1.]
3161,[0.]
3162,[1.]
3163,[0.]
3164,[0.]
3165,[3.]
3166,[1.]
3167,[1.]
3168,[11.]
3169,[0.]
3170,[4.]
3171,[6.]
3172,[21.]
3173,[11.]
3174,[2.]
3175,[4.]
3176,[5.]
3177,[7.]
3178,[1.]
3179,[0.]
3180,[0.]
3181,[1.]
3182,[5.]
3183,[0.]
3184,[3.]
3185,[14.]
3186,[9.]
3187,[3.]
3188,[0.]
3189,[0.]
3190,[0.]
3191,[0.]
3192,[4.]
3193,[0.]
3194,[0.]
3195,[0.]
3196,[6.]
3197,[2.]
3198,[11.]
3199,[6.]
3200,[17.]
3201,[0.]
3202,[12.]
3203,[0.]
3204,[17.]
3205,[1.]
3206,[6.]
3207,[7.]
3208,[3.]
3209,[0.]
3210,[0.]
3211,[3.]
3212,[23.]
3213,[7.]
3214,[1.]
3215,[14.]
3216,[0.]
3217,[6.]
3218,[6.]
3219,[3.]
3220,[2.]
3221,[8.]
3222,[6.]
3223,[0.]
3224,[0.]
3225,[10.]
3226,[1.]
3227,[3.]
3228,[1.]
3229,[1.]
3230,[2.]
3231,[2.]
3232,[8.]
3233,[3.]
3234,[0.]
3235,[4.]
3236,[0.]
3237,[8.]
3238,[1.]
3239,[3.]
3240,[1.]
3241,[0.]
3242,[6.]
3243,[1.]
3244,[0.]
3245,[0.]
3246,[3.]
3247,[3.]
3248,[5.]
3249,[6.]
3250,[4.]
3251,[11.]
3252,[0.]
3253,[4.]
3254,[0.]
3255,[4.]
3256,[0.]
3257,[0.]
3258,[0.]
3259,[13.]
3260,[3.]
3261,[3.]
3262,[0.]
3263,[0.]
3264,[0.]
3265,[5.]
3266,[0.]
3267,[17.]
3268,[6.]
3269,[3.]
3270,[4.]
3271,[0.]
3272,[0.]
3273,[0.]
3274,[0.]
3275,[0.]
3276,[0.]
3277,[4.]
3278,[6.]
3279,[0.]
3280,[20.]
3281,[6.]
3282,[0.]
3283,[7.]
3284,[0.]
3285,[2.]
3286,[0.]
3287,[7.]
3288,[3.]
3289,[0.]
3290,[0.]
3291,[6.]
3292,[6.]
3293,[0.]
3294,[0.]
3295,[1.]
3296,[3.]
3297,[17.]
3298,[3.]
3299,[21.]
3300,[18.]
3301,[0.]
3302,[0.]
3303,[0.]
3304,[1.]
3305,[7.]
3306,[8.]
3307,[4.]
3308,[3.]
3309,[1.]
3310,[0.]
3311,[0.]
3312,[0.]
3313,[7.]
3314,[2.]
3315,[0.]
3316,[0.]
3317,[5.]
3318,[0.]
3319,[13.]
3320,[1.]
3321,[0.]
3322,[17.]
3323,[44.]
3324,[2.]
3325,[3.]
3326,[1.]
3327,[0.]
3328,[3.]
3329,[10.]
3330,[1.]
3331,[0.]
3332,[7.]
3333,[15.]
3334,[0.]
3335,[14.]
3336,[0.]
3337,[3.]
3338,[3.]
3339,[1.]
3340,[4.]
3341,[3.]
3342,[4.]
3343,[1.]
3344,[9.]
3345,[4.]
3346,[3.]
3347,[5.]
3348,[1.]
3349,[6.]
3350,[0.]
3351,[6.]
3352,[0.]
3353,[0.]
3354,[4.]
3355,[4.]
3356,[8.]
3357,[4.]
3358,[0.]
3359,[0.]
3360,[7.]
3361,[1.]
3362,[5.]
3363,[3.]
3364,[0.]
3365,[1.]
3366,[4.]
3367,[0.]
3368,[4.]
3369,[7.]
3370,[0.]
3371,[0.]
3372,[0.]
3373,[4.]
3374,[0.]
3375,[5.]
3376,[0.]
3377,[2.]
3378,[0.]
3379,[0.]
3380,[3.]
3381,[1.]
3382,[4.]
3383,[20.]
3384,[4.]
3385,[14.]
3386,[0.]
3387,[13.]
3388,[3.]
3389,[0.]
3390,[8.]
3391,[6.]
3392,[65.]
3393,[0.]
3394,[0.]
3395,[4.]
3396,[0.]
3397,[0.]
3398,[3.]
3399,[0.]
3400,[3.]
3401,[0.]
3402,[1.]
3403,[8.]
3404,[0.]
3405,[4.]
3406,[0.]
3407,[3.]
3408,[4.]
3409,[0.]
3410,[0.]
3411,[3.]
3412,[0.]
3413,[1.]
3414,[13.]
3415,[0.]
3416,[2.]
3417,[0.]
3418,[17.]
3419,[3.]
3420,[1.]
3421,[0.]
3422,[0.]
3423,[4.]
3424,[3.]
3425,[5.]
3426,[4.]
3427,[3.]
3428,[1.]
3429,[0.]
3430,[17.]
3431,[0.]
3432,[0.]
3433,[2.]
3434,[4.]
3435,[12.]
3436,[20.]
3437,[0.]
3438,[5.]
3439,[21.]
3440,[4.]
3441,[0.]
3442,[0.]
3443,[10.]
3444,[0.]
3445,[3.]
3446,[0.]
3447,[3.]
3448,[0.]
3449,[1.]
3450,[2.]
3451,[0.]
3452,[0.]
3453,[10.]
3454,[0.]
3455,[3.]
3456,[2.]
3457,[0.]
3458,[7.]
3459,[9.]
3460,[0.]
3461,[6.]
3462,[3.]
3463,[0.]
3464,[44.]
3465,[1.]
3466,[1.]
3467,[4.]
3468,[0.]
3469,[0.]
3470,[4.]
3471,[3.]
3472,[3.]
3473,[9.]
3474,[0.]
3475,[0.]
3476,[11.]
3477,[4.]
3478,[4.]
3479,[5.]
3480,[0.]
3481,[3.]
3482,[3.]
3483,[0.]
3484,[3.]
3485,[3.]
3486,[10.]
3487,[0.]
3488,[5.]
3489,[6.]
3490,[0.]
3491,[1.]
3492,[25.]
3493,[0.]
3494,[18.]
3495,[0.]
3496,[4.]
3497,[0.]
3498,[8.]
3499,[9.]
3500,[3.]
3501,[0.]
3502,[16.]
3503,[0.]
3504,[4.]
3505,[0.]
3506,[1.]
3507,[0.]
3508,[7.]
3509,[0.]
3510,[5.]
3511,[4.]
3512,[0.]
3513,[41.]
3514,[4.]
3515,[1.]
3516,[17.]
3517,[5.]
3518,[0.]
3519,[11.]
3520,[0.]
3521,[0.]
3522,[16.]
3523,[4.]
3524,[4.]
3525,[2.]
3526,[19.]
3527,[4.]
3528,[0.]
3529,[9.]
3530,[0.]
3531,[0.]
3532,[1.]
3533,[0.]
3534,[1.]
3535,[43.]
3536,[0.]
3537,[8.]
3538,[13.]
3539,[0.]
3540,[7.]
3541,[0.]
3542,[0.]
3543,[0.]
3544,[0.]
3545,[0.]
3546,[2.]
3547,[0.]
3548,[0.]
3549,[10.]
3550,[0.]
3551,[0.]
3552,[0.]
3553,[21.]
3554,[8.]
3555,[13.]
3556,[13.]
3557,[0.]
3558,[3.]
3559,[9.]
3560,[6.]
3561,[3.]
3562,[12.]
3563,[17.]
3564,[1.]
3565,[3.]
3566,[0.]
3567,[3.]
3568,[0.]
3569,[4.]
3570,[0.]
3571,[1.]
3572,[0.]
3573,[0.]
3574,[2.]
3575,[0.]
3576,[0.]
3577,[0.]
3578,[9.]
3579,[1.]
3580,[1.]
3581,[0.]
3582,[0.]
3583,[0.]
3584,[3.]
3585,[0.]
3586,[3.]
3587,[9.]
3588,[0.]
3589,[5.]
3590,[0.]
3591,[0.]
3592,[0.]
3593,[0.]
3594,[0.]
3595,[1.]
3596,[8.]
3597,[1.]
3598,[0.]
3599,[0.]
3600,[9.]
3601,[3.]
3602,[15.]
3603,[5.]
3604,[4.]
3605,[0.]
3606,[0.]
3607,[10.]
3608,[0.]
3609,[2.]
3610,[0.]
3611,[3.]
3612,[18.]
3613,[5.]
3614,[0.]
3615,[0.]
3616,[0.]
3617,[0.]
3618,[10.]
3619,[9.]
3620,[0.]
3621,[22.]
3622,[0.]
3623,[0.]
3624,[0.]
3625,[0.]
3626,[0.]
3627,[6.]
3628,[3.]
3629,[3.]
3630,[0.]
3631,[0.]
3632,[3.]
3633,[9.]
3634,[0.]
3635,[4.]
3636,[0.]
3637,[0.]
3638,[0.]
3639,[9.]
3640,[0.]
3641,[0.]
3642,[1.]
3643,[0.]
3644,[3.]
3645,[1.]
3646,[2.]
3647,[3.]
3648,[1.]
3649,[3.]
3650,[3.]
3651,[9.]
3652,[7.]
3653,[3.]
3654,[9.]
3655,[3.]
3656,[23.]
3657,[0.]
3658,[0.]
3659,[26.]
3660,[44.]
3661,[4.]
3662,[3.]
3663,[4.]
3664,[17.]
3665,[4.]
3666,[3.]
3667,[3.]
3668,[10.]
3669,[4.]
3670,[3.]
3671,[1.]
3672,[3.]
3673,[0.]
3674,[3.]
3675,[17.]
3676,[0.]
3677,[4.]
3678,[8.]
3679,[4.]
3680,[1.]
3681,[3.]
3682,[1.]
3683,[0.]
3684,[5.]
3685,[1.]
3686,[0.]
3687,[10.]
3688,[12.]
3689,[1.]
3690,[0.]
3691,[8.]
3692,[4.]
3693,[10.]
3694,[3.]
3695,[27.]
3696,[25.]
3697,[2.]
3698,[3.]
3699,[4.]
3700,[1.]
3701,[0.]
3702,[0.]
3703,[15.]
3704,[31.]
3705,[2.]
3706,[3.]
3707,[46.]
3708,[0.]
3709,[3.]
3710,[0.]
3711,[1.]
3712,[10.]
3713,[0.]
3714,[2.]
3715,[11.]
3716,[9.]
3717,[5.]
3718,[6.]
3719,[10.]
3720,[3.]
3721,[0.]
3722,[3.]
3723,[6.]
3724,[0.]
3725,[21.]
3726,[0.]
3727,[1.]
3728,[0.]
3729,[0.]
3730,[0.]
3731,[3.]
3732,[0.]
3733,[14.]
3734,[3.]
3735,[0.]
3736,[0.]
3737,[4.]
3738,[0.]
3739,[0.]
3740,[0.]
3741,[7.]
3742,[7.]
3743,[14.]
3744,[0.]
3745,[8.]
3746,[7.]
3747,[0.]
3748,[0.]
3749,[3.]
3750,[0.]
3751,[9.]
3752,[8.]
3753,[3.]
3754,[7.]
3755,[0.]
3756,[5.]
3757,[0.]
3758,[4.]
3759,[0.]
3760,[3.]
3761,[0.]
3762,[6.]
3763,[14.]
3764,[14.]
3765,[3.]
3766,[12.]
3767,[6.]
3768,[0.]
3769,[0.]
3770,[6.]
3771,[0.]
3772,[0.]
3773,[1.]
3774,[0.]
3775,[0.]
3776,[0.]
3777,[5.]
3778,[0.]
3779,[0.]
3780,[0.]
3781,[0.]
3782,[10.]
3783,[6.]
3784,[22.]
3785,[1.]
3786,[1.]
3787,[0.]
3788,[3.]
3789,[0.]
3790,[6.]
3791,[3.]
3792,[1.]
3793,[1.]
3794,[6.]
3795,[0.]
3796,[0.]
3797,[3.]
3798,[21.]
3799,[3.]
3800,[0.]
3801,[6.]
3802,[14.]
3803,[1.]
3804,[7.]
3805,[23.]
3806,[0.]
3807,[0.]
3808,[0.]
3809,[0.]
3810,[3.]
3811,[4.]
3812,[0.]
3813,[2.]
3814,[12.]
3815,[14.]
3816,[0.]
3817,[4.]
3818,[2.]
3819,[4.]
3820,[4.]
3821,[3.]
3822,[0.]
3823,[0.]
3824,[1.]
3825,[0.]
3826,[19.]
3827,[4.]
3828,[10.]
3829,[0.]
3830,[0.]
3831,[0.]
3832,[6.]
3833,[13.]
3834,[6.]
3835,[17.]
3836,[2.]
3837,[1.]
3838,[0.]
3839,[0.]
3840,[3.]
3841,[0.]
3842,[0.]
3843,[5.]
3844,[12.]
3845,[0.]
3846,[0.]
3847,[3.]
3848,[1.]
3849,[0.]
3850,[0.]
3851,[7.]
3852,[18.]
3853,[6.]
3854,[3.]
3855,[0.]
3856,[1.]
3857,[10.]
3858,[4.]
3859,[4.]
3860,[0.]
3861,[18.]
3862,[0.]
3863,[3.]
3864,[0.]
3865,[0.]
3866,[5.]
3867,[4.]
3868,[6.]
3869,[4.]
3870,[8.]
3871,[5.]
3872,[0.]
3873,[0.]
3874,[0.]
3875,[0.]
3876,[1.]
3877,[6.]
3878,[0.]
3879,[7.]
3880,[0.]
3881,[19.]
3882,[1.]
3883,[0.]
3884,[0.]
3885,[1.]
3886,[0.]
3887,[0.]
3888,[0.]
3889,[0.]
3890,[18.]
3891,[0.]
3892,[0.]
3893,[1.]
3894,[3.]
3895,[13.]
3896,[0.]
3897,[0.]
3898,[8.]
3899,[0.]
3900,[1.]
3901,[0.]
3902,[3.]
3903,[3.]
3904,[1.]
3905,[18.]
3906,[4.]
3907,[3.]
3908,[9.]
3909,[10.]
3910,[13.]
3911,[10.]
3912,[10.]
3913,[1.]
3914,[0.]
3915,[0.]
3916,[55.]
3917,[8.]
3918,[23.]
3919,[3.]
3920,[12.]
3921,[1.]
3922,[0.]
3923,[0.]
3924,[0.]
3925,[0.]
3926,[6.]
3927,[0.]
3928,[1.]
3929,[0.]
3930,[4.]
3931,[11.]
3932,[7.]
3933,[13.]
3934,[8.]
3935,[3.]
3936,[12.]
3937,[1.]
3938,[0.]
3939,[0.]
3940,[0.]
3941,[6.]
3942,[0.]
3943,[0.]
3944,[3.]
3945,[0.]
3946,[0.]
3947,[3.]
3948,[3.]
3949,[0.]
3950,[1.]
3951,[0.]
3952,[0.]
3953,[1.]
3954,[1.]
3955,[0.]
3956,[0.]
3957,[0.]
3958,[21.]
3959,[3.]
3960,[0.]
3961,[0.]
3962,[0.]
3963,[0.]
3964,[1.]
3965,[9.]
3966,[4.]
3967,[1.]
3968,[11.]
3969,[21.]
3970,[3.]
3971,[20.]
3972,[0.]
3973,[7.]
3974,[0.]
3975,[3.]
3976,[0.]
3977,[15.]
3978,[0.]
3979,[0.]
3980,[0.]
3981,[21.]
3982,[7.]
3983,[1.]
3984,[0.]
3985,[4.]
3986,[6.]
3987,[2.]
3988,[0.]
3989,[0.]
3990,[0.]
3991,[10.]
3992,[7.]
3993,[0.]
3994,[3.]
3995,[26.]
3996,[0.]
3997,[9.]
3998,[43.]
3999,[0.]
4000,[0.]
4001,[2.]
4002,[4.]
4003,[44.]
4004,[0.]
4005,[8.]
4006,[0.]
4007,[0.]
4008,[6.]
4009,[3.]
4010,[0.]
4011,[0.]
4012,[20.]
4013,[8.]
4014,[31.]
4015,[7.]
4016,[10.]
4017,[4.]
4018,[3.]
4019,[0.]
4020,[11.]
4021,[1.]
4022,[2.]
4023,[23.]
4024,[0.]
4025,[0.]
4026,[0.]
4027,[0.]
4028,[4.]
4029,[3.]
4030,[21.]
4031,[10.]
4032,[0.]
4033,[1.]
4034,[3.]
4035,[3.]
4036,[9.]
4037,[0.]
4038,[0.]
4039,[0.]
4040,[3.]
4041,[0.]
4042,[0.]
4043,[0.]
4044,[13.]
4045,[7.]
4046,[4.]
4047,[7.]
4048,[0.]
4049,[0.]
4050,[0.]
4051,[0.]
4052,[4.]
4053,[6.]
4054,[0.]
4055,[39.]
4056,[0.]
4057,[8.]
4058,[22.]
4059,[14.]
4060,[1.]
4061,[7.]
4062,[0.]
4063,[3.]
4064,[3.]
4065,[4.]
4066,[0.]
4067,[2.]
4068,[11.]
4069,[21.]
4070,[0.]
4071,[2.]
4072,[9.]
4073,[11.]
4074,[10.]
4075,[0.]
4076,[9.]
4077,[12.]
4078,[0.]
4079,[3.]
4080,[9.]
4081,[0.]
4082,[5.]
4083,[4.]
4084,[0.]
4085,[1.]
4086,[4.]
4087,[2.]
4088,[0.]
4089,[3.]
4090,[1.]
4091,[0.]
4092,[7.]
4093,[7.]
4094,[9.]
4095,[0.]
4096,[13.]
4097,[1.]
4098,[3.]
4099,[0.]
4100,[1.]
4101,[6.]
4102,[1.]
4103,[3.]
4104,[3.]
4105,[0.]
4106,[0.]
4107,[2.]
4108,[22.]
4109,[1.]
4110,[3.]
4111,[0.]
4112,[0.]
4113,[5.]
4114,[3.]
4115,[1.]
4116,[4.]
4117,[0.]
4118,[0.]
4119,[0.]
4120,[0.]
4121,[3.]
4122,[9.]
4123,[0.]
4124,[1.]
4125,[7.]
4126,[1.]
4127,[37.]
4128,[0.]
4129,[21.]
4130,[24.]
4131,[2.]
4132,[4.]
4133,[0.]
4134,[1.]
4135,[2.]
4136,[1.]
4137,[4.]
4138,[4.]
4139,[0.]
4140,[15.]
4141,[0.]
4142,[0.]
4143,[3.]
4144,[1.]
4145,[4.]
4146,[4.]
4147,[0.]
4148,[4.]
4149,[6.]
4150,[5.]
4151,[6.]
4152,[0.]
4153,[35.]
4154,[4.]
4155,[1.]
4156,[3.]
4157,[1.]
4158,[4.]
4159,[6.]
4160,[22.]
4161,[27.]
4162,[3.]
4163,[1.]
4164,[1.]
4165,[1.]
4166,[4.]
4167,[5.]
4168,[4.]
4169,[2.]
4170,[5.]
4171,[1.]
4172,[3.]
4173,[0.]
4174,[16.]
4175,[0.]
4176,[1.]
4177,[0.]
4178,[0.]
4179,[3.]
4180,[4.]
4181,[4.]
4182,[0.]
4183,[48.]
4184,[4.]
4185,[4.]
4186,[0.]
4187,[0.]
4188,[0.]
4189,[4.]
4190,[0.]
4191,[3.]
4192,[0.]
4193,[0.]
4194,[16.]
4195,[10.]
4196,[13.]
4197,[0.]
4198,[4.]
4199,[20.]
4200,[5.]
4201,[2.]
4202,[0.]
4203,[0.]
4204,[0.]
4205,[1.]
4206,[3.]
4207,[0.]
4208,[6.]
4209,[4.]
4210,[10.]
4211,[0.]
4212,[6.]
4213,[3.]
4214,[3.]
4215,[6.]
4216,[0.]
4217,[22.]
4218,[3.]
4219,[0.]
4220,[3.]
4221,[1.]
4222,[8.]
4223,[3.]
4224,[1.]
4225,[5.]
4226,[0.]
4227,[0.]
4228,[0.]
4229,[6.]
4230,[0.]
4231,[0.]
4232,[0.]
4233,[4.]
4234,[0.]
4235,[0.]
4236,[0.]
4237,[0.]
4238,[0.]
4239,[15.]
4240,[1.]
4241,[1.]
4242,[3.]
4243,[4.]
4244,[3.]
4245,[7.]
4246,[0.]
4247,[7.]
4248,[3.]
4249,[0.]
4250,[0.]
4251,[8.]
4252,[3.]
4253,[4.]
4254,[7.]
4255,[0.]
4256,[0.]
4257,[3.]
4258,[0.]
4259,[0.]
4260,[0.]
4261,[0.]
4262,[2.]
4263,[1.]
4264,[2.]
4265,[6.]
4266,[4.]
4267,[0.]
4268,[2.]
4269,[4.]
4270,[3.]
4271,[1.]
4272,[1.]
4273,[3.]
4274,[0.]
4275,[1.]
4276,[0.]
4277,[3.]
4278,[2.]
4279,[3.]
4280,[0.]
4281,[0.]
4282,[0.]
4283,[10.]
4284,[0.]
4285,[1.]
4286,[0.]
4287,[1.]
4288,[7.]
4289,[0.]
4290,[3.]
4291,[7.]
4292,[3.]
4293,[9.]
4294,[18.]
4295,[4.]
4296,[19.]
4297,[1.]
4298,[11.]
4299,[0.]
4300,[0.]
4301,[0.]
4302,[2.]
4303,[64.]
4304,[0.]
4305,[0.]
4306,[2.]
4307,[0.]
4308,[6.]
4309,[3.]
4310,[0.]
4311,[3.]
4312,[21.]
4313,[3.]
4314,[1.]
4315,[0.]
4316,[19.]
4317,[0.]
4318,[0.]
4319,[0.]
4320,[2.]
4321,[6.]
4322,[4.]
4323,[5.]
4324,[0.]
4325,[24.]
4326,[7.]
4327,[3.]
4328,[9.]
4329,[2.]
4330,[3.]
4331,[0.]
4332,[0.]
4333,[5.]
4334,[28.]
4335,[0.]
4336,[14.]
4337,[7.]
4338,[1.]
4339,[4.]
4340,[0.]
4341,[0.]
4342,[17.]
4343,[0.]
4344,[0.]
4345,[0.]
4346,[0.]
4347,[0.]
4348,[37.]
4349,[0.]
4350,[18.]
4351,[7.]
4352,[3.]
4353,[3.]
4354,[3.]
4355,[0.]
4356,[0.]
4357,[4.]
4358,[21.]
4359,[0.]
4360,[3.]
4361,[22.]
4362,[2.]
4363,[0.]
4364,[0.]
4365,[0.]
4366,[6.]
4367,[0.]
4368,[0.]
4369,[1.]
4370,[8.]
4371,[1.]
4372,[0.]
4373,[7.]
4374,[9.]
4375,[0.]
4376,[3.]
4377,[0.]
4378,[0.]
4379,[0.]
4380,[0.]
4381,[1.]
4382,[0.]
4383,[6.]
4384,[3.]
4385,[2.]
4386,[1.]
4387,[0.]
4388,[24.]
4389,[26.]
4390,[0.]
4391,[10.]
4392,[0.]
4393,[0.]
4394,[0.]
4395,[0.]
4396,[1.]
4397,[3.]
4398,[3.]
4399,[0.]
4400,[0.]
4401,[13.]
4402,[4.]
4403,[12.]
4404,[22.]
4405,[3.]
4406,[16.]
4407,[3.]
4408,[1.]
4409,[3.]
4410,[0.]
4411,[0.]
4412,[0.]
4413,[6.]
4414,[12.]
4415,[8.]
4416,[0.]
4417,[0.]
4418,[8.]
4419,[14.]
4420,[5.]
4421,[0.]
4422,[2.]
4423,[6.]
4424,[0.]
4425,[11.]
4426,[3.]
4427,[0.]
4428,[10.]
4429,[3.]
4430,[0.]
4431,[18.]
4432,[1.]
4433,[6.]
4434,[3.]
4435,[3.]
4436,[2.]
4437,[0.]
4438,[6.]
4439,[0.]
4440,[9.]
4441,[7.]
4442,[0.]
4443,[0.]
4444,[1.]
4445,[4.]
4446,[0.]
4447,[21.]
4448,[14.]
4449,[11.]
4450,[0.]
4451,[1.]
4452,[0.]
4453,[9.]
4454,[3.]
4455,[0.]
4456,[1.]
4457,[3.]
4458,[5.]
4459,[10.]
4460,[4.]
4461,[5.]
4462,[3.]
4463,[0.]
4464,[3.]
4465,[7.]
4466,[0.]
4467,[0.]
4468,[3.]
4469,[7.]
4470,[0.]
4471,[0.]
4472,[4.]
4473,[10.]
4474,[2.]
4475,[3.]
4476,[7.]
4477,[0.]
4478,[38.]
4479,[0.]
4480,[3.]
4481,[12.]
4482,[6.]
4483,[1.]
4484,[0.]
4485,[3.]
4486,[0.]
4487,[0.]
4488,[10.]
4489,[0.]
4490,[17.]
4491,[2.]
4492,[0.]
4493,[4.]
4494,[5.]
4495,[4.]
4496,[0.]
4497,[1.]
4498,[3.]
4499,[0.]
4500,[5.]
4501,[0.]
4502,[0.]
4503,[3.]
4504,[6.]
4505,[0.]
4506,[0.]
4507,[3.]
4508,[8.]
4509,[0.]
4510,[14.]
4511,[4.]
4512,[1.]
4513,[3.]
4514,[1.]
4515,[0.]
4516,[7.]
4517,[0.]
4518,[12.]
4519,[0.]
4520,[3.]
4521,[0.]
4522,[1.]
4523,[0.]
4524,[0.]
4525,[0.]
4526,[4.]
4527,[0.]
4528,[0.]
4529,[19.]
4530,[4.]
4531,[4.]
4532,[0.]
4533,[0.]
4534,[4.]
4535,[2.]
4536,[3.]
4537,[0.]
4538,[4.]
4539,[0.]
4540,[3.]
4541,[4.]
4542,[6.]
4543,[6.]
4544,[0.]
4545,[0.]
4546,[21.]
4547,[1.]
4548,[4.]
4549,[1.]
4550,[8.]
4551,[1.]
4552,[25.]
4553,[1.]
4554,[3.]
4555,[1.]
4556,[0.]
4557,[1.]
4558,[25.]
4559,[5.]
4560,[4.]
4561,[0.]
4562,[3.]
4563,[27.]
4564,[0.]
4565,[0.]
4566,[0.]
4567,[1.]
4568,[7.]
4569,[0.]
4570,[0.]
4571,[4.]
4572,[15.]
4573,[3.]
4574,[2.]
4575,[6.]
4576,[0.]
4577,[0.]
4578,[0.]
4579,[0.]
4580,[24.]
4581,[0.]
4582,[17.]
4583,[4.]
4584,[8.]
4585,[3.]
4586,[0.]
4587,[0.]
4588,[3.]
4589,[0.]
4590,[7.]
4591,[1.]
4592,[0.]
4593,[3.]
4594,[37.]
4595,[0.]
4596,[6.]
4597,[0.]
4598,[10.]
4599,[12.]
4600,[0.]
4601,[0.]
4602,[3.]
4603,[8.]
4604,[7.]
4605,[0.]
4606,[0.]
4607,[0.]
4608,[0.]
4609,[7.]
4610,[17.]
4611,[4.]
4612,[0.]
4613,[7.]
4614,[0.]
4615,[1.]
4616,[15.]
4617,[9.]
4618,[4.]
4619,[0.]
4620,[1.]
4621,[0.]
4622,[0.]
4623,[2.]
4624,[0.]
4625,[24.]
4626,[1.]
4627,[3.]
4628,[10.]
4629,[0.]
4630,[2.]
4631,[0.]
4632,[7.]
4633,[0.]
4634,[4.]
4635,[45.]
4636,[0.]
4637,[4.]
4638,[17.]
4639,[9.]
4640,[1.]
4641,[12.]
4642,[0.]
4643,[2.]
4644,[0.]
4645,[0.]
4646,[0.]
4647,[0.]
4648,[7.]
4649,[6.]
4650,[4.]
4651,[5.]
4652,[4.]
4653,[3.]
4654,[1.]
4655,[13.]
4656,[0.]
4657,[2.]
4658,[7.]
4659,[1.]
4660,[1.]
4661,[0.]
4662,[0.]
4663,[5.]
4664,[0.]
4665,[0.]
4666,[8.]
4667,[2.]
4668,[0.]
4669,[0.]
4670,[0.]
4671,[0.]
4672,[19.]
4673,[11.]
4674,[18.]
4675,[0.]
4676,[21.]
4677,[33.]
4678,[0.]
4679,[4.]
4680,[0.]
4681,[3.]
4682,[3.]
4683,[1.]
4684,[19.]
4685,[4.]
4686,[3.]
4687,[0.]
4688,[0.]
4689,[29.]
4690,[0.]
4691,[3.]
4692,[1.]
4693,[18.]
4694,[0.]
4695,[2.]
4696,[0.]
4697,[2.]
4698,[0.]
4699,[2.]
4700,[7.]
4701,[0.]
4702,[0.]
4703,[0.]
4704,[7.]
4705,[0.]
4706,[15.]
4707,[8.]
4708,[3.]
4709,[42.]
4710,[4.]
4711,[4.]
4712,[4.]
4713,[6.]
4714,[4.]
4715,[3.]
4716,[2.]
4717,[20.]
4718,[2.]
4719,[4.]
4720,[13.]
4721,[10.]
4722,[4.]
4723,[1.]
4724,[1.]
4725,[0.]
4726,[7.]
4727,[4.]
4728,[0.]
4729,[0.]
4730,[18.]
4731,[15.]
4732,[48.]
4733,[4.]
4734,[3.]
4735,[3.]
4736,[8.]
4737,[0.]
4738,[5.]
4739,[0.]
4740,[1.]
4741,[1.]
4742,[4.]
4743,[9.]
4744,[10.]
4745,[0.]
4746,[3.]
4747,[4.]
4748,[8.]
4749,[4.]
4750,[0.]
4751,[16.]
4752,[33.]
4753,[22.]
4754,[7.]
4755,[3.]
4756,[0.]
4757,[0.]
4758,[48.]
4759,[38.]
4760,[0.]
4761,[0.]
4762,[5.]
4763,[3.]
4764,[0.]
4765,[17.]
4766,[20.]
4767,[0.]
4768,[0.]
4769,[0.]
4770,[11.]
4771,[3.]
4772,[19.]
4773,[3.]
4774,[0.]
4775,[4.]
4776,[10.]
4777,[0.]
4778,[0.]
4779,[3.]
4780,[8.]
4781,[16.]
4782,[12.]
4783,[11.]
4784,[6.]
4785,[0.]
4786,[22.]
4787,[4.]
4788,[1.]
4789,[6.]
4790,[0.]
4791,[4.]
4792,[69.]
4793,[1.]
4794,[0.]
4795,[0.]
4796,[0.]
4797,[3.]
4798,[17.]
4799,[4.]
4800,[13.]
4801,[0.]
4802,[10.]
4803,[13.]
4804,[0.]
4805,[20.]
4806,[5.]
4807,[0.]
4808,[0.]
4809,[3.]
4810,[8.]
4811,[0.]
4812,[1.]
4813,[4.]
4814,[10.]
4815,[9.]
4816,[4.]
4817,[3.]
4818,[0.]
4819,[26.]
4820,[6.]
4821,[3.]
4822,[1.]
4823,[2.]
4824,[0.]
4825,[4.]
4826,[3.]
4827,[0.]
4828,[3.]
4829,[9.]
4830,[5.]
4831,[0.]
4832,[1.]
4833,[0.]
4834,[0.]
4835,[1.]
4836,[11.]
4837,[7.]
4838,[12.]
4839,[9.]
4840,[7.]
4841,[0.]
4842,[1.]
4843,[23.]
4844,[1.]
4845,[14.]
4846,[5.]
4847,[0.]
4848,[0.]
4849,[1.]
4850,[1.]
4851,[18.]
4852,[0.]
4853,[21.]
4854,[3.]
4855,[3.]
4856,[0.]
4857,[1.]
4858,[1.]
4859,[1.]
4860,[1.]
4861,[3.]
4862,[2.]
4863,[22.]
4864,[0.]
4865,[1.]
4866,[15.]
4867,[14.]
4868,[0.]
4869,[4.]
4870,[0.]
4871,[1.]
4872,[1.]
4873,[0.]
4874,[6.]
4875,[0.]
4876,[2.]
4877,[0.]
4878,[10.]
4879,[0.]
4880,[11.]
4881,[16.]
4882,[0.]
4883,[29.]
4884,[0.]
4885,[1.]
4886,[4.]
4887,[0.]
4888,[0.]
4889,[2.]
4890,[2.]
4891,[4.]
4892,[0.]
4893,[4.]
4894,[6.]
4895,[0.]
4896,[0.]
4897,[0.]
4898,[5.]
4899,[6.]
4900,[12.]
4901,[0.]
4902,[0.]
4903,[4.]
4904,[0.]
4905,[1.]
4906,[11.]
4907,[0.]
4908,[15.]
4909,[1.]
4910,[8.]
4911,[2.]
4912,[30.]
4913,[7.]
4914,[3.]
4915,[3.]
4916,[0.]
4917,[0.]
4918,[6.]
4919,[6.]
4920,[1.]
4921,[7.]
4922,[0.]
4923,[0.]
4924,[0.]
4925,[3.]
4926,[1.]
4927,[1.]
4928,[29.]
4929,[0.]
4930,[16.]
4931,[3.]
4932,[0.]
4933,[0.]
4934,[3.]
4935,[7.]
4936,[0.]
4937,[0.]
4938,[0.]
4939,[1.]
4940,[2.]
4941,[3.]
4942,[0.]
4943,[0.]
4944,[8.]
4945,[5.]
4946,[1.]
4947,[14.]
4948,[2.]
4949,[0.]
4950,[13.]
4951,[4.]
4952,[0.]
4953,[0.]
4954,[1.]
4955,[27.]
4956,[0.]
4957,[9.]
4958,[6.]
4959,[3.]
4960,[24.]
4961,[0.]
4962,[0.]
4963,[0.]
4964,[14.]
4965,[3.]
4966,[3.]
4967,[3.]
4968,[22.]
4969,[0.]
4970,[0.]
4971,[3.]
4972,[0.]
4973,[3.]
4974,[9.]
4975,[3.]
4976,[0.]
4977,[0.]
4978,[20.]
4979,[27.]
4980,[0.]
4981,[10.]
4982,[0.]
4983,[0.]
4984,[40.]
4985,[7.]
4986,[7.]
4987,[6.]
4988,[0.]
4989,[3.]
4990,[3.]
4991,[1.]
4992,[1.]
4993,[0.]
4994,[4.]
4995,[19.]
4996,[0.]
4997,[21.]
4998,[7.]
4999,[1.]
5000,[41.]
