Episodio,Puntaje
1,[5.]
2,[17.]
3,[20.]
4,[21.]
5,[23.]
6,[21.]
7,[20.]
8,[20.]
9,[11.]
10,[21.]
11,[8.]
12,[12.]
13,[18.]
14,[13.]
15,[22.]
16,[22.]
17,[10.]
18,[23.]
19,[20.]
20,[22.]
21,[23.]
22,[21.]
23,[20.]
24,[21.]
25,[21.]
26,[17.]
27,[21.]
28,[14.]
29,[23.]
30,[20.]
31,[15.]
32,[22.]
33,[16.]
34,[14.]
35,[21.]
36,[23.]
37,[22.]
38,[8.]
39,[18.]
40,[20.]
41,[22.]
42,[22.]
43,[19.]
44,[9.]
45,[21.]
46,[22.]
47,[12.]
48,[21.]
49,[22.]
50,[15.]
51,[13.]
52,[22.]
53,[17.]
54,[20.]
55,[23.]
56,[17.]
57,[18.]
58,[19.]
59,[9.]
60,[23.]
61,[22.]
62,[21.]
63,[24.]
64,[13.]
65,[18.]
66,[21.]
67,[17.]
68,[20.]
69,[21.]
70,[22.]
71,[19.]
72,[21.]
73,[19.]
74,[22.]
75,[20.]
76,[19.]
77,[19.]
78,[19.]
79,[19.]
80,[18.]
81,[21.]
82,[21.]
83,[17.]
84,[21.]
85,[22.]
86,[18.]
87,[10.]
88,[18.]
89,[20.]
90,[19.]
91,[20.]
92,[18.]
93,[4.]
94,[19.]
95,[13.]
96,[21.]
97,[23.]
98,[3.]
99,[11.]
100,[18.]
101,[19.]
102,[16.]
103,[20.]
104,[22.]
105,[22.]
106,[19.]
107,[18.]
108,[22.]
109,[16.]
110,[21.]
111,[12.]
112,[6.]
113,[13.]
114,[21.]
115,[20.]
116,[22.]
117,[21.]
118,[21.]
119,[23.]
120,[22.]
121,[21.]
122,[3.]
123,[21.]
124,[18.]
125,[18.]
126,[14.]
127,[15.]
128,[20.]
129,[20.]
130,[19.]
131,[18.]
132,[15.]
133,[19.]
134,[22.]
135,[16.]
136,[8.]
137,[10.]
138,[11.]
139,[21.]
140,[7.]
141,[10.]
142,[23.]
143,[19.]
144,[22.]
145,[20.]
146,[17.]
147,[15.]
148,[21.]
149,[19.]
150,[16.]
151,[18.]
152,[22.]
153,[14.]
154,[14.]
155,[20.]
156,[12.]
157,[20.]
158,[19.]
159,[22.]
160,[19.]
161,[20.]
162,[20.]
163,[4.]
164,[20.]
165,[20.]
166,[19.]
167,[20.]
168,[19.]
169,[12.]
170,[21.]
171,[9.]
172,[21.]
173,[21.]
174,[21.]
175,[20.]
176,[21.]
177,[19.]
178,[21.]
179,[11.]
180,[11.]
181,[11.]
182,[23.]
183,[24.]
184,[18.]
185,[20.]
186,[23.]
187,[20.]
188,[22.]
189,[20.]
190,[12.]
191,[21.]
192,[21.]
193,[12.]
194,[4.]
195,[22.]
196,[18.]
197,[22.]
198,[21.]
199,[23.]
200,[19.]
201,[16.]
202,[15.]
203,[18.]
204,[19.]
205,[21.]
206,[15.]
207,[20.]
208,[20.]
209,[22.]
210,[13.]
211,[18.]
212,[7.]
213,[20.]
214,[21.]
215,[21.]
216,[21.]
217,[17.]
218,[22.]
219,[6.]
220,[19.]
221,[21.]
222,[20.]
223,[18.]
224,[21.]
225,[11.]
226,[20.]
227,[21.]
228,[21.]
229,[20.]
230,[9.]
231,[12.]
232,[17.]
233,[23.]
234,[13.]
235,[3.]
236,[13.]
237,[19.]
238,[20.]
239,[18.]
240,[20.]
241,[18.]
242,[18.]
243,[21.]
244,[17.]
245,[6.]
246,[23.]
247,[12.]
248,[21.]
249,[21.]
250,[19.]
251,[16.]
252,[20.]
253,[15.]
254,[16.]
255,[21.]
256,[21.]
257,[17.]
258,[19.]
259,[21.]
260,[22.]
261,[24.]
262,[20.]
263,[19.]
264,[21.]
265,[22.]
266,[16.]
267,[20.]
268,[20.]
269,[23.]
270,[20.]
271,[22.]
272,[19.]
273,[13.]
274,[20.]
275,[20.]
276,[6.]
277,[16.]
278,[24.]
279,[16.]
280,[20.]
281,[11.]
282,[10.]
283,[9.]
284,[23.]
285,[22.]
286,[21.]
287,[21.]
288,[22.]
289,[16.]
290,[22.]
291,[22.]
292,[23.]
293,[23.]
294,[23.]
295,[7.]
296,[12.]
297,[16.]
298,[17.]
299,[14.]
300,[16.]
301,[14.]
302,[19.]
303,[18.]
304,[7.]
305,[16.]
306,[18.]
307,[22.]
308,[9.]
309,[21.]
310,[10.]
311,[22.]
312,[13.]
313,[21.]
314,[20.]
315,[22.]
316,[13.]
317,[19.]
318,[22.]
319,[20.]
320,[19.]
321,[10.]
322,[17.]
323,[13.]
324,[19.]
325,[16.]
326,[16.]
327,[11.]
328,[13.]
329,[20.]
330,[18.]
331,[20.]
332,[10.]
333,[19.]
334,[23.]
335,[23.]
336,[16.]
337,[20.]
338,[22.]
339,[13.]
340,[22.]
341,[20.]
342,[18.]
343,[7.]
344,[16.]
345,[20.]
346,[23.]
347,[17.]
348,[21.]
349,[20.]
350,[20.]
351,[9.]
352,[21.]
353,[18.]
354,[24.]
355,[22.]
356,[12.]
357,[21.]
358,[18.]
359,[22.]
360,[19.]
361,[21.]
362,[21.]
363,[21.]
364,[20.]
365,[15.]
366,[21.]
367,[5.]
368,[20.]
369,[7.]
370,[17.]
371,[19.]
372,[10.]
373,[19.]
374,[14.]
375,[21.]
376,[7.]
377,[15.]
378,[20.]
379,[3.]
380,[13.]
381,[20.]
382,[15.]
383,[10.]
384,[16.]
385,[20.]
386,[20.]
387,[14.]
388,[25.]
389,[23.]
390,[10.]
391,[20.]
392,[17.]
393,[24.]
394,[19.]
395,[4.]
396,[20.]
397,[18.]
398,[24.]
399,[21.]
400,[12.]
401,[20.]
402,[11.]
403,[21.]
404,[19.]
405,[9.]
406,[18.]
407,[22.]
408,[23.]
409,[7.]
410,[10.]
411,[22.]
412,[22.]
413,[17.]
414,[6.]
415,[20.]
416,[19.]
417,[21.]
418,[22.]
419,[21.]
420,[21.]
421,[21.]
422,[20.]
423,[21.]
424,[16.]
425,[19.]
426,[21.]
427,[22.]
428,[20.]
429,[14.]
430,[22.]
431,[18.]
432,[23.]
433,[21.]
434,[19.]
435,[9.]
436,[6.]
437,[22.]
438,[20.]
439,[16.]
440,[22.]
441,[19.]
442,[19.]
443,[10.]
444,[9.]
445,[22.]
446,[19.]
447,[20.]
448,[8.]
449,[20.]
450,[23.]
451,[18.]
452,[19.]
453,[21.]
454,[21.]
455,[22.]
456,[19.]
457,[24.]
458,[22.]
459,[16.]
460,[5.]
461,[12.]
462,[20.]
463,[23.]
464,[18.]
465,[22.]
466,[18.]
467,[22.]
468,[20.]
469,[20.]
470,[14.]
471,[20.]
472,[18.]
473,[23.]
474,[21.]
475,[20.]
476,[21.]
477,[5.]
478,[20.]
479,[22.]
480,[19.]
481,[9.]
482,[15.]
483,[19.]
484,[21.]
485,[21.]
486,[20.]
487,[6.]
488,[21.]
489,[22.]
490,[12.]
491,[19.]
492,[19.]
493,[20.]
494,[10.]
495,[13.]
496,[17.]
497,[16.]
498,[19.]
499,[22.]
500,[20.]
501,[19.]
502,[20.]
503,[23.]
504,[13.]
505,[22.]
506,[17.]
507,[22.]
508,[23.]
509,[14.]
510,[20.]
511,[14.]
512,[6.]
513,[21.]
514,[20.]
515,[13.]
516,[17.]
517,[20.]
518,[22.]
519,[18.]
520,[21.]
521,[7.]
522,[14.]
523,[20.]
524,[20.]
525,[13.]
526,[20.]
527,[18.]
528,[14.]
529,[7.]
530,[23.]
531,[21.]
532,[9.]
533,[18.]
534,[19.]
535,[14.]
536,[13.]
537,[21.]
538,[21.]
539,[17.]
540,[21.]
541,[22.]
542,[20.]
543,[23.]
544,[24.]
545,[14.]
546,[18.]
547,[21.]
548,[17.]
549,[19.]
550,[17.]
551,[14.]
552,[18.]
553,[19.]
554,[18.]
555,[21.]
556,[18.]
557,[18.]
558,[21.]
559,[21.]
560,[21.]
561,[21.]
562,[20.]
563,[12.]
564,[17.]
565,[19.]
566,[17.]
567,[18.]
568,[20.]
569,[21.]
570,[12.]
571,[2.]
572,[13.]
573,[22.]
574,[12.]
575,[20.]
576,[21.]
577,[18.]
578,[19.]
579,[7.]
580,[18.]
581,[15.]
582,[18.]
583,[21.]
584,[19.]
585,[17.]
586,[22.]
587,[24.]
588,[22.]
589,[18.]
590,[21.]
591,[15.]
592,[22.]
593,[12.]
594,[12.]
595,[20.]
596,[22.]
597,[20.]
598,[15.]
599,[20.]
600,[14.]
601,[14.]
602,[18.]
603,[6.]
604,[21.]
605,[21.]
606,[19.]
607,[21.]
608,[23.]
609,[19.]
610,[20.]
611,[4.]
612,[21.]
613,[15.]
614,[16.]
615,[24.]
616,[8.]
617,[21.]
618,[16.]
619,[22.]
620,[21.]
621,[16.]
622,[22.]
623,[24.]
624,[14.]
625,[22.]
626,[21.]
627,[21.]
628,[14.]
629,[22.]
630,[20.]
631,[15.]
632,[12.]
633,[20.]
634,[9.]
635,[22.]
636,[21.]
637,[23.]
638,[20.]
639,[21.]
640,[20.]
641,[21.]
642,[19.]
643,[18.]
644,[23.]
645,[18.]
646,[23.]
647,[12.]
648,[21.]
649,[16.]
650,[16.]
651,[19.]
652,[22.]
653,[22.]
654,[20.]
655,[20.]
656,[15.]
657,[21.]
658,[17.]
659,[22.]
660,[10.]
661,[22.]
662,[20.]
663,[22.]
664,[14.]
665,[14.]
666,[22.]
667,[19.]
668,[18.]
669,[19.]
670,[22.]
671,[22.]
672,[10.]
673,[12.]
674,[19.]
675,[20.]
676,[18.]
677,[21.]
678,[13.]
679,[22.]
680,[13.]
681,[19.]
682,[21.]
683,[22.]
684,[20.]
685,[18.]
686,[14.]
687,[9.]
688,[13.]
689,[12.]
690,[11.]
691,[17.]
692,[12.]
693,[18.]
694,[22.]
695,[21.]
696,[7.]
697,[17.]
698,[20.]
699,[18.]
700,[18.]
701,[23.]
702,[19.]
703,[23.]
704,[17.]
705,[11.]
706,[23.]
707,[18.]
708,[21.]
709,[11.]
710,[10.]
711,[18.]
712,[19.]
713,[23.]
714,[22.]
715,[22.]
716,[21.]
717,[19.]
718,[21.]
719,[21.]
720,[18.]
721,[17.]
722,[14.]
723,[21.]
724,[20.]
725,[21.]
726,[18.]
727,[22.]
728,[19.]
729,[19.]
730,[6.]
731,[22.]
732,[21.]
733,[19.]
734,[21.]
735,[21.]
736,[8.]
737,[18.]
738,[14.]
739,[22.]
740,[19.]
741,[21.]
742,[21.]
743,[19.]
744,[15.]
745,[19.]
746,[12.]
747,[5.]
748,[17.]
749,[22.]
750,[18.]
751,[12.]
752,[21.]
753,[24.]
754,[18.]
755,[20.]
756,[22.]
757,[20.]
758,[19.]
759,[15.]
760,[19.]
761,[19.]
762,[4.]
763,[22.]
764,[20.]
765,[15.]
766,[21.]
767,[10.]
768,[22.]
769,[22.]
770,[14.]
771,[20.]
772,[20.]
773,[15.]
774,[7.]
775,[23.]
776,[19.]
777,[18.]
778,[21.]
779,[19.]
780,[22.]
781,[23.]
782,[22.]
783,[20.]
784,[18.]
785,[19.]
786,[22.]
787,[22.]
788,[21.]
789,[19.]
790,[22.]
791,[8.]
792,[18.]
793,[17.]
794,[22.]
795,[24.]
796,[20.]
797,[17.]
798,[16.]
799,[20.]
800,[22.]
801,[21.]
802,[17.]
803,[21.]
804,[14.]
805,[10.]
806,[20.]
807,[20.]
808,[20.]
809,[22.]
810,[19.]
811,[20.]
812,[23.]
813,[18.]
814,[21.]
815,[20.]
816,[18.]
817,[9.]
818,[18.]
819,[19.]
820,[22.]
821,[23.]
822,[10.]
823,[9.]
824,[23.]
825,[20.]
826,[19.]
827,[18.]
828,[23.]
829,[22.]
830,[10.]
831,[20.]
832,[18.]
833,[20.]
834,[21.]
835,[20.]
836,[23.]
837,[17.]
838,[19.]
839,[17.]
840,[21.]
841,[17.]
842,[21.]
843,[24.]
844,[20.]
845,[21.]
846,[14.]
847,[22.]
848,[18.]
849,[3.]
850,[25.]
851,[22.]
852,[18.]
853,[21.]
854,[19.]
855,[16.]
856,[23.]
857,[12.]
858,[13.]
859,[17.]
860,[22.]
861,[18.]
862,[22.]
863,[3.]
864,[10.]
865,[19.]
866,[17.]
867,[17.]
868,[9.]
869,[20.]
870,[20.]
871,[20.]
872,[13.]
873,[18.]
874,[20.]
875,[19.]
876,[11.]
877,[18.]
878,[21.]
879,[17.]
880,[20.]
881,[19.]
882,[19.]
883,[18.]
884,[21.]
885,[21.]
886,[19.]
887,[20.]
888,[11.]
889,[20.]
890,[23.]
891,[11.]
892,[8.]
893,[18.]
894,[14.]
895,[5.]
896,[21.]
897,[19.]
898,[22.]
899,[19.]
900,[16.]
901,[20.]
902,[23.]
903,[19.]
904,[24.]
905,[17.]
906,[20.]
907,[21.]
908,[20.]
909,[23.]
910,[22.]
911,[11.]
912,[21.]
913,[19.]
914,[22.]
915,[21.]
916,[19.]
917,[22.]
918,[15.]
919,[21.]
920,[22.]
921,[23.]
922,[19.]
923,[18.]
924,[21.]
925,[21.]
926,[20.]
927,[15.]
928,[21.]
929,[18.]
930,[12.]
931,[19.]
932,[20.]
933,[19.]
934,[21.]
935,[10.]
936,[20.]
937,[16.]
938,[16.]
939,[7.]
940,[18.]
941,[19.]
942,[14.]
943,[19.]
944,[19.]
945,[21.]
946,[21.]
947,[12.]
948,[17.]
949,[19.]
950,[20.]
951,[16.]
952,[20.]
953,[23.]
954,[22.]
955,[12.]
956,[22.]
957,[13.]
958,[16.]
959,[17.]
960,[10.]
961,[11.]
962,[20.]
963,[20.]
964,[17.]
965,[22.]
966,[22.]
967,[9.]
968,[23.]
969,[23.]
970,[17.]
971,[18.]
972,[18.]
973,[11.]
974,[18.]
975,[23.]
976,[5.]
977,[20.]
978,[21.]
979,[14.]
980,[11.]
981,[20.]
982,[20.]
983,[13.]
984,[21.]
985,[20.]
986,[11.]
987,[20.]
988,[21.]
989,[18.]
990,[12.]
991,[9.]
992,[19.]
993,[19.]
994,[19.]
995,[19.]
996,[23.]
997,[20.]
998,[17.]
999,[17.]
1000,[22.]
1001,[22.]
1002,[19.]
1003,[23.]
1004,[12.]
1005,[20.]
1006,[22.]
1007,[8.]
1008,[9.]
1009,[21.]
1010,[15.]
1011,[17.]
1012,[6.]
1013,[7.]
1014,[9.]
1015,[19.]
1016,[22.]
1017,[21.]
1018,[20.]
1019,[20.]
1020,[12.]
1021,[20.]
1022,[10.]
1023,[4.]
1024,[24.]
1025,[22.]
1026,[20.]
1027,[15.]
1028,[18.]
1029,[12.]
1030,[22.]
1031,[18.]
1032,[6.]
1033,[20.]
1034,[21.]
1035,[20.]
1036,[18.]
1037,[19.]
1038,[23.]
1039,[22.]
1040,[22.]
1041,[11.]
1042,[20.]
1043,[19.]
1044,[20.]
1045,[17.]
1046,[20.]
1047,[22.]
1048,[20.]
1049,[22.]
1050,[18.]
1051,[23.]
1052,[18.]
1053,[21.]
1054,[23.]
1055,[18.]
1056,[17.]
1057,[22.]
1058,[20.]
1059,[22.]
1060,[23.]
1061,[11.]
1062,[23.]
1063,[23.]
1064,[20.]
1065,[16.]
1066,[21.]
1067,[22.]
1068,[18.]
1069,[8.]
1070,[21.]
1071,[20.]
1072,[19.]
1073,[8.]
1074,[21.]
1075,[11.]
1076,[11.]
1077,[21.]
1078,[20.]
1079,[20.]
1080,[10.]
1081,[12.]
1082,[24.]
1083,[15.]
1084,[23.]
1085,[23.]
1086,[13.]
1087,[21.]
1088,[22.]
1089,[21.]
1090,[12.]
1091,[18.]
1092,[22.]
1093,[21.]
1094,[15.]
1095,[21.]
1096,[14.]
1097,[21.]
1098,[22.]
1099,[22.]
1100,[18.]
1101,[23.]
1102,[20.]
1103,[17.]
1104,[23.]
1105,[21.]
1106,[20.]
1107,[12.]
1108,[17.]
1109,[21.]
1110,[13.]
1111,[21.]
1112,[13.]
1113,[18.]
1114,[23.]
1115,[4.]
1116,[18.]
1117,[18.]
1118,[20.]
1119,[19.]
1120,[21.]
1121,[18.]
1122,[20.]
1123,[22.]
1124,[19.]
1125,[21.]
1126,[19.]
1127,[21.]
1128,[18.]
1129,[23.]
1130,[20.]
1131,[16.]
1132,[22.]
1133,[23.]
1134,[15.]
1135,[10.]
1136,[19.]
1137,[13.]
1138,[21.]
1139,[6.]
1140,[17.]
1141,[10.]
1142,[15.]
1143,[20.]
1144,[18.]
1145,[19.]
1146,[22.]
1147,[19.]
1148,[20.]
1149,[21.]
1150,[18.]
1151,[15.]
1152,[22.]
1153,[14.]
1154,[20.]
1155,[21.]
1156,[23.]
1157,[22.]
1158,[19.]
1159,[16.]
1160,[21.]
1161,[20.]
1162,[22.]
1163,[17.]
1164,[14.]
1165,[18.]
1166,[20.]
1167,[18.]
1168,[7.]
1169,[14.]
1170,[19.]
1171,[12.]
1172,[11.]
1173,[22.]
1174,[10.]
1175,[20.]
1176,[20.]
1177,[22.]
1178,[20.]
1179,[21.]
1180,[19.]
1181,[23.]
1182,[21.]
1183,[21.]
1184,[18.]
1185,[24.]
1186,[16.]
1187,[16.]
1188,[19.]
1189,[22.]
1190,[17.]
1191,[20.]
1192,[23.]
1193,[12.]
1194,[15.]
1195,[6.]
1196,[20.]
1197,[20.]
1198,[22.]
1199,[21.]
1200,[4.]
1201,[19.]
1202,[20.]
1203,[14.]
1204,[21.]
1205,[22.]
1206,[6.]
1207,[13.]
1208,[20.]
1209,[19.]
1210,[6.]
1211,[21.]
1212,[18.]
1213,[18.]
1214,[20.]
1215,[18.]
1216,[19.]
1217,[14.]
1218,[20.]
1219,[10.]
1220,[19.]
1221,[23.]
1222,[17.]
1223,[19.]
1224,[14.]
1225,[20.]
1226,[20.]
1227,[22.]
1228,[22.]
1229,[19.]
1230,[22.]
1231,[22.]
1232,[21.]
1233,[23.]
1234,[19.]
1235,[6.]
1236,[13.]
1237,[20.]
1238,[19.]
1239,[21.]
1240,[18.]
1241,[19.]
1242,[18.]
1243,[17.]
1244,[18.]
1245,[20.]
1246,[14.]
1247,[22.]
1248,[17.]
1249,[12.]
1250,[19.]
1251,[20.]
1252,[18.]
1253,[13.]
1254,[20.]
1255,[20.]
1256,[21.]
1257,[23.]
1258,[18.]
1259,[21.]
1260,[17.]
1261,[18.]
1262,[21.]
1263,[18.]
1264,[21.]
1265,[20.]
1266,[23.]
1267,[14.]
1268,[4.]
1269,[17.]
1270,[19.]
1271,[17.]
1272,[3.]
1273,[15.]
1274,[17.]
1275,[19.]
1276,[19.]
1277,[21.]
1278,[20.]
1279,[12.]
1280,[16.]
1281,[21.]
1282,[17.]
1283,[10.]
1284,[21.]
1285,[19.]
1286,[15.]
1287,[24.]
1288,[20.]
1289,[6.]
1290,[11.]
1291,[20.]
1292,[21.]
1293,[18.]
1294,[23.]
1295,[23.]
1296,[21.]
1297,[16.]
1298,[16.]
1299,[12.]
1300,[21.]
1301,[20.]
1302,[19.]
1303,[20.]
1304,[18.]
1305,[22.]
1306,[11.]
1307,[16.]
1308,[20.]
1309,[20.]
1310,[19.]
1311,[13.]
1312,[17.]
1313,[21.]
1314,[22.]
1315,[20.]
1316,[20.]
1317,[14.]
1318,[8.]
1319,[6.]
1320,[19.]
1321,[11.]
1322,[20.]
1323,[20.]
1324,[19.]
1325,[19.]
1326,[20.]
1327,[20.]
1328,[17.]
1329,[21.]
1330,[17.]
1331,[20.]
1332,[19.]
1333,[23.]
1334,[12.]
1335,[21.]
1336,[21.]
1337,[20.]
1338,[21.]
1339,[17.]
1340,[20.]
1341,[20.]
1342,[21.]
1343,[23.]
1344,[24.]
1345,[19.]
1346,[23.]
1347,[23.]
1348,[21.]
1349,[23.]
1350,[19.]
1351,[18.]
1352,[18.]
1353,[20.]
1354,[19.]
1355,[20.]
1356,[20.]
1357,[5.]
1358,[18.]
1359,[11.]
1360,[20.]
1361,[20.]
1362,[21.]
1363,[20.]
1364,[21.]
1365,[21.]
1366,[21.]
1367,[7.]
1368,[22.]
1369,[6.]
1370,[18.]
1371,[20.]
1372,[7.]
1373,[14.]
1374,[8.]
1375,[20.]
1376,[15.]
1377,[19.]
1378,[20.]
1379,[19.]
1380,[21.]
1381,[21.]
1382,[19.]
1383,[20.]
1384,[18.]
1385,[22.]
1386,[19.]
1387,[21.]
1388,[8.]
1389,[22.]
1390,[8.]
1391,[21.]
1392,[20.]
1393,[17.]
1394,[18.]
1395,[10.]
1396,[17.]
1397,[16.]
1398,[18.]
1399,[16.]
1400,[21.]
1401,[24.]
1402,[17.]
1403,[17.]
1404,[23.]
1405,[11.]
1406,[22.]
1407,[9.]
1408,[22.]
1409,[8.]
1410,[15.]
1411,[17.]
1412,[15.]
1413,[15.]
1414,[22.]
1415,[21.]
1416,[18.]
1417,[23.]
1418,[22.]
1419,[13.]
1420,[22.]
1421,[20.]
1422,[21.]
1423,[21.]
1424,[20.]
1425,[21.]
1426,[14.]
1427,[17.]
1428,[23.]
1429,[15.]
1430,[12.]
1431,[22.]
1432,[22.]
1433,[20.]
1434,[14.]
1435,[13.]
1436,[9.]
1437,[20.]
1438,[22.]
1439,[22.]
1440,[18.]
1441,[20.]
1442,[18.]
1443,[21.]
1444,[20.]
1445,[13.]
1446,[16.]
1447,[21.]
1448,[21.]
1449,[22.]
1450,[8.]
1451,[13.]
1452,[20.]
1453,[22.]
1454,[22.]
1455,[14.]
1456,[12.]
1457,[13.]
1458,[16.]
1459,[22.]
1460,[19.]
1461,[18.]
1462,[22.]
1463,[22.]
1464,[22.]
1465,[20.]
1466,[19.]
1467,[22.]
1468,[7.]
1469,[20.]
1470,[18.]
1471,[21.]
1472,[20.]
1473,[6.]
1474,[14.]
1475,[16.]
1476,[21.]
1477,[22.]
1478,[21.]
1479,[15.]
1480,[20.]
1481,[19.]
1482,[22.]
1483,[22.]
1484,[17.]
1485,[9.]
1486,[17.]
1487,[20.]
1488,[22.]
1489,[23.]
1490,[22.]
1491,[23.]
1492,[16.]
1493,[11.]
1494,[12.]
1495,[21.]
1496,[10.]
1497,[8.]
1498,[22.]
1499,[21.]
1500,[16.]
1501,[19.]
1502,[20.]
1503,[20.]
1504,[5.]
1505,[20.]
1506,[20.]
1507,[21.]
1508,[17.]
1509,[21.]
1510,[7.]
1511,[14.]
1512,[19.]
1513,[21.]
1514,[12.]
1515,[21.]
1516,[20.]
1517,[15.]
1518,[17.]
1519,[21.]
1520,[15.]
1521,[16.]
1522,[21.]
1523,[17.]
1524,[18.]
1525,[22.]
1526,[22.]
1527,[13.]
1528,[21.]
1529,[20.]
1530,[17.]
1531,[20.]
1532,[22.]
1533,[23.]
1534,[14.]
1535,[13.]
1536,[19.]
1537,[22.]
1538,[11.]
1539,[12.]
1540,[11.]
1541,[21.]
1542,[10.]
1543,[18.]
1544,[22.]
1545,[20.]
1546,[22.]
1547,[5.]
1548,[3.]
1549,[10.]
1550,[13.]
1551,[19.]
1552,[19.]
1553,[15.]
1554,[11.]
1555,[21.]
1556,[17.]
1557,[15.]
1558,[22.]
1559,[23.]
1560,[20.]
1561,[19.]
1562,[18.]
1563,[22.]
1564,[20.]
1565,[19.]
1566,[20.]
1567,[14.]
1568,[12.]
1569,[21.]
1570,[19.]
1571,[20.]
1572,[19.]
1573,[18.]
1574,[12.]
1575,[20.]
1576,[23.]
1577,[19.]
1578,[23.]
1579,[18.]
1580,[22.]
1581,[19.]
1582,[20.]
1583,[20.]
1584,[22.]
1585,[19.]
1586,[21.]
1587,[21.]
1588,[15.]
1589,[21.]
1590,[9.]
1591,[21.]
1592,[23.]
1593,[20.]
1594,[6.]
1595,[18.]
1596,[9.]
1597,[22.]
1598,[15.]
1599,[22.]
1600,[15.]
1601,[12.]
1602,[22.]
1603,[19.]
1604,[20.]
1605,[8.]
1606,[22.]
1607,[19.]
1608,[20.]
1609,[23.]
1610,[19.]
1611,[20.]
1612,[21.]
1613,[6.]
1614,[18.]
1615,[16.]
1616,[13.]
1617,[21.]
1618,[21.]
1619,[15.]
1620,[21.]
1621,[17.]
1622,[17.]
1623,[20.]
1624,[18.]
1625,[21.]
1626,[15.]
1627,[22.]
1628,[23.]
1629,[21.]
1630,[7.]
1631,[22.]
1632,[20.]
1633,[18.]
1634,[17.]
1635,[20.]
1636,[14.]
1637,[12.]
1638,[22.]
1639,[20.]
1640,[17.]
1641,[18.]
1642,[21.]
1643,[21.]
1644,[23.]
1645,[17.]
1646,[7.]
1647,[6.]
1648,[20.]
1649,[20.]
1650,[22.]
1651,[20.]
1652,[15.]
1653,[21.]
1654,[22.]
1655,[23.]
1656,[17.]
1657,[19.]
1658,[21.]
1659,[14.]
1660,[23.]
1661,[19.]
1662,[22.]
1663,[20.]
1664,[23.]
1665,[18.]
1666,[23.]
1667,[21.]
1668,[18.]
1669,[7.]
1670,[9.]
1671,[23.]
1672,[15.]
1673,[21.]
1674,[19.]
1675,[6.]
1676,[18.]
1677,[20.]
1678,[11.]
1679,[17.]
1680,[21.]
1681,[21.]
1682,[12.]
1683,[20.]
1684,[16.]
1685,[12.]
1686,[19.]
1687,[21.]
1688,[10.]
1689,[17.]
1690,[23.]
1691,[20.]
1692,[20.]
1693,[21.]
1694,[17.]
1695,[13.]
1696,[18.]
1697,[19.]
1698,[18.]
1699,[16.]
1700,[23.]
1701,[17.]
1702,[9.]
1703,[5.]
1704,[21.]
1705,[15.]
1706,[21.]
1707,[19.]
1708,[23.]
1709,[19.]
1710,[11.]
1711,[19.]
1712,[7.]
1713,[18.]
1714,[21.]
1715,[24.]
1716,[19.]
1717,[19.]
1718,[21.]
1719,[15.]
1720,[22.]
1721,[12.]
1722,[20.]
1723,[14.]
1724,[23.]
1725,[18.]
1726,[19.]
1727,[17.]
1728,[11.]
1729,[13.]
1730,[22.]
1731,[15.]
1732,[15.]
1733,[8.]
1734,[20.]
1735,[21.]
1736,[21.]
1737,[18.]
1738,[21.]
1739,[19.]
1740,[22.]
1741,[20.]
1742,[14.]
1743,[21.]
1744,[21.]
1745,[21.]
1746,[23.]
1747,[15.]
1748,[16.]
1749,[19.]
1750,[9.]
1751,[22.]
1752,[19.]
1753,[21.]
1754,[9.]
1755,[5.]
1756,[18.]
1757,[20.]
1758,[16.]
1759,[23.]
1760,[13.]
1761,[14.]
1762,[21.]
1763,[20.]
1764,[20.]
1765,[19.]
1766,[21.]
1767,[22.]
1768,[19.]
1769,[23.]
1770,[13.]
1771,[23.]
1772,[23.]
1773,[17.]
1774,[21.]
1775,[12.]
1776,[15.]
1777,[18.]
1778,[8.]
1779,[20.]
1780,[22.]
1781,[14.]
1782,[14.]
1783,[15.]
1784,[21.]
1785,[22.]
1786,[23.]
1787,[13.]
1788,[20.]
1789,[11.]
1790,[9.]
1791,[20.]
1792,[20.]
1793,[20.]
1794,[5.]
1795,[18.]
1796,[13.]
1797,[14.]
1798,[12.]
1799,[19.]
1800,[22.]
1801,[11.]
1802,[21.]
1803,[20.]
1804,[21.]
1805,[23.]
1806,[18.]
1807,[22.]
1808,[23.]
1809,[14.]
1810,[21.]
1811,[14.]
1812,[14.]
1813,[13.]
1814,[20.]
1815,[9.]
1816,[20.]
1817,[24.]
1818,[23.]
1819,[9.]
1820,[20.]
1821,[10.]
1822,[19.]
1823,[21.]
1824,[23.]
1825,[22.]
1826,[20.]
1827,[22.]
1828,[16.]
1829,[23.]
1830,[12.]
1831,[20.]
1832,[7.]
1833,[21.]
1834,[23.]
1835,[21.]
1836,[21.]
1837,[23.]
1838,[18.]
1839,[21.]
1840,[15.]
1841,[18.]
1842,[19.]
1843,[17.]
1844,[7.]
1845,[14.]
1846,[18.]
1847,[21.]
1848,[15.]
1849,[6.]
1850,[16.]
1851,[17.]
1852,[19.]
1853,[19.]
1854,[21.]
1855,[10.]
1856,[10.]
1857,[22.]
1858,[22.]
1859,[22.]
1860,[22.]
1861,[13.]
1862,[18.]
1863,[22.]
1864,[12.]
1865,[23.]
1866,[21.]
1867,[22.]
1868,[10.]
1869,[16.]
1870,[21.]
1871,[10.]
1872,[20.]
1873,[4.]
1874,[12.]
1875,[18.]
1876,[20.]
1877,[20.]
1878,[20.]
1879,[21.]
1880,[15.]
1881,[23.]
1882,[20.]
1883,[8.]
1884,[18.]
1885,[4.]
1886,[23.]
1887,[17.]
1888,[19.]
1889,[21.]
1890,[19.]
1891,[21.]
1892,[9.]
1893,[12.]
1894,[23.]
1895,[19.]
1896,[8.]
1897,[18.]
1898,[22.]
1899,[19.]
1900,[21.]
1901,[22.]
1902,[9.]
1903,[21.]
1904,[14.]
1905,[23.]
1906,[22.]
1907,[15.]
1908,[8.]
1909,[12.]
1910,[21.]
1911,[17.]
1912,[18.]
1913,[19.]
1914,[21.]
1915,[11.]
1916,[16.]
1917,[12.]
1918,[21.]
1919,[18.]
1920,[22.]
1921,[20.]
1922,[16.]
1923,[18.]
1924,[20.]
1925,[19.]
1926,[20.]
1927,[10.]
1928,[19.]
1929,[21.]
1930,[19.]
1931,[20.]
1932,[18.]
1933,[21.]
1934,[22.]
1935,[11.]
1936,[24.]
1937,[5.]
1938,[18.]
1939,[15.]
1940,[8.]
1941,[23.]
1942,[18.]
1943,[10.]
1944,[17.]
1945,[21.]
1946,[18.]
1947,[16.]
1948,[19.]
1949,[18.]
1950,[20.]
1951,[19.]
1952,[19.]
1953,[21.]
1954,[19.]
1955,[20.]
1956,[20.]
1957,[13.]
1958,[21.]
1959,[19.]
1960,[20.]
1961,[22.]
1962,[14.]
1963,[13.]
1964,[23.]
1965,[23.]
1966,[19.]
1967,[13.]
1968,[8.]
1969,[23.]
1970,[19.]
1971,[6.]
1972,[7.]
1973,[20.]
1974,[24.]
1975,[20.]
1976,[22.]
1977,[10.]
1978,[22.]
1979,[21.]
1980,[22.]
1981,[16.]
1982,[12.]
1983,[21.]
1984,[22.]
1985,[21.]
1986,[23.]
1987,[23.]
1988,[22.]
1989,[21.]
1990,[20.]
1991,[13.]
1992,[16.]
1993,[20.]
1994,[21.]
1995,[20.]
1996,[19.]
1997,[17.]
1998,[6.]
1999,[21.]
2000,[18.]
2001,[11.]
2002,[22.]
2003,[22.]
2004,[20.]
2005,[17.]
2006,[19.]
2007,[18.]
2008,[17.]
2009,[16.]
2010,[18.]
2011,[10.]
2012,[21.]
2013,[11.]
2014,[15.]
2015,[16.]
2016,[16.]
2017,[20.]
2018,[10.]
2019,[11.]
2020,[20.]
2021,[22.]
2022,[15.]
2023,[22.]
2024,[12.]
2025,[19.]
2026,[12.]
2027,[7.]
2028,[12.]
2029,[18.]
2030,[20.]
2031,[14.]
2032,[21.]
2033,[19.]
2034,[19.]
2035,[20.]
2036,[21.]
2037,[19.]
2038,[20.]
2039,[20.]
2040,[8.]
2041,[19.]
2042,[10.]
2043,[21.]
2044,[20.]
2045,[19.]
2046,[7.]
2047,[8.]
2048,[22.]
2049,[22.]
2050,[20.]
2051,[21.]
2052,[21.]
2053,[10.]
2054,[16.]
2055,[23.]
2056,[17.]
2057,[11.]
2058,[16.]
2059,[20.]
2060,[21.]
2061,[24.]
2062,[12.]
2063,[14.]
2064,[23.]
2065,[20.]
2066,[17.]
2067,[22.]
2068,[20.]
2069,[23.]
2070,[20.]
2071,[20.]
2072,[12.]
2073,[20.]
2074,[15.]
2075,[18.]
2076,[24.]
2077,[21.]
2078,[15.]
2079,[20.]
2080,[23.]
2081,[22.]
2082,[19.]
2083,[21.]
2084,[8.]
2085,[20.]
2086,[19.]
2087,[10.]
2088,[21.]
2089,[22.]
2090,[16.]
2091,[22.]
2092,[8.]
2093,[23.]
2094,[17.]
2095,[8.]
2096,[21.]
2097,[11.]
2098,[11.]
2099,[21.]
2100,[19.]
2101,[21.]
2102,[17.]
2103,[13.]
2104,[22.]
2105,[22.]
2106,[20.]
2107,[22.]
2108,[17.]
2109,[14.]
2110,[18.]
2111,[23.]
2112,[19.]
2113,[11.]
2114,[9.]
2115,[19.]
2116,[22.]
2117,[15.]
2118,[21.]
2119,[21.]
2120,[19.]
2121,[20.]
2122,[12.]
2123,[19.]
2124,[22.]
2125,[18.]
2126,[19.]
2127,[17.]
2128,[15.]
2129,[23.]
2130,[18.]
2131,[23.]
2132,[24.]
2133,[20.]
2134,[16.]
2135,[16.]
2136,[11.]
2137,[22.]
2138,[23.]
2139,[13.]
2140,[11.]
2141,[21.]
2142,[11.]
2143,[24.]
2144,[20.]
2145,[19.]
2146,[17.]
2147,[21.]
2148,[24.]
2149,[17.]
2150,[20.]
2151,[19.]
2152,[16.]
2153,[18.]
2154,[20.]
2155,[17.]
2156,[23.]
2157,[22.]
2158,[11.]
2159,[10.]
2160,[16.]
2161,[18.]
2162,[21.]
2163,[12.]
2164,[21.]
2165,[19.]
2166,[23.]
2167,[6.]
2168,[25.]
2169,[20.]
2170,[20.]
2171,[19.]
2172,[17.]
2173,[19.]
2174,[24.]
2175,[19.]
2176,[17.]
2177,[9.]
2178,[19.]
2179,[18.]
2180,[7.]
2181,[21.]
2182,[22.]
2183,[16.]
2184,[18.]
2185,[20.]
2186,[19.]
2187,[16.]
2188,[22.]
2189,[21.]
2190,[18.]
2191,[17.]
2192,[21.]
2193,[20.]
2194,[21.]
2195,[20.]
2196,[15.]
2197,[9.]
2198,[21.]
2199,[8.]
2200,[22.]
2201,[20.]
2202,[21.]
2203,[21.]
2204,[19.]
2205,[21.]
2206,[24.]
2207,[22.]
2208,[21.]
2209,[19.]
2210,[19.]
2211,[21.]
2212,[19.]
2213,[18.]
2214,[19.]
2215,[22.]
2216,[13.]
2217,[21.]
2218,[18.]
2219,[22.]
2220,[14.]
2221,[20.]
2222,[5.]
2223,[20.]
2224,[21.]
2225,[19.]
2226,[20.]
2227,[11.]
2228,[5.]
2229,[18.]
2230,[22.]
2231,[18.]
2232,[20.]
2233,[11.]
2234,[17.]
2235,[16.]
2236,[22.]
2237,[16.]
2238,[21.]
2239,[21.]
2240,[20.]
2241,[17.]
2242,[21.]
2243,[19.]
2244,[4.]
2245,[22.]
2246,[20.]
2247,[16.]
2248,[20.]
2249,[22.]
2250,[22.]
2251,[23.]
2252,[22.]
2253,[18.]
2254,[23.]
2255,[15.]
2256,[9.]
2257,[17.]
2258,[20.]
2259,[19.]
2260,[21.]
2261,[22.]
2262,[17.]
2263,[20.]
2264,[21.]
2265,[21.]
2266,[17.]
2267,[8.]
2268,[24.]
2269,[22.]
2270,[17.]
2271,[22.]
2272,[15.]
2273,[22.]
2274,[19.]
2275,[17.]
2276,[21.]
2277,[22.]
2278,[21.]
2279,[18.]
2280,[7.]
2281,[5.]
2282,[22.]
2283,[14.]
2284,[21.]
2285,[21.]
2286,[23.]
2287,[13.]
2288,[23.]
2289,[14.]
2290,[21.]
2291,[19.]
2292,[12.]
2293,[24.]
2294,[21.]
2295,[21.]
2296,[16.]
2297,[19.]
2298,[17.]
2299,[21.]
2300,[21.]
2301,[21.]
2302,[19.]
2303,[17.]
2304,[24.]
2305,[12.]
2306,[22.]
2307,[13.]
2308,[20.]
2309,[21.]
2310,[23.]
2311,[10.]
2312,[18.]
2313,[23.]
2314,[21.]
2315,[5.]
2316,[22.]
2317,[15.]
2318,[18.]
2319,[14.]
2320,[18.]
2321,[17.]
2322,[20.]
2323,[18.]
2324,[17.]
2325,[22.]
2326,[18.]
2327,[15.]
2328,[11.]
2329,[11.]
2330,[21.]
2331,[13.]
2332,[5.]
2333,[23.]
2334,[11.]
2335,[13.]
2336,[20.]
2337,[20.]
2338,[16.]
2339,[22.]
2340,[18.]
2341,[18.]
2342,[7.]
2343,[19.]
2344,[19.]
2345,[16.]
2346,[22.]
2347,[20.]
2348,[19.]
2349,[13.]
2350,[11.]
2351,[7.]
2352,[19.]
2353,[23.]
2354,[16.]
2355,[20.]
2356,[19.]
2357,[20.]
2358,[20.]
2359,[21.]
2360,[10.]
2361,[20.]
2362,[20.]
2363,[24.]
2364,[22.]
2365,[19.]
2366,[21.]
2367,[23.]
2368,[20.]
2369,[12.]
2370,[9.]
2371,[22.]
2372,[24.]
2373,[21.]
2374,[21.]
2375,[9.]
2376,[16.]
2377,[22.]
2378,[18.]
2379,[22.]
2380,[11.]
2381,[14.]
2382,[25.]
2383,[13.]
2384,[19.]
2385,[20.]
2386,[21.]
2387,[19.]
2388,[18.]
2389,[23.]
2390,[22.]
2391,[12.]
2392,[13.]
2393,[17.]
2394,[21.]
2395,[20.]
2396,[21.]
2397,[23.]
2398,[18.]
2399,[13.]
2400,[18.]
2401,[20.]
2402,[21.]
2403,[21.]
2404,[19.]
2405,[19.]
2406,[20.]
2407,[18.]
2408,[19.]
2409,[18.]
2410,[21.]
2411,[22.]
2412,[15.]
2413,[7.]
2414,[19.]
2415,[19.]
2416,[18.]
2417,[19.]
2418,[20.]
2419,[22.]
2420,[18.]
2421,[22.]
2422,[20.]
2423,[22.]
2424,[21.]
2425,[21.]
2426,[20.]
2427,[16.]
2428,[11.]
2429,[15.]
2430,[19.]
2431,[8.]
2432,[15.]
2433,[19.]
2434,[19.]
2435,[21.]
2436,[20.]
2437,[20.]
2438,[13.]
2439,[19.]
2440,[12.]
2441,[21.]
2442,[21.]
2443,[21.]
2444,[17.]
2445,[21.]
2446,[20.]
2447,[20.]
2448,[22.]
2449,[22.]
2450,[21.]
2451,[18.]
2452,[15.]
2453,[21.]
2454,[21.]
2455,[18.]
2456,[13.]
2457,[17.]
2458,[14.]
2459,[19.]
2460,[22.]
2461,[19.]
2462,[7.]
2463,[22.]
2464,[12.]
2465,[16.]
2466,[24.]
2467,[18.]
2468,[19.]
2469,[17.]
2470,[21.]
2471,[22.]
2472,[22.]
2473,[20.]
2474,[21.]
2475,[22.]
2476,[17.]
2477,[20.]
2478,[19.]
2479,[20.]
2480,[7.]
2481,[24.]
2482,[18.]
2483,[6.]
2484,[19.]
2485,[12.]
2486,[23.]
2487,[11.]
2488,[19.]
2489,[19.]
2490,[15.]
2491,[23.]
2492,[22.]
2493,[21.]
2494,[20.]
2495,[17.]
2496,[23.]
2497,[12.]
2498,[13.]
2499,[8.]
2500,[8.]
2501,[7.]
2502,[18.]
2503,[23.]
2504,[21.]
2505,[21.]
2506,[17.]
2507,[17.]
2508,[22.]
2509,[6.]
2510,[18.]
2511,[17.]
2512,[23.]
2513,[21.]
2514,[16.]
2515,[20.]
2516,[8.]
2517,[18.]
2518,[15.]
2519,[16.]
2520,[17.]
2521,[22.]
2522,[6.]
2523,[6.]
2524,[8.]
2525,[10.]
2526,[22.]
2527,[20.]
2528,[14.]
2529,[18.]
2530,[23.]
2531,[12.]
2532,[19.]
2533,[20.]
2534,[23.]
2535,[20.]
2536,[10.]
2537,[21.]
2538,[22.]
2539,[20.]
2540,[23.]
2541,[19.]
2542,[16.]
2543,[22.]
2544,[21.]
2545,[16.]
2546,[20.]
2547,[18.]
2548,[14.]
2549,[15.]
2550,[9.]
2551,[19.]
2552,[18.]
2553,[20.]
2554,[11.]
2555,[20.]
2556,[15.]
2557,[20.]
2558,[21.]
2559,[21.]
2560,[13.]
2561,[19.]
2562,[19.]
2563,[21.]
2564,[15.]
2565,[22.]
2566,[23.]
2567,[19.]
2568,[9.]
2569,[22.]
2570,[17.]
2571,[20.]
2572,[23.]
2573,[20.]
2574,[19.]
2575,[19.]
2576,[19.]
2577,[21.]
2578,[16.]
2579,[20.]
2580,[20.]
2581,[20.]
2582,[20.]
2583,[16.]
2584,[14.]
2585,[19.]
2586,[18.]
2587,[19.]
2588,[6.]
2589,[16.]
2590,[20.]
2591,[22.]
2592,[21.]
2593,[12.]
2594,[24.]
2595,[20.]
2596,[10.]
2597,[20.]
2598,[21.]
2599,[10.]
2600,[10.]
2601,[18.]
2602,[21.]
2603,[21.]
2604,[12.]
2605,[21.]
2606,[24.]
2607,[18.]
2608,[10.]
2609,[12.]
2610,[5.]
2611,[22.]
2612,[20.]
2613,[3.]
2614,[20.]
2615,[22.]
2616,[13.]
2617,[16.]
2618,[20.]
2619,[20.]
2620,[9.]
2621,[18.]
2622,[19.]
2623,[20.]
2624,[18.]
2625,[22.]
2626,[22.]
2627,[14.]
2628,[22.]
2629,[19.]
2630,[21.]
2631,[9.]
2632,[7.]
2633,[20.]
2634,[18.]
2635,[13.]
2636,[18.]
2637,[21.]
2638,[11.]
2639,[15.]
2640,[11.]
2641,[20.]
2642,[18.]
2643,[14.]
2644,[21.]
2645,[13.]
2646,[9.]
2647,[15.]
2648,[21.]
2649,[11.]
2650,[22.]
2651,[20.]
2652,[21.]
2653,[21.]
2654,[10.]
2655,[15.]
2656,[19.]
2657,[20.]
2658,[17.]
2659,[10.]
2660,[22.]
2661,[18.]
2662,[7.]
2663,[22.]
2664,[17.]
2665,[23.]
2666,[9.]
2667,[18.]
2668,[17.]
2669,[20.]
2670,[23.]
2671,[20.]
2672,[22.]
2673,[20.]
2674,[13.]
2675,[15.]
2676,[12.]
2677,[11.]
2678,[22.]
2679,[19.]
2680,[8.]
2681,[15.]
2682,[21.]
2683,[19.]
2684,[12.]
2685,[22.]
2686,[23.]
2687,[14.]
2688,[16.]
2689,[15.]
2690,[20.]
2691,[21.]
2692,[19.]
2693,[10.]
2694,[20.]
2695,[18.]
2696,[7.]
2697,[22.]
2698,[18.]
2699,[22.]
2700,[19.]
2701,[15.]
2702,[22.]
2703,[19.]
2704,[20.]
2705,[20.]
2706,[14.]
2707,[20.]
2708,[21.]
2709,[12.]
2710,[11.]
2711,[21.]
2712,[15.]
2713,[20.]
2714,[12.]
2715,[19.]
2716,[21.]
2717,[21.]
2718,[17.]
2719,[23.]
2720,[17.]
2721,[21.]
2722,[17.]
2723,[19.]
2724,[12.]
2725,[15.]
2726,[19.]
2727,[15.]
2728,[14.]
2729,[17.]
2730,[21.]
2731,[5.]
2732,[18.]
2733,[21.]
2734,[22.]
2735,[18.]
2736,[21.]
2737,[7.]
2738,[13.]
2739,[11.]
2740,[23.]
2741,[23.]
2742,[11.]
2743,[16.]
2744,[18.]
2745,[19.]
2746,[19.]
2747,[18.]
2748,[18.]
2749,[17.]
2750,[22.]
2751,[19.]
2752,[20.]
2753,[22.]
2754,[20.]
2755,[22.]
2756,[22.]
2757,[19.]
2758,[20.]
2759,[19.]
2760,[20.]
2761,[16.]
2762,[9.]
2763,[16.]
2764,[13.]
2765,[15.]
2766,[18.]
2767,[20.]
2768,[17.]
2769,[22.]
2770,[20.]
2771,[15.]
2772,[13.]
2773,[21.]
2774,[18.]
2775,[15.]
2776,[21.]
2777,[21.]
2778,[21.]
2779,[20.]
2780,[16.]
2781,[10.]
2782,[18.]
2783,[18.]
2784,[22.]
2785,[17.]
2786,[11.]
2787,[21.]
2788,[23.]
2789,[19.]
2790,[11.]
2791,[13.]
2792,[21.]
2793,[20.]
2794,[14.]
2795,[20.]
2796,[15.]
2797,[22.]
2798,[20.]
2799,[13.]
2800,[22.]
2801,[20.]
2802,[21.]
2803,[19.]
2804,[10.]
2805,[18.]
2806,[9.]
2807,[18.]
2808,[18.]
2809,[6.]
2810,[21.]
2811,[12.]
2812,[18.]
2813,[23.]
2814,[6.]
2815,[14.]
2816,[22.]
2817,[15.]
2818,[19.]
2819,[18.]
2820,[17.]
2821,[18.]
2822,[19.]
2823,[24.]
2824,[22.]
2825,[18.]
2826,[17.]
2827,[21.]
2828,[15.]
2829,[4.]
2830,[16.]
2831,[20.]
2832,[23.]
2833,[11.]
2834,[18.]
2835,[19.]
2836,[17.]
2837,[19.]
2838,[17.]
2839,[15.]
2840,[6.]
2841,[16.]
2842,[22.]
2843,[18.]
2844,[19.]
2845,[19.]
2846,[22.]
2847,[18.]
2848,[21.]
2849,[17.]
2850,[22.]
2851,[22.]
2852,[22.]
2853,[21.]
2854,[22.]
2855,[21.]
2856,[17.]
2857,[7.]
2858,[16.]
2859,[21.]
2860,[15.]
2861,[21.]
2862,[20.]
2863,[21.]
2864,[22.]
2865,[18.]
2866,[21.]
2867,[20.]
2868,[16.]
2869,[20.]
2870,[23.]
2871,[7.]
2872,[17.]
2873,[16.]
2874,[22.]
2875,[18.]
2876,[8.]
2877,[14.]
2878,[18.]
2879,[8.]
2880,[23.]
2881,[16.]
2882,[22.]
2883,[18.]
2884,[16.]
2885,[21.]
2886,[21.]
2887,[15.]
2888,[7.]
2889,[23.]
2890,[21.]
2891,[7.]
2892,[20.]
2893,[20.]
2894,[22.]
2895,[16.]
2896,[20.]
2897,[22.]
2898,[17.]
2899,[19.]
2900,[8.]
2901,[20.]
2902,[19.]
2903,[18.]
2904,[17.]
2905,[22.]
2906,[23.]
2907,[21.]
2908,[19.]
2909,[23.]
2910,[15.]
2911,[20.]
2912,[19.]
2913,[20.]
2914,[21.]
2915,[23.]
2916,[18.]
2917,[17.]
2918,[18.]
2919,[19.]
2920,[21.]
2921,[10.]
2922,[5.]
2923,[17.]
2924,[21.]
2925,[11.]
2926,[22.]
2927,[7.]
2928,[23.]
2929,[21.]
2930,[20.]
2931,[17.]
2932,[24.]
2933,[21.]
2934,[22.]
2935,[20.]
2936,[13.]
2937,[20.]
2938,[21.]
2939,[22.]
2940,[22.]
2941,[20.]
2942,[19.]
2943,[15.]
2944,[20.]
2945,[13.]
2946,[20.]
2947,[21.]
2948,[14.]
2949,[19.]
2950,[19.]
2951,[19.]
2952,[23.]
2953,[21.]
2954,[19.]
2955,[21.]
2956,[22.]
2957,[21.]
2958,[23.]
2959,[20.]
2960,[20.]
2961,[16.]
2962,[22.]
2963,[20.]
2964,[22.]
2965,[18.]
2966,[22.]
2967,[15.]
2968,[21.]
2969,[21.]
2970,[22.]
2971,[15.]
2972,[10.]
2973,[19.]
2974,[17.]
2975,[23.]
2976,[8.]
2977,[21.]
2978,[23.]
2979,[24.]
2980,[11.]
2981,[12.]
2982,[15.]
2983,[19.]
2984,[19.]
2985,[17.]
2986,[12.]
2987,[23.]
2988,[21.]
2989,[17.]
2990,[20.]
2991,[24.]
2992,[17.]
2993,[11.]
2994,[19.]
2995,[17.]
2996,[22.]
2997,[19.]
2998,[22.]
2999,[24.]
3000,[17.]
3001,[19.]
3002,[7.]
3003,[13.]
3004,[22.]
3005,[20.]
3006,[18.]
3007,[19.]
3008,[22.]
3009,[8.]
3010,[22.]
3011,[20.]
3012,[5.]
3013,[21.]
3014,[20.]
3015,[17.]
3016,[22.]
3017,[16.]
3018,[21.]
3019,[18.]
3020,[22.]
3021,[13.]
3022,[15.]
3023,[21.]
3024,[21.]
3025,[16.]
3026,[19.]
3027,[18.]
3028,[21.]
3029,[20.]
3030,[21.]
3031,[22.]
3032,[20.]
3033,[18.]
3034,[14.]
3035,[18.]
3036,[11.]
3037,[18.]
3038,[18.]
3039,[12.]
3040,[21.]
3041,[12.]
3042,[22.]
3043,[22.]
3044,[21.]
3045,[23.]
3046,[19.]
3047,[18.]
3048,[6.]
3049,[20.]
3050,[20.]
3051,[22.]
3052,[22.]
3053,[19.]
3054,[21.]
3055,[21.]
3056,[23.]
3057,[19.]
3058,[21.]
3059,[8.]
3060,[20.]
3061,[16.]
3062,[18.]
3063,[14.]
3064,[18.]
3065,[21.]
3066,[22.]
3067,[14.]
3068,[16.]
3069,[22.]
3070,[5.]
3071,[18.]
3072,[20.]
3073,[13.]
3074,[22.]
3075,[20.]
3076,[11.]
3077,[19.]
3078,[22.]
3079,[17.]
3080,[23.]
3081,[22.]
3082,[15.]
3083,[21.]
3084,[8.]
3085,[14.]
3086,[21.]
3087,[20.]
3088,[19.]
3089,[22.]
3090,[21.]
3091,[18.]
3092,[21.]
3093,[21.]
3094,[21.]
3095,[21.]
3096,[22.]
3097,[21.]
3098,[17.]
3099,[22.]
3100,[6.]
3101,[23.]
3102,[18.]
3103,[22.]
3104,[17.]
3105,[23.]
3106,[21.]
3107,[6.]
3108,[15.]
3109,[19.]
3110,[12.]
3111,[19.]
3112,[9.]
3113,[19.]
3114,[16.]
3115,[5.]
3116,[22.]
3117,[21.]
3118,[6.]
3119,[18.]
3120,[23.]
3121,[18.]
3122,[10.]
3123,[17.]
3124,[19.]
3125,[18.]
3126,[15.]
3127,[24.]
3128,[10.]
3129,[22.]
3130,[21.]
3131,[19.]
3132,[24.]
3133,[5.]
3134,[18.]
3135,[11.]
3136,[19.]
3137,[19.]
3138,[20.]
3139,[19.]
3140,[19.]
3141,[6.]
3142,[9.]
3143,[7.]
3144,[20.]
3145,[22.]
3146,[6.]
3147,[19.]
3148,[19.]
3149,[22.]
3150,[18.]
3151,[21.]
3152,[18.]
3153,[20.]
3154,[24.]
3155,[16.]
3156,[13.]
3157,[11.]
3158,[20.]
3159,[15.]
3160,[20.]
3161,[12.]
3162,[20.]
3163,[6.]
3164,[21.]
3165,[18.]
3166,[21.]
3167,[20.]
3168,[9.]
3169,[21.]
3170,[21.]
3171,[11.]
3172,[22.]
3173,[21.]
3174,[22.]
3175,[19.]
3176,[14.]
3177,[10.]
3178,[16.]
3179,[10.]
3180,[21.]
3181,[21.]
3182,[21.]
3183,[19.]
3184,[18.]
3185,[21.]
3186,[17.]
3187,[9.]
3188,[18.]
3189,[19.]
3190,[20.]
3191,[10.]
3192,[18.]
3193,[20.]
3194,[23.]
3195,[22.]
3196,[20.]
3197,[21.]
3198,[15.]
3199,[14.]
3200,[22.]
3201,[12.]
3202,[20.]
3203,[17.]
3204,[20.]
3205,[11.]
3206,[21.]
3207,[18.]
3208,[13.]
3209,[17.]
3210,[14.]
3211,[23.]
3212,[13.]
3213,[17.]
3214,[20.]
3215,[21.]
3216,[17.]
3217,[13.]
3218,[24.]
3219,[20.]
3220,[21.]
3221,[18.]
3222,[15.]
3223,[22.]
3224,[15.]
3225,[22.]
3226,[20.]
3227,[20.]
3228,[20.]
3229,[22.]
3230,[9.]
3231,[22.]
3232,[20.]
3233,[21.]
3234,[19.]
3235,[9.]
3236,[21.]
3237,[22.]
3238,[18.]
3239,[20.]
3240,[13.]
3241,[23.]
3242,[20.]
3243,[10.]
3244,[7.]
3245,[20.]
3246,[15.]
3247,[21.]
3248,[23.]
3249,[20.]
3250,[21.]
3251,[19.]
3252,[22.]
3253,[21.]
3254,[19.]
3255,[21.]
3256,[22.]
3257,[21.]
3258,[22.]
3259,[17.]
3260,[16.]
3261,[22.]
3262,[14.]
3263,[19.]
3264,[23.]
3265,[21.]
3266,[20.]
3267,[14.]
3268,[13.]
3269,[19.]
3270,[19.]
3271,[20.]
3272,[18.]
3273,[7.]
3274,[19.]
3275,[21.]
3276,[22.]
3277,[20.]
3278,[20.]
3279,[17.]
3280,[11.]
3281,[22.]
3282,[23.]
3283,[20.]
3284,[15.]
3285,[22.]
3286,[19.]
3287,[12.]
3288,[20.]
3289,[18.]
3290,[10.]
3291,[18.]
3292,[21.]
3293,[21.]
3294,[6.]
3295,[19.]
3296,[20.]
3297,[17.]
3298,[12.]
3299,[20.]
3300,[15.]
3301,[24.]
3302,[23.]
3303,[23.]
3304,[20.]
3305,[12.]
3306,[20.]
3307,[18.]
3308,[10.]
3309,[20.]
3310,[17.]
3311,[18.]
3312,[18.]
3313,[17.]
3314,[23.]
3315,[18.]
3316,[20.]
3317,[15.]
3318,[21.]
3319,[21.]
3320,[20.]
3321,[12.]
3322,[21.]
3323,[17.]
3324,[12.]
3325,[23.]
3326,[19.]
3327,[8.]
3328,[20.]
3329,[21.]
3330,[18.]
3331,[21.]
3332,[19.]
3333,[17.]
3334,[6.]
3335,[16.]
3336,[18.]
3337,[20.]
3338,[19.]
3339,[18.]
3340,[10.]
3341,[21.]
3342,[18.]
3343,[20.]
3344,[21.]
3345,[19.]
3346,[17.]
3347,[17.]
3348,[20.]
3349,[20.]
3350,[15.]
3351,[22.]
3352,[19.]
3353,[21.]
3354,[23.]
3355,[11.]
3356,[10.]
3357,[21.]
3358,[9.]
3359,[21.]
3360,[19.]
3361,[19.]
3362,[16.]
3363,[21.]
3364,[22.]
3365,[15.]
3366,[19.]
3367,[20.]
3368,[22.]
3369,[12.]
3370,[5.]
3371,[18.]
3372,[20.]
3373,[15.]
3374,[12.]
3375,[4.]
3376,[10.]
3377,[23.]
3378,[23.]
3379,[20.]
3380,[20.]
3381,[20.]
3382,[15.]
3383,[21.]
3384,[15.]
3385,[21.]
3386,[17.]
3387,[21.]
3388,[22.]
3389,[21.]
3390,[20.]
3391,[12.]
3392,[5.]
3393,[20.]
3394,[20.]
3395,[9.]
3396,[21.]
3397,[16.]
3398,[23.]
3399,[22.]
3400,[18.]
3401,[22.]
3402,[16.]
3403,[11.]
3404,[16.]
3405,[23.]
3406,[19.]
3407,[22.]
3408,[16.]
3409,[20.]
3410,[8.]
3411,[21.]
3412,[23.]
3413,[24.]
3414,[22.]
3415,[20.]
3416,[22.]
3417,[20.]
3418,[20.]
3419,[21.]
3420,[5.]
3421,[17.]
3422,[22.]
3423,[19.]
3424,[22.]
3425,[20.]
3426,[22.]
3427,[16.]
3428,[21.]
3429,[20.]
3430,[22.]
3431,[23.]
3432,[13.]
3433,[21.]
3434,[20.]
3435,[5.]
3436,[17.]
3437,[16.]
3438,[18.]
3439,[19.]
3440,[9.]
3441,[23.]
3442,[20.]
3443,[23.]
3444,[22.]
3445,[20.]
3446,[21.]
3447,[17.]
3448,[8.]
3449,[23.]
3450,[23.]
3451,[23.]
3452,[10.]
3453,[23.]
3454,[22.]
3455,[22.]
3456,[21.]
3457,[19.]
3458,[23.]
3459,[21.]
3460,[18.]
3461,[20.]
3462,[20.]
3463,[5.]
3464,[17.]
3465,[20.]
3466,[23.]
3467,[19.]
3468,[11.]
3469,[18.]
3470,[21.]
3471,[20.]
3472,[22.]
3473,[20.]
3474,[21.]
3475,[9.]
3476,[19.]
3477,[22.]
3478,[22.]
3479,[19.]
3480,[23.]
3481,[22.]
3482,[23.]
3483,[22.]
3484,[6.]
3485,[19.]
3486,[22.]
3487,[10.]
3488,[21.]
3489,[6.]
3490,[19.]
3491,[19.]
3492,[12.]
3493,[8.]
3494,[22.]
3495,[12.]
3496,[21.]
3497,[20.]
3498,[16.]
3499,[20.]
3500,[19.]
3501,[15.]
3502,[22.]
3503,[11.]
3504,[19.]
3505,[14.]
3506,[23.]
3507,[12.]
3508,[19.]
3509,[10.]
3510,[16.]
3511,[20.]
3512,[21.]
3513,[18.]
3514,[18.]
3515,[23.]
3516,[4.]
3517,[25.]
3518,[20.]
3519,[20.]
3520,[8.]
3521,[22.]
3522,[21.]
3523,[21.]
3524,[21.]
3525,[23.]
3526,[23.]
3527,[19.]
3528,[19.]
3529,[19.]
3530,[19.]
3531,[20.]
3532,[21.]
3533,[20.]
3534,[24.]
3535,[20.]
3536,[19.]
3537,[12.]
3538,[21.]
3539,[11.]
3540,[16.]
3541,[20.]
3542,[20.]
3543,[4.]
3544,[16.]
3545,[9.]
3546,[22.]
3547,[22.]
3548,[11.]
3549,[12.]
3550,[24.]
3551,[22.]
3552,[16.]
3553,[20.]
3554,[20.]
3555,[8.]
3556,[10.]
3557,[21.]
3558,[22.]
3559,[20.]
3560,[18.]
3561,[7.]
3562,[20.]
3563,[20.]
3564,[13.]
3565,[18.]
3566,[5.]
3567,[18.]
3568,[20.]
3569,[21.]
3570,[21.]
3571,[18.]
3572,[7.]
3573,[12.]
3574,[21.]
3575,[17.]
3576,[14.]
3577,[20.]
3578,[13.]
3579,[20.]
3580,[22.]
3581,[10.]
3582,[21.]
3583,[20.]
3584,[21.]
3585,[15.]
3586,[13.]
3587,[20.]
3588,[20.]
3589,[8.]
3590,[10.]
3591,[18.]
3592,[18.]
3593,[13.]
3594,[9.]
3595,[21.]
3596,[22.]
3597,[22.]
3598,[21.]
3599,[11.]
3600,[19.]
3601,[19.]
3602,[19.]
3603,[22.]
3604,[18.]
3605,[17.]
3606,[19.]
3607,[22.]
3608,[21.]
3609,[14.]
3610,[15.]
3611,[23.]
3612,[19.]
3613,[18.]
3614,[14.]
3615,[8.]
3616,[17.]
3617,[14.]
3618,[19.]
3619,[17.]
3620,[18.]
3621,[13.]
3622,[20.]
3623,[22.]
3624,[17.]
3625,[6.]
3626,[18.]
3627,[20.]
3628,[11.]
3629,[20.]
3630,[20.]
3631,[22.]
3632,[20.]
3633,[13.]
3634,[14.]
3635,[22.]
3636,[14.]
3637,[20.]
3638,[11.]
3639,[9.]
3640,[23.]
3641,[23.]
3642,[18.]
3643,[20.]
3644,[18.]
3645,[11.]
3646,[13.]
3647,[20.]
3648,[22.]
3649,[20.]
3650,[15.]
3651,[21.]
3652,[19.]
3653,[21.]
3654,[15.]
3655,[14.]
3656,[22.]
3657,[21.]
3658,[21.]
3659,[9.]
3660,[19.]
3661,[9.]
3662,[20.]
3663,[18.]
3664,[17.]
3665,[22.]
3666,[22.]
3667,[11.]
3668,[23.]
3669,[22.]
3670,[19.]
3671,[18.]
3672,[21.]
3673,[20.]
3674,[20.]
3675,[14.]
3676,[8.]
3677,[16.]
3678,[21.]
3679,[20.]
3680,[22.]
3681,[20.]
3682,[16.]
3683,[5.]
3684,[19.]
3685,[23.]
3686,[17.]
3687,[22.]
3688,[20.]
3689,[21.]
3690,[15.]
3691,[22.]
3692,[19.]
3693,[20.]
3694,[21.]
3695,[22.]
3696,[21.]
3697,[21.]
3698,[8.]
3699,[10.]
3700,[20.]
3701,[9.]
3702,[20.]
3703,[21.]
3704,[20.]
3705,[9.]
3706,[18.]
3707,[20.]
3708,[13.]
3709,[20.]
3710,[18.]
3711,[19.]
3712,[21.]
3713,[15.]
3714,[10.]
3715,[21.]
3716,[10.]
3717,[24.]
3718,[15.]
3719,[22.]
3720,[18.]
3721,[21.]
3722,[23.]
3723,[22.]
3724,[19.]
3725,[21.]
3726,[18.]
3727,[9.]
3728,[23.]
3729,[21.]
3730,[19.]
3731,[21.]
3732,[23.]
3733,[13.]
3734,[20.]
3735,[22.]
3736,[20.]
3737,[18.]
3738,[22.]
3739,[10.]
3740,[19.]
3741,[22.]
3742,[19.]
3743,[15.]
3744,[18.]
3745,[20.]
3746,[23.]
3747,[5.]
3748,[11.]
3749,[18.]
3750,[21.]
3751,[19.]
3752,[13.]
3753,[20.]
3754,[19.]
3755,[16.]
3756,[22.]
3757,[21.]
3758,[20.]
3759,[19.]
3760,[19.]
3761,[18.]
3762,[21.]
3763,[20.]
3764,[16.]
3765,[24.]
3766,[16.]
3767,[19.]
3768,[22.]
3769,[22.]
3770,[17.]
3771,[20.]
3772,[17.]
3773,[18.]
3774,[19.]
3775,[18.]
3776,[22.]
3777,[15.]
3778,[14.]
3779,[16.]
3780,[21.]
3781,[20.]
3782,[21.]
3783,[18.]
3784,[22.]
3785,[9.]
3786,[20.]
3787,[23.]
3788,[19.]
3789,[23.]
3790,[15.]
3791,[21.]
3792,[22.]
3793,[20.]
3794,[5.]
3795,[22.]
3796,[16.]
3797,[16.]
3798,[22.]
3799,[15.]
3800,[16.]
3801,[22.]
3802,[22.]
3803,[24.]
3804,[15.]
3805,[6.]
3806,[22.]
3807,[15.]
3808,[21.]
3809,[20.]
3810,[18.]
3811,[21.]
3812,[21.]
3813,[17.]
3814,[14.]
3815,[19.]
3816,[19.]
3817,[13.]
3818,[21.]
3819,[19.]
3820,[16.]
3821,[14.]
3822,[9.]
3823,[21.]
3824,[22.]
3825,[16.]
3826,[21.]
3827,[22.]
3828,[14.]
3829,[22.]
3830,[20.]
3831,[18.]
3832,[19.]
3833,[21.]
3834,[20.]
3835,[18.]
3836,[4.]
3837,[19.]
3838,[15.]
3839,[22.]
3840,[14.]
3841,[15.]
3842,[20.]
3843,[19.]
3844,[19.]
3845,[20.]
3846,[18.]
3847,[20.]
3848,[21.]
3849,[18.]
3850,[22.]
3851,[22.]
3852,[23.]
3853,[19.]
3854,[22.]
3855,[23.]
3856,[7.]
3857,[20.]
3858,[20.]
3859,[19.]
3860,[18.]
3861,[23.]
3862,[21.]
3863,[20.]
3864,[22.]
3865,[9.]
3866,[21.]
3867,[18.]
3868,[14.]
3869,[21.]
3870,[18.]
3871,[23.]
3872,[17.]
3873,[13.]
3874,[12.]
3875,[21.]
3876,[21.]
3877,[23.]
3878,[20.]
3879,[18.]
3880,[22.]
3881,[18.]
3882,[8.]
3883,[19.]
3884,[6.]
3885,[20.]
3886,[20.]
3887,[18.]
3888,[19.]
3889,[24.]
3890,[23.]
3891,[18.]
3892,[21.]
3893,[20.]
3894,[17.]
3895,[19.]
3896,[21.]
3897,[10.]
3898,[22.]
3899,[7.]
3900,[16.]
3901,[10.]
3902,[22.]
3903,[12.]
3904,[22.]
3905,[22.]
3906,[24.]
3907,[19.]
3908,[21.]
3909,[19.]
3910,[21.]
3911,[17.]
3912,[22.]
3913,[20.]
3914,[20.]
3915,[19.]
3916,[22.]
3917,[18.]
3918,[18.]
3919,[20.]
3920,[4.]
3921,[20.]
3922,[21.]
3923,[10.]
3924,[21.]
3925,[6.]
3926,[8.]
3927,[14.]
3928,[18.]
3929,[18.]
3930,[17.]
3931,[18.]
3932,[23.]
3933,[7.]
3934,[19.]
3935,[5.]
3936,[9.]
3937,[21.]
3938,[21.]
3939,[20.]
3940,[20.]
3941,[22.]
3942,[23.]
3943,[16.]
3944,[17.]
3945,[19.]
3946,[21.]
3947,[20.]
3948,[19.]
3949,[14.]
3950,[7.]
3951,[16.]
3952,[21.]
3953,[18.]
3954,[22.]
3955,[22.]
3956,[16.]
3957,[12.]
3958,[19.]
3959,[11.]
3960,[19.]
3961,[18.]
3962,[19.]
3963,[21.]
3964,[20.]
3965,[18.]
3966,[12.]
3967,[12.]
3968,[12.]
3969,[7.]
3970,[19.]
3971,[20.]
3972,[18.]
3973,[21.]
3974,[21.]
3975,[21.]
3976,[20.]
3977,[21.]
3978,[23.]
3979,[16.]
3980,[19.]
3981,[12.]
3982,[21.]
3983,[11.]
3984,[23.]
3985,[20.]
3986,[12.]
3987,[17.]
3988,[16.]
3989,[8.]
3990,[16.]
3991,[19.]
3992,[21.]
3993,[22.]
3994,[10.]
3995,[5.]
3996,[5.]
3997,[18.]
3998,[21.]
3999,[18.]
4000,[20.]
4001,[23.]
4002,[20.]
4003,[19.]
4004,[12.]
4005,[4.]
4006,[21.]
4007,[16.]
4008,[22.]
4009,[19.]
4010,[21.]
4011,[13.]
4012,[11.]
4013,[20.]
4014,[20.]
4015,[15.]
4016,[6.]
4017,[21.]
4018,[21.]
4019,[23.]
4020,[19.]
4021,[18.]
4022,[21.]
4023,[19.]
4024,[21.]
4025,[6.]
4026,[9.]
4027,[20.]
4028,[19.]
4029,[19.]
4030,[9.]
4031,[20.]
4032,[21.]
4033,[20.]
4034,[23.]
4035,[23.]
4036,[22.]
4037,[21.]
4038,[5.]
4039,[22.]
4040,[18.]
4041,[19.]
4042,[21.]
4043,[20.]
4044,[16.]
4045,[16.]
4046,[14.]
4047,[22.]
4048,[22.]
4049,[10.]
4050,[21.]
4051,[17.]
4052,[19.]
4053,[15.]
4054,[18.]
4055,[21.]
4056,[20.]
4057,[20.]
4058,[22.]
4059,[21.]
4060,[21.]
4061,[21.]
4062,[22.]
4063,[14.]
4064,[17.]
4065,[13.]
4066,[17.]
4067,[15.]
4068,[18.]
4069,[23.]
4070,[19.]
4071,[22.]
4072,[11.]
4073,[21.]
4074,[16.]
4075,[18.]
4076,[20.]
4077,[16.]
4078,[20.]
4079,[19.]
4080,[19.]
4081,[22.]
4082,[22.]
4083,[16.]
4084,[15.]
4085,[20.]
4086,[15.]
4087,[21.]
4088,[20.]
4089,[19.]
4090,[20.]
4091,[11.]
4092,[18.]
4093,[22.]
4094,[21.]
4095,[17.]
4096,[19.]
4097,[14.]
4098,[23.]
4099,[18.]
4100,[21.]
4101,[21.]
4102,[19.]
4103,[21.]
4104,[20.]
4105,[14.]
4106,[18.]
4107,[17.]
4108,[21.]
4109,[21.]
4110,[17.]
4111,[13.]
4112,[19.]
4113,[24.]
4114,[22.]
4115,[21.]
4116,[19.]
4117,[23.]
4118,[19.]
4119,[22.]
4120,[6.]
4121,[23.]
4122,[12.]
4123,[19.]
4124,[18.]
4125,[20.]
4126,[14.]
4127,[8.]
4128,[23.]
4129,[16.]
4130,[23.]
4131,[24.]
4132,[20.]
4133,[19.]
4134,[22.]
4135,[21.]
4136,[22.]
4137,[21.]
4138,[17.]
4139,[20.]
4140,[23.]
4141,[21.]
4142,[20.]
4143,[22.]
4144,[21.]
4145,[22.]
4146,[18.]
4147,[20.]
4148,[22.]
4149,[22.]
4150,[21.]
4151,[16.]
4152,[20.]
4153,[17.]
4154,[22.]
4155,[22.]
4156,[22.]
4157,[13.]
4158,[20.]
4159,[23.]
4160,[20.]
4161,[17.]
4162,[9.]
4163,[20.]
4164,[7.]
4165,[19.]
4166,[19.]
4167,[14.]
4168,[20.]
4169,[6.]
4170,[22.]
4171,[17.]
4172,[19.]
4173,[23.]
4174,[13.]
4175,[18.]
4176,[18.]
4177,[9.]
4178,[23.]
4179,[18.]
4180,[9.]
4181,[16.]
4182,[20.]
4183,[5.]
4184,[16.]
4185,[20.]
4186,[18.]
4187,[18.]
4188,[9.]
4189,[22.]
4190,[20.]
4191,[17.]
4192,[22.]
4193,[22.]
4194,[8.]
4195,[9.]
4196,[18.]
4197,[20.]
4198,[15.]
4199,[16.]
4200,[13.]
4201,[22.]
4202,[23.]
4203,[21.]
4204,[22.]
4205,[22.]
4206,[20.]
4207,[20.]
4208,[17.]
4209,[5.]
4210,[19.]
4211,[22.]
4212,[20.]
4213,[20.]
4214,[19.]
4215,[24.]
4216,[20.]
4217,[5.]
4218,[12.]
4219,[20.]
4220,[6.]
4221,[23.]
4222,[22.]
4223,[18.]
4224,[9.]
4225,[19.]
4226,[20.]
4227,[19.]
4228,[19.]
4229,[17.]
4230,[19.]
4231,[22.]
4232,[22.]
4233,[17.]
4234,[20.]
4235,[20.]
4236,[20.]
4237,[20.]
4238,[21.]
4239,[20.]
4240,[10.]
4241,[22.]
4242,[9.]
4243,[6.]
4244,[24.]
4245,[16.]
4246,[15.]
4247,[16.]
4248,[18.]
4249,[20.]
4250,[10.]
4251,[10.]
4252,[16.]
4253,[21.]
4254,[7.]
4255,[15.]
4256,[17.]
4257,[11.]
4258,[20.]
4259,[19.]
4260,[10.]
4261,[21.]
4262,[23.]
4263,[20.]
4264,[21.]
4265,[22.]
4266,[12.]
4267,[12.]
4268,[22.]
4269,[21.]
4270,[18.]
4271,[22.]
4272,[9.]
4273,[18.]
4274,[17.]
4275,[10.]
4276,[23.]
4277,[21.]
4278,[9.]
4279,[17.]
4280,[8.]
4281,[10.]
4282,[20.]
4283,[16.]
4284,[22.]
4285,[22.]
4286,[16.]
4287,[13.]
4288,[13.]
4289,[12.]
4290,[18.]
4291,[12.]
4292,[11.]
4293,[5.]
4294,[22.]
4295,[22.]
4296,[20.]
4297,[19.]
4298,[23.]
4299,[14.]
4300,[24.]
4301,[15.]
4302,[9.]
4303,[20.]
4304,[18.]
4305,[16.]
4306,[11.]
4307,[17.]
4308,[19.]
4309,[23.]
4310,[6.]
4311,[11.]
4312,[21.]
4313,[20.]
4314,[17.]
4315,[20.]
4316,[20.]
4317,[23.]
4318,[7.]
4319,[21.]
4320,[7.]
4321,[20.]
4322,[19.]
4323,[15.]
4324,[15.]
4325,[21.]
4326,[17.]
4327,[18.]
4328,[19.]
4329,[7.]
4330,[20.]
4331,[13.]
4332,[17.]
4333,[16.]
4334,[17.]
4335,[20.]
4336,[23.]
4337,[2.]
4338,[21.]
4339,[18.]
4340,[11.]
4341,[9.]
4342,[19.]
4343,[21.]
4344,[23.]
4345,[21.]
4346,[14.]
4347,[22.]
4348,[21.]
4349,[18.]
4350,[19.]
4351,[18.]
4352,[7.]
4353,[13.]
4354,[14.]
4355,[8.]
4356,[20.]
4357,[23.]
4358,[22.]
4359,[22.]
4360,[9.]
4361,[23.]
4362,[19.]
4363,[18.]
4364,[20.]
4365,[5.]
4366,[6.]
4367,[22.]
4368,[9.]
4369,[11.]
4370,[20.]
4371,[17.]
4372,[20.]
4373,[23.]
4374,[15.]
4375,[12.]
4376,[21.]
4377,[18.]
4378,[19.]
4379,[12.]
4380,[15.]
4381,[21.]
4382,[23.]
4383,[11.]
4384,[16.]
4385,[11.]
4386,[21.]
4387,[21.]
4388,[21.]
4389,[6.]
4390,[20.]
4391,[13.]
4392,[12.]
4393,[21.]
4394,[17.]
4395,[21.]
4396,[21.]
4397,[20.]
4398,[22.]
4399,[22.]
4400,[11.]
4401,[21.]
4402,[16.]
4403,[18.]
4404,[20.]
4405,[21.]
4406,[22.]
4407,[12.]
4408,[13.]
4409,[22.]
4410,[22.]
4411,[21.]
4412,[21.]
4413,[12.]
4414,[11.]
4415,[21.]
4416,[11.]
4417,[11.]
4418,[20.]
4419,[16.]
4420,[19.]
4421,[12.]
4422,[21.]
4423,[21.]
4424,[19.]
4425,[23.]
4426,[13.]
4427,[21.]
4428,[17.]
4429,[19.]
4430,[20.]
4431,[23.]
4432,[24.]
4433,[21.]
4434,[21.]
4435,[24.]
4436,[5.]
4437,[6.]
4438,[21.]
4439,[4.]
4440,[7.]
4441,[20.]
4442,[23.]
4443,[16.]
4444,[21.]
4445,[19.]
4446,[22.]
4447,[17.]
4448,[19.]
4449,[23.]
4450,[15.]
4451,[14.]
4452,[18.]
4453,[18.]
4454,[13.]
4455,[14.]
4456,[17.]
4457,[13.]
4458,[18.]
4459,[14.]
4460,[14.]
4461,[23.]
4462,[22.]
4463,[19.]
4464,[19.]
4465,[20.]
4466,[15.]
4467,[18.]
4468,[18.]
4469,[15.]
4470,[19.]
4471,[5.]
4472,[13.]
4473,[7.]
4474,[22.]
4475,[14.]
4476,[15.]
4477,[21.]
4478,[16.]
4479,[11.]
4480,[20.]
4481,[22.]
4482,[11.]
4483,[22.]
4484,[21.]
4485,[7.]
4486,[23.]
4487,[17.]
4488,[23.]
4489,[22.]
4490,[20.]
4491,[22.]
4492,[22.]
4493,[16.]
4494,[20.]
4495,[21.]
4496,[22.]
4497,[22.]
4498,[20.]
4499,[23.]
4500,[7.]
4501,[20.]
4502,[8.]
4503,[22.]
4504,[20.]
4505,[22.]
4506,[22.]
4507,[10.]
4508,[20.]
4509,[19.]
4510,[21.]
4511,[19.]
4512,[16.]
4513,[19.]
4514,[20.]
4515,[18.]
4516,[20.]
4517,[19.]
4518,[16.]
4519,[22.]
4520,[19.]
4521,[20.]
4522,[19.]
4523,[22.]
4524,[21.]
4525,[20.]
4526,[22.]
4527,[17.]
4528,[18.]
4529,[19.]
4530,[13.]
4531,[19.]
4532,[11.]
4533,[20.]
4534,[15.]
4535,[16.]
4536,[16.]
4537,[22.]
4538,[19.]
4539,[21.]
4540,[22.]
4541,[22.]
4542,[18.]
4543,[23.]
4544,[20.]
4545,[17.]
4546,[23.]
4547,[8.]
4548,[18.]
4549,[14.]
4550,[20.]
4551,[8.]
4552,[16.]
4553,[19.]
4554,[15.]
4555,[22.]
4556,[17.]
4557,[22.]
4558,[4.]
4559,[20.]
4560,[21.]
4561,[8.]
4562,[21.]
4563,[19.]
4564,[20.]
4565,[18.]
4566,[15.]
4567,[23.]
4568,[21.]
4569,[24.]
4570,[12.]
4571,[20.]
4572,[21.]
4573,[5.]
4574,[4.]
4575,[21.]
4576,[15.]
4577,[15.]
4578,[11.]
4579,[21.]
4580,[18.]
4581,[21.]
4582,[15.]
4583,[19.]
4584,[22.]
4585,[16.]
4586,[14.]
4587,[23.]
4588,[11.]
4589,[21.]
4590,[21.]
4591,[19.]
4592,[21.]
4593,[20.]
4594,[24.]
4595,[20.]
4596,[16.]
4597,[6.]
4598,[22.]
4599,[14.]
4600,[10.]
4601,[20.]
4602,[23.]
4603,[15.]
4604,[9.]
4605,[23.]
4606,[7.]
4607,[19.]
4608,[22.]
4609,[20.]
4610,[19.]
4611,[6.]
4612,[20.]
4613,[6.]
4614,[23.]
4615,[15.]
4616,[23.]
4617,[22.]
4618,[19.]
4619,[17.]
4620,[18.]
4621,[21.]
4622,[15.]
4623,[22.]
4624,[19.]
4625,[21.]
4626,[19.]
4627,[19.]
4628,[3.]
4629,[20.]
4630,[20.]
4631,[19.]
4632,[20.]
4633,[19.]
4634,[23.]
4635,[13.]
4636,[20.]
4637,[20.]
4638,[21.]
4639,[23.]
4640,[20.]
4641,[21.]
4642,[19.]
4643,[16.]
4644,[20.]
4645,[20.]
4646,[19.]
4647,[20.]
4648,[9.]
4649,[16.]
4650,[14.]
4651,[20.]
4652,[19.]
4653,[17.]
4654,[22.]
4655,[15.]
4656,[19.]
4657,[21.]
4658,[20.]
4659,[20.]
4660,[6.]
4661,[22.]
4662,[22.]
4663,[18.]
4664,[16.]
4665,[20.]
4666,[22.]
4667,[21.]
4668,[13.]
4669,[23.]
4670,[13.]
4671,[8.]
4672,[18.]
4673,[18.]
4674,[15.]
4675,[19.]
4676,[22.]
4677,[6.]
4678,[22.]
4679,[21.]
4680,[18.]
4681,[22.]
4682,[21.]
4683,[22.]
4684,[16.]
4685,[11.]
4686,[8.]
4687,[22.]
4688,[14.]
4689,[13.]
4690,[21.]
4691,[20.]
4692,[5.]
4693,[22.]
4694,[22.]
4695,[19.]
4696,[20.]
4697,[24.]
4698,[22.]
4699,[18.]
4700,[17.]
4701,[18.]
4702,[16.]
4703,[20.]
4704,[20.]
4705,[22.]
4706,[20.]
4707,[22.]
4708,[19.]
4709,[20.]
4710,[21.]
4711,[22.]
4712,[17.]
4713,[21.]
4714,[19.]
4715,[12.]
4716,[20.]
4717,[10.]
4718,[18.]
4719,[17.]
4720,[19.]
4721,[10.]
4722,[19.]
4723,[22.]
4724,[22.]
4725,[17.]
4726,[19.]
4727,[24.]
4728,[21.]
4729,[17.]
4730,[4.]
4731,[24.]
4732,[22.]
4733,[19.]
4734,[21.]
4735,[19.]
4736,[22.]
4737,[23.]
4738,[15.]
4739,[18.]
4740,[20.]
4741,[22.]
4742,[17.]
4743,[15.]
4744,[13.]
4745,[19.]
4746,[22.]
4747,[20.]
4748,[19.]
4749,[10.]
4750,[21.]
4751,[5.]
4752,[19.]
4753,[21.]
4754,[17.]
4755,[19.]
4756,[10.]
4757,[19.]
4758,[20.]
4759,[19.]
4760,[23.]
4761,[8.]
4762,[10.]
4763,[18.]
4764,[22.]
4765,[21.]
4766,[21.]
4767,[4.]
4768,[21.]
4769,[21.]
4770,[24.]
4771,[18.]
4772,[12.]
4773,[16.]
4774,[14.]
4775,[21.]
4776,[15.]
4777,[21.]
4778,[20.]
4779,[22.]
4780,[20.]
4781,[19.]
4782,[14.]
4783,[9.]
4784,[14.]
4785,[13.]
4786,[19.]
4787,[19.]
4788,[23.]
4789,[21.]
4790,[18.]
4791,[20.]
4792,[21.]
4793,[17.]
4794,[20.]
4795,[20.]
4796,[20.]
4797,[16.]
4798,[22.]
4799,[14.]
4800,[21.]
4801,[22.]
4802,[22.]
4803,[20.]
4804,[10.]
4805,[14.]
4806,[18.]
4807,[19.]
4808,[19.]
4809,[20.]
4810,[21.]
4811,[16.]
4812,[19.]
4813,[21.]
4814,[20.]
4815,[15.]
4816,[21.]
4817,[10.]
4818,[23.]
4819,[16.]
4820,[20.]
4821,[20.]
4822,[19.]
4823,[20.]
4824,[19.]
4825,[18.]
4826,[20.]
4827,[20.]
4828,[20.]
4829,[6.]
4830,[12.]
4831,[17.]
4832,[7.]
4833,[5.]
4834,[22.]
4835,[22.]
4836,[23.]
4837,[20.]
4838,[19.]
4839,[22.]
4840,[19.]
4841,[23.]
4842,[20.]
4843,[20.]
4844,[11.]
4845,[17.]
4846,[21.]
4847,[12.]
4848,[21.]
4849,[17.]
4850,[21.]
4851,[10.]
4852,[15.]
4853,[21.]
4854,[20.]
4855,[19.]
4856,[19.]
4857,[21.]
4858,[13.]
4859,[20.]
4860,[17.]
4861,[10.]
4862,[19.]
4863,[20.]
4864,[17.]
4865,[19.]
4866,[19.]
4867,[18.]
4868,[9.]
4869,[20.]
4870,[22.]
4871,[18.]
4872,[22.]
4873,[21.]
4874,[14.]
4875,[22.]
4876,[7.]
4877,[22.]
4878,[18.]
4879,[20.]
4880,[21.]
4881,[21.]
4882,[22.]
4883,[20.]
4884,[19.]
4885,[19.]
4886,[13.]
4887,[21.]
4888,[21.]
4889,[19.]
4890,[6.]
4891,[12.]
4892,[17.]
4893,[20.]
4894,[20.]
4895,[16.]
4896,[21.]
4897,[10.]
4898,[17.]
4899,[21.]
4900,[14.]
4901,[11.]
4902,[18.]
4903,[20.]
4904,[16.]
4905,[21.]
4906,[22.]
4907,[21.]
4908,[22.]
4909,[17.]
4910,[22.]
4911,[21.]
4912,[17.]
4913,[17.]
4914,[21.]
4915,[23.]
4916,[19.]
4917,[21.]
4918,[20.]
4919,[20.]
4920,[20.]
4921,[13.]
4922,[10.]
4923,[21.]
4924,[20.]
4925,[10.]
4926,[18.]
4927,[21.]
4928,[17.]
4929,[21.]
4930,[20.]
4931,[22.]
4932,[22.]
4933,[21.]
4934,[22.]
4935,[21.]
4936,[11.]
4937,[21.]
4938,[18.]
4939,[23.]
4940,[22.]
4941,[18.]
4942,[24.]
4943,[20.]
4944,[13.]
4945,[7.]
4946,[22.]
4947,[23.]
4948,[17.]
4949,[22.]
4950,[19.]
4951,[13.]
4952,[5.]
4953,[22.]
4954,[16.]
4955,[22.]
4956,[17.]
4957,[20.]
4958,[19.]
4959,[20.]
4960,[19.]
4961,[16.]
4962,[9.]
4963,[23.]
4964,[18.]
4965,[20.]
4966,[16.]
4967,[20.]
4968,[21.]
4969,[23.]
4970,[21.]
4971,[9.]
4972,[21.]
4973,[10.]
4974,[7.]
4975,[18.]
4976,[15.]
4977,[23.]
4978,[16.]
4979,[12.]
4980,[19.]
4981,[17.]
4982,[17.]
4983,[18.]
4984,[19.]
4985,[20.]
4986,[21.]
4987,[20.]
4988,[7.]
4989,[22.]
4990,[21.]
4991,[20.]
4992,[8.]
4993,[19.]
4994,[18.]
4995,[16.]
4996,[19.]
4997,[12.]
4998,[21.]
4999,[21.]
5000,[12.]
