Episodio,Puntaje
1,[-1.]
2,[0.]
3,[0.]
4,[-1.]
5,[0.]
6,[-1.]
7,[3.]
8,[0.]
9,[-1.]
10,[0.]
11,[0.]
12,[2.]
13,[-1.]
14,[0.]
15,[-1.]
16,[0.]
17,[0.]
18,[-1.]
19,[-1.]
20,[0.]
21,[1.]
22,[-1.]
23,[1.]
24,[-1.]
25,[1.]
26,[0.]
27,[-1.]
28,[0.]
29,[1.]
30,[-1.]
31,[1.]
32,[0.]
33,[0.]
34,[-1.]
35,[0.]
36,[0.]
37,[0.]
38,[0.]
39,[1.]
40,[-1.]
41,[1.]
42,[0.]
43,[0.]
44,[0.]
45,[0.]
46,[-1.]
47,[0.]
48,[-1.]
49,[-1.]
50,[0.]
51,[-1.]
52,[0.]
53,[-1.]
54,[0.]
55,[0.]
56,[0.]
57,[0.]
58,[2.]
59,[1.]
60,[0.]
61,[0.]
62,[0.]
63,[0.]
64,[0.]
65,[-1.]
66,[2.]
67,[-1.]
68,[0.]
69,[0.]
70,[-1.]
71,[0.]
72,[-1.]
73,[1.]
74,[2.]
75,[0.]
76,[0.]
77,[1.]
78,[-1.]
79,[-1.]
80,[2.]
81,[0.]
82,[-1.]
83,[0.]
84,[0.]
85,[1.]
86,[0.]
87,[0.]
88,[0.]
89,[0.]
90,[-1.]
91,[0.]
92,[0.]
93,[1.]
94,[-1.]
95,[0.]
96,[0.]
97,[0.]
98,[1.]
99,[1.]
100,[0.]
101,[-1.]
102,[0.]
103,[0.]
104,[1.]
105,[0.]
106,[1.]
107,[1.]
108,[0.]
109,[0.]
110,[-1.]
111,[2.]
112,[1.]
113,[-1.]
114,[3.]
115,[1.]
116,[-1.]
117,[-1.]
118,[0.]
119,[-1.]
120,[-1.]
121,[-1.]
122,[-1.]
123,[-1.]
124,[0.]
125,[1.]
126,[0.]
127,[1.]
128,[0.]
129,[-1.]
130,[2.]
131,[-1.]
132,[0.]
133,[3.]
134,[-1.]
135,[-1.]
136,[-1.]
137,[0.]
138,[-1.]
139,[1.]
140,[0.]
141,[0.]
142,[1.]
143,[-1.]
144,[0.]
145,[2.]
146,[1.]
147,[-1.]
148,[0.]
149,[0.]
150,[1.]
151,[1.]
152,[-1.]
153,[1.]
154,[1.]
155,[1.]
156,[1.]
157,[-1.]
158,[0.]
159,[0.]
160,[0.]
161,[0.]
162,[-1.]
163,[0.]
164,[0.]
165,[0.]
166,[0.]
167,[0.]
168,[-1.]
169,[0.]
170,[2.]
171,[0.]
172,[0.]
173,[0.]
174,[-1.]
175,[-1.]
176,[-1.]
177,[0.]
178,[3.]
179,[2.]
180,[1.]
181,[-1.]
182,[1.]
183,[0.]
184,[1.]
185,[1.]
186,[0.]
187,[1.]
188,[-1.]
189,[1.]
190,[-1.]
191,[0.]
192,[0.]
193,[0.]
194,[-1.]
195,[-1.]
196,[0.]
197,[0.]
198,[0.]
199,[1.]
200,[3.]
201,[0.]
202,[1.]
203,[0.]
204,[0.]
205,[0.]
206,[0.]
207,[0.]
208,[1.]
209,[1.]
210,[0.]
211,[1.]
212,[-1.]
213,[0.]
214,[1.]
215,[-1.]
216,[0.]
217,[0.]
218,[-1.]
219,[1.]
220,[1.]
221,[0.]
222,[1.]
223,[-1.]
224,[1.]
225,[1.]
226,[0.]
227,[-1.]
228,[0.]
229,[0.]
230,[2.]
231,[-1.]
232,[-1.]
233,[1.]
234,[-1.]
235,[3.]
236,[0.]
237,[-1.]
238,[0.]
239,[2.]
240,[0.]
241,[0.]
242,[0.]
243,[0.]
244,[1.]
245,[0.]
246,[-1.]
247,[0.]
248,[0.]
249,[1.]
250,[1.]
251,[-1.]
252,[0.]
253,[0.]
254,[0.]
255,[0.]
256,[2.]
257,[2.]
258,[-1.]
259,[0.]
260,[0.]
261,[0.]
262,[0.]
263,[1.]
264,[0.]
265,[0.]
266,[0.]
267,[2.]
268,[1.]
269,[0.]
270,[-1.]
271,[0.]
272,[3.]
273,[1.]
274,[0.]
275,[0.]
276,[0.]
277,[-1.]
278,[-1.]
279,[0.]
280,[-1.]
281,[1.]
282,[0.]
283,[-1.]
284,[2.]
285,[0.]
286,[0.]
287,[2.]
288,[0.]
289,[1.]
290,[0.]
291,[0.]
292,[1.]
293,[0.]
294,[0.]
295,[-1.]
296,[-1.]
297,[1.]
298,[0.]
299,[-1.]
300,[0.]
301,[0.]
302,[-1.]
303,[0.]
304,[1.]
305,[0.]
306,[0.]
307,[1.]
308,[-1.]
309,[-1.]
310,[0.]
311,[0.]
312,[0.]
313,[1.]
314,[0.]
315,[-1.]
316,[-1.]
317,[0.]
318,[1.]
319,[-1.]
320,[1.]
321,[-1.]
322,[-1.]
323,[3.]
324,[1.]
325,[2.]
326,[1.]
327,[1.]
328,[1.]
329,[0.]
330,[0.]
331,[2.]
332,[-1.]
333,[0.]
334,[0.]
335,[1.]
336,[0.]
337,[1.]
338,[0.]
339,[0.]
340,[1.]
341,[0.]
342,[0.]
343,[-1.]
344,[0.]
345,[0.]
346,[-1.]
347,[0.]
348,[1.]
349,[0.]
350,[0.]
351,[0.]
352,[-1.]
353,[-1.]
354,[0.]
355,[3.]
356,[0.]
357,[1.]
358,[1.]
359,[0.]
360,[0.]
361,[0.]
362,[0.]
363,[-1.]
364,[0.]
365,[1.]
366,[0.]
367,[-1.]
368,[-1.]
369,[1.]
370,[-1.]
371,[0.]
372,[0.]
373,[-1.]
374,[-1.]
375,[0.]
376,[0.]
377,[3.]
378,[0.]
379,[-1.]
380,[0.]
381,[1.]
382,[-1.]
383,[0.]
384,[-1.]
385,[0.]
386,[1.]
387,[2.]
388,[2.]
389,[-1.]
390,[0.]
391,[-1.]
392,[-1.]
393,[0.]
394,[-1.]
395,[3.]
396,[-1.]
397,[1.]
398,[1.]
399,[0.]
400,[1.]
401,[0.]
402,[1.]
403,[0.]
404,[0.]
405,[0.]
406,[1.]
407,[1.]
408,[-1.]
409,[1.]
410,[-1.]
411,[-1.]
412,[0.]
413,[0.]
414,[1.]
415,[1.]
416,[0.]
417,[-1.]
418,[1.]
419,[0.]
420,[2.]
421,[0.]
422,[1.]
423,[1.]
424,[1.]
425,[1.]
426,[0.]
427,[0.]
428,[0.]
429,[0.]
430,[0.]
431,[0.]
432,[-1.]
433,[1.]
434,[0.]
435,[-1.]
436,[0.]
437,[1.]
438,[-1.]
439,[-1.]
440,[0.]
441,[0.]
442,[0.]
443,[0.]
444,[0.]
445,[1.]
446,[0.]
447,[-1.]
448,[-1.]
449,[0.]
450,[0.]
451,[0.]
452,[-1.]
453,[0.]
454,[1.]
455,[-1.]
456,[1.]
457,[0.]
458,[0.]
459,[0.]
460,[0.]
461,[0.]
462,[0.]
463,[0.]
464,[-1.]
465,[0.]
466,[0.]
467,[0.]
468,[1.]
469,[2.]
470,[0.]
471,[0.]
472,[-1.]
473,[-1.]
474,[1.]
475,[-1.]
476,[-1.]
477,[0.]
478,[-1.]
479,[0.]
480,[-1.]
481,[-1.]
482,[-1.]
483,[-1.]
484,[0.]
485,[-1.]
486,[0.]
487,[2.]
488,[0.]
489,[0.]
490,[-1.]
491,[1.]
492,[0.]
493,[0.]
494,[0.]
495,[-1.]
496,[0.]
497,[0.]
498,[0.]
499,[-1.]
500,[1.]
501,[1.]
502,[2.]
503,[-1.]
504,[0.]
505,[1.]
506,[0.]
507,[0.]
508,[-1.]
509,[2.]
510,[0.]
511,[0.]
512,[0.]
513,[1.]
514,[0.]
515,[-1.]
516,[2.]
517,[0.]
518,[0.]
519,[0.]
520,[0.]
521,[-1.]
522,[0.]
523,[0.]
524,[1.]
525,[4.]
526,[0.]
527,[-1.]
528,[2.]
529,[2.]
530,[3.]
531,[2.]
532,[-1.]
533,[1.]
534,[-1.]
535,[0.]
536,[0.]
537,[-1.]
538,[0.]
539,[0.]
540,[0.]
541,[0.]
542,[0.]
543,[1.]
544,[0.]
545,[-1.]
546,[1.]
547,[1.]
548,[0.]
549,[1.]
550,[2.]
551,[1.]
552,[-1.]
553,[2.]
554,[0.]
555,[1.]
556,[2.]
557,[0.]
558,[3.]
559,[-1.]
560,[0.]
561,[1.]
562,[-1.]
563,[1.]
564,[0.]
565,[1.]
566,[0.]
567,[1.]
568,[0.]
569,[-1.]
570,[4.]
571,[1.]
572,[0.]
573,[0.]
574,[-1.]
575,[-1.]
576,[-1.]
577,[0.]
578,[-1.]
579,[0.]
580,[1.]
581,[0.]
582,[0.]
583,[-1.]
584,[0.]
585,[0.]
586,[0.]
587,[-1.]
588,[0.]
589,[-1.]
590,[-1.]
591,[0.]
592,[0.]
593,[0.]
594,[0.]
595,[0.]
596,[0.]
597,[-1.]
598,[-1.]
599,[-1.]
600,[0.]
601,[0.]
602,[0.]
603,[-1.]
604,[0.]
605,[0.]
606,[0.]
607,[1.]
608,[0.]
609,[1.]
610,[1.]
611,[-1.]
612,[0.]
613,[1.]
614,[0.]
615,[-1.]
616,[0.]
617,[-1.]
618,[1.]
619,[0.]
620,[0.]
621,[3.]
622,[0.]
623,[-1.]
624,[0.]
625,[2.]
626,[0.]
627,[-1.]
628,[0.]
629,[-1.]
630,[1.]
631,[1.]
632,[-1.]
633,[1.]
634,[-1.]
635,[1.]
636,[-1.]
637,[-1.]
638,[0.]
639,[0.]
640,[-1.]
641,[1.]
642,[-1.]
643,[0.]
644,[2.]
645,[-1.]
646,[1.]
647,[0.]
648,[1.]
649,[0.]
650,[2.]
651,[-1.]
652,[-1.]
653,[-1.]
654,[1.]
655,[-1.]
656,[0.]
657,[1.]
658,[-1.]
659,[1.]
660,[1.]
661,[-1.]
662,[2.]
663,[0.]
664,[-1.]
665,[0.]
666,[0.]
667,[0.]
668,[4.]
669,[1.]
670,[0.]
671,[0.]
672,[1.]
673,[1.]
674,[-1.]
675,[1.]
676,[-1.]
677,[0.]
678,[0.]
679,[0.]
680,[1.]
681,[0.]
682,[1.]
683,[0.]
684,[0.]
685,[-1.]
686,[0.]
687,[1.]
688,[1.]
689,[-1.]
690,[-1.]
691,[0.]
692,[0.]
693,[0.]
694,[1.]
695,[-1.]
696,[-1.]
697,[-1.]
698,[-1.]
699,[0.]
700,[-1.]
701,[1.]
702,[-1.]
703,[0.]
704,[3.]
705,[-1.]
706,[0.]
707,[-1.]
708,[0.]
709,[0.]
710,[0.]
711,[0.]
712,[1.]
713,[-1.]
714,[1.]
715,[2.]
716,[0.]
717,[0.]
718,[0.]
719,[-1.]
720,[-1.]
721,[0.]
722,[1.]
723,[-1.]
724,[2.]
725,[1.]
726,[-1.]
727,[1.]
728,[1.]
729,[0.]
730,[-1.]
731,[-1.]
732,[1.]
733,[0.]
734,[1.]
735,[0.]
736,[0.]
737,[-1.]
738,[0.]
739,[2.]
740,[-1.]
741,[0.]
742,[1.]
743,[0.]
744,[-1.]
745,[0.]
746,[0.]
747,[-1.]
748,[0.]
749,[0.]
750,[0.]
751,[0.]
752,[1.]
753,[0.]
754,[1.]
755,[0.]
756,[0.]
757,[0.]
758,[1.]
759,[3.]
760,[1.]
761,[-1.]
762,[1.]
763,[0.]
764,[0.]
765,[0.]
766,[-1.]
767,[0.]
768,[-1.]
769,[0.]
770,[0.]
771,[0.]
772,[-1.]
773,[0.]
774,[0.]
775,[0.]
776,[1.]
777,[0.]
778,[0.]
779,[1.]
780,[1.]
781,[2.]
782,[0.]
783,[1.]
784,[0.]
785,[-1.]
786,[1.]
787,[0.]
788,[0.]
789,[1.]
790,[2.]
791,[-1.]
792,[1.]
793,[0.]
794,[3.]
795,[0.]
796,[0.]
797,[2.]
798,[-1.]
799,[-1.]
800,[1.]
801,[0.]
802,[0.]
803,[0.]
804,[-1.]
805,[2.]
806,[5.]
807,[0.]
808,[1.]
809,[1.]
810,[-1.]
811,[1.]
812,[0.]
813,[1.]
814,[-1.]
815,[-1.]
816,[1.]
817,[1.]
818,[1.]
819,[0.]
820,[0.]
821,[-1.]
822,[0.]
823,[1.]
824,[-1.]
825,[0.]
826,[2.]
827,[-1.]
828,[0.]
829,[1.]
830,[0.]
831,[1.]
832,[0.]
833,[0.]
834,[1.]
835,[0.]
836,[1.]
837,[0.]
838,[0.]
839,[-1.]
840,[0.]
841,[1.]
842,[0.]
843,[0.]
844,[-1.]
845,[0.]
846,[1.]
847,[1.]
848,[0.]
849,[-1.]
850,[0.]
851,[0.]
852,[1.]
853,[0.]
854,[0.]
855,[2.]
856,[1.]
857,[2.]
858,[2.]
859,[1.]
860,[1.]
861,[1.]
862,[0.]
863,[1.]
864,[0.]
865,[-1.]
866,[0.]
867,[2.]
868,[-1.]
869,[2.]
870,[1.]
871,[0.]
872,[0.]
873,[1.]
874,[-1.]
875,[0.]
876,[0.]
877,[0.]
878,[1.]
879,[0.]
880,[1.]
881,[1.]
882,[-1.]
883,[-1.]
884,[-1.]
885,[0.]
886,[-1.]
887,[-1.]
888,[1.]
889,[0.]
890,[-1.]
891,[-1.]
892,[1.]
893,[0.]
894,[3.]
895,[-1.]
896,[2.]
897,[0.]
898,[-1.]
899,[1.]
900,[1.]
901,[-1.]
902,[0.]
903,[1.]
904,[0.]
905,[1.]
906,[0.]
907,[0.]
908,[0.]
909,[0.]
910,[1.]
911,[0.]
912,[0.]
913,[1.]
914,[-1.]
915,[0.]
916,[0.]
917,[1.]
918,[1.]
919,[1.]
920,[0.]
921,[1.]
922,[0.]
923,[0.]
924,[0.]
925,[-1.]
926,[0.]
927,[1.]
928,[-1.]
929,[1.]
930,[0.]
931,[1.]
932,[-1.]
933,[1.]
934,[0.]
935,[-1.]
936,[0.]
937,[-1.]
938,[1.]
939,[0.]
940,[0.]
941,[2.]
942,[0.]
943,[0.]
944,[-1.]
945,[1.]
946,[0.]
947,[-1.]
948,[0.]
949,[1.]
950,[0.]
951,[-1.]
952,[-1.]
953,[-1.]
954,[-1.]
955,[-1.]
956,[1.]
957,[1.]
958,[0.]
959,[1.]
960,[2.]
961,[0.]
962,[1.]
963,[0.]
964,[0.]
965,[-1.]
966,[2.]
967,[0.]
968,[0.]
969,[-1.]
970,[1.]
971,[1.]
972,[0.]
973,[0.]
974,[-1.]
975,[0.]
976,[1.]
977,[0.]
978,[1.]
979,[0.]
980,[-1.]
981,[-1.]
982,[0.]
983,[0.]
984,[-1.]
985,[0.]
986,[1.]
987,[-1.]
988,[1.]
989,[1.]
990,[-1.]
991,[1.]
992,[0.]
993,[-1.]
994,[0.]
995,[-1.]
996,[0.]
997,[2.]
998,[1.]
999,[0.]
1000,[1.]
1001,[0.]
1002,[0.]
1003,[0.]
1004,[-1.]
1005,[0.]
1006,[-1.]
1007,[0.]
1008,[-1.]
1009,[0.]
1010,[-1.]
1011,[0.]
1012,[-1.]
1013,[-1.]
1014,[-1.]
1015,[0.]
1016,[1.]
1017,[0.]
1018,[-1.]
1019,[0.]
1020,[0.]
1021,[0.]
1022,[0.]
1023,[0.]
1024,[0.]
1025,[-1.]
1026,[1.]
1027,[-1.]
1028,[1.]
1029,[-1.]
1030,[0.]
1031,[2.]
1032,[2.]
1033,[2.]
1034,[-1.]
1035,[0.]
1036,[0.]
1037,[0.]
1038,[0.]
1039,[-1.]
1040,[2.]
1041,[0.]
1042,[-1.]
1043,[1.]
1044,[0.]
1045,[-1.]
1046,[0.]
1047,[-1.]
1048,[0.]
1049,[0.]
1050,[-1.]
1051,[-1.]
1052,[1.]
1053,[0.]
1054,[-1.]
1055,[1.]
1056,[1.]
1057,[0.]
1058,[-1.]
1059,[-1.]
1060,[1.]
1061,[0.]
1062,[0.]
1063,[0.]
1064,[-1.]
1065,[-1.]
1066,[0.]
1067,[0.]
1068,[-1.]
1069,[1.]
1070,[0.]
1071,[-1.]
1072,[1.]
1073,[-1.]
1074,[0.]
1075,[-1.]
1076,[1.]
1077,[-1.]
1078,[-1.]
1079,[2.]
1080,[0.]
1081,[-1.]
1082,[1.]
1083,[-1.]
1084,[1.]
1085,[1.]
1086,[2.]
1087,[1.]
1088,[1.]
1089,[-1.]
1090,[-1.]
1091,[-1.]
1092,[1.]
1093,[3.]
1094,[-1.]
1095,[0.]
1096,[0.]
1097,[-1.]
1098,[0.]
1099,[-1.]
1100,[0.]
1101,[1.]
1102,[1.]
1103,[-1.]
1104,[1.]
1105,[1.]
1106,[0.]
1107,[0.]
1108,[0.]
1109,[0.]
1110,[1.]
1111,[-1.]
1112,[0.]
1113,[0.]
1114,[1.]
1115,[1.]
1116,[0.]
1117,[0.]
1118,[3.]
1119,[0.]
1120,[0.]
1121,[3.]
1122,[-1.]
1123,[0.]
1124,[1.]
1125,[0.]
1126,[-1.]
1127,[1.]
1128,[-1.]
1129,[0.]
1130,[0.]
1131,[1.]
1132,[0.]
1133,[-1.]
1134,[0.]
1135,[0.]
1136,[0.]
1137,[-1.]
1138,[-1.]
1139,[0.]
1140,[0.]
1141,[0.]
1142,[2.]
1143,[-1.]
1144,[0.]
1145,[0.]
1146,[-1.]
1147,[0.]
1148,[1.]
1149,[1.]
1150,[-1.]
1151,[-1.]
1152,[0.]
1153,[1.]
1154,[0.]
1155,[1.]
1156,[-1.]
1157,[-1.]
1158,[0.]
1159,[2.]
1160,[0.]
1161,[1.]
1162,[0.]
1163,[-1.]
1164,[0.]
1165,[-1.]
1166,[1.]
1167,[-1.]
1168,[0.]
1169,[0.]
1170,[0.]
1171,[0.]
1172,[0.]
1173,[0.]
1174,[1.]
1175,[0.]
1176,[-1.]
1177,[-1.]
1178,[0.]
1179,[0.]
1180,[-1.]
1181,[0.]
1182,[0.]
1183,[-1.]
1184,[-1.]
1185,[1.]
1186,[-1.]
1187,[-1.]
1188,[1.]
1189,[-1.]
1190,[1.]
1191,[0.]
1192,[-1.]
1193,[-1.]
1194,[0.]
1195,[1.]
1196,[-1.]
1197,[-1.]
1198,[-1.]
1199,[-1.]
1200,[0.]
1201,[1.]
1202,[1.]
1203,[-1.]
1204,[0.]
1205,[1.]
1206,[0.]
1207,[0.]
1208,[0.]
1209,[-1.]
1210,[-1.]
1211,[0.]
1212,[0.]
1213,[0.]
1214,[1.]
1215,[0.]
1216,[-1.]
1217,[0.]
1218,[-1.]
1219,[1.]
1220,[-1.]
1221,[0.]
1222,[-1.]
1223,[3.]
1224,[-1.]
1225,[1.]
1226,[0.]
1227,[0.]
1228,[0.]
1229,[-1.]
1230,[0.]
1231,[2.]
1232,[0.]
1233,[0.]
1234,[0.]
1235,[4.]
1236,[-1.]
1237,[0.]
1238,[3.]
1239,[0.]
1240,[0.]
1241,[-1.]
1242,[2.]
1243,[0.]
1244,[-1.]
1245,[0.]
1246,[1.]
1247,[0.]
1248,[0.]
1249,[0.]
1250,[1.]
1251,[-1.]
1252,[1.]
1253,[0.]
1254,[-1.]
1255,[0.]
1256,[1.]
1257,[-1.]
1258,[-1.]
1259,[2.]
1260,[0.]
1261,[-1.]
1262,[0.]
1263,[-1.]
1264,[-1.]
1265,[-1.]
1266,[0.]
1267,[-1.]
1268,[0.]
1269,[1.]
1270,[0.]
1271,[1.]
1272,[1.]
1273,[-1.]
1274,[0.]
1275,[0.]
1276,[1.]
1277,[0.]
1278,[-1.]
1279,[-1.]
1280,[1.]
1281,[0.]
1282,[0.]
1283,[-1.]
1284,[1.]
1285,[0.]
1286,[0.]
1287,[1.]
1288,[2.]
1289,[0.]
1290,[-1.]
1291,[1.]
1292,[-1.]
1293,[-1.]
1294,[0.]
1295,[0.]
1296,[0.]
1297,[0.]
1298,[0.]
1299,[0.]
1300,[-1.]
1301,[1.]
1302,[1.]
1303,[1.]
1304,[1.]
1305,[1.]
1306,[0.]
1307,[0.]
1308,[1.]
1309,[0.]
1310,[1.]
1311,[0.]
1312,[0.]
1313,[-1.]
1314,[-1.]
1315,[-1.]
1316,[-1.]
1317,[0.]
1318,[1.]
1319,[1.]
1320,[0.]
1321,[0.]
1322,[1.]
1323,[0.]
1324,[0.]
1325,[0.]
1326,[-1.]
1327,[0.]
1328,[1.]
1329,[0.]
1330,[1.]
1331,[-1.]
1332,[-1.]
1333,[0.]
1334,[0.]
1335,[1.]
1336,[0.]
1337,[0.]
1338,[0.]
1339,[1.]
1340,[-1.]
1341,[-1.]
1342,[1.]
1343,[0.]
1344,[0.]
1345,[0.]
1346,[0.]
1347,[-1.]
1348,[0.]
1349,[-1.]
1350,[-1.]
1351,[-1.]
1352,[1.]
1353,[0.]
1354,[1.]
1355,[-1.]
1356,[0.]
1357,[1.]
1358,[1.]
1359,[2.]
1360,[2.]
1361,[-1.]
1362,[1.]
1363,[0.]
1364,[-1.]
1365,[-1.]
1366,[0.]
1367,[-1.]
1368,[0.]
1369,[-1.]
1370,[1.]
1371,[-1.]
1372,[1.]
1373,[-1.]
1374,[0.]
1375,[-1.]
1376,[-1.]
1377,[-1.]
1378,[1.]
1379,[0.]
1380,[0.]
1381,[-1.]
1382,[1.]
1383,[-1.]
1384,[-1.]
1385,[-1.]
1386,[-1.]
1387,[0.]
1388,[1.]
1389,[0.]
1390,[-1.]
1391,[0.]
1392,[-1.]
1393,[1.]
1394,[0.]
1395,[1.]
1396,[0.]
1397,[-1.]
1398,[-1.]
1399,[2.]
1400,[0.]
1401,[2.]
1402,[1.]
1403,[0.]
1404,[1.]
1405,[0.]
1406,[0.]
1407,[1.]
1408,[-1.]
1409,[2.]
1410,[0.]
1411,[0.]
1412,[-1.]
1413,[1.]
1414,[1.]
1415,[-1.]
1416,[-1.]
1417,[0.]
1418,[0.]
1419,[3.]
1420,[0.]
1421,[0.]
1422,[0.]
1423,[-1.]
1424,[1.]
1425,[0.]
1426,[-1.]
1427,[-1.]
1428,[1.]
1429,[1.]
1430,[1.]
1431,[0.]
1432,[0.]
1433,[-1.]
1434,[-1.]
1435,[2.]
1436,[0.]
1437,[0.]
1438,[-1.]
1439,[1.]
1440,[0.]
1441,[-1.]
1442,[-1.]
1443,[0.]
1444,[-1.]
1445,[1.]
1446,[0.]
1447,[0.]
1448,[0.]
1449,[1.]
1450,[0.]
1451,[-1.]
1452,[2.]
1453,[1.]
1454,[0.]
1455,[2.]
1456,[0.]
1457,[-1.]
1458,[-1.]
1459,[0.]
1460,[0.]
1461,[-1.]
1462,[0.]
1463,[0.]
1464,[0.]
1465,[2.]
1466,[-1.]
1467,[3.]
1468,[1.]
1469,[-1.]
1470,[2.]
1471,[-1.]
1472,[1.]
1473,[-1.]
1474,[1.]
1475,[-1.]
1476,[1.]
1477,[0.]
1478,[-1.]
1479,[2.]
1480,[0.]
1481,[1.]
1482,[1.]
1483,[-1.]
1484,[0.]
1485,[-1.]
1486,[1.]
1487,[-1.]
1488,[-1.]
1489,[-1.]
1490,[0.]
1491,[0.]
1492,[0.]
1493,[1.]
1494,[-1.]
1495,[0.]
1496,[0.]
1497,[0.]
1498,[-1.]
1499,[-1.]
1500,[0.]
1501,[2.]
1502,[1.]
1503,[0.]
1504,[0.]
1505,[0.]
1506,[1.]
1507,[1.]
1508,[1.]
1509,[1.]
1510,[0.]
1511,[0.]
1512,[2.]
1513,[-1.]
1514,[0.]
1515,[0.]
1516,[0.]
1517,[0.]
1518,[1.]
1519,[-1.]
1520,[-1.]
1521,[0.]
1522,[0.]
1523,[0.]
1524,[0.]
1525,[-1.]
1526,[0.]
1527,[2.]
1528,[0.]
1529,[0.]
1530,[0.]
1531,[-1.]
1532,[-1.]
1533,[2.]
1534,[-1.]
1535,[1.]
1536,[0.]
1537,[-1.]
1538,[-1.]
1539,[0.]
1540,[2.]
1541,[1.]
1542,[0.]
1543,[-1.]
1544,[-1.]
1545,[2.]
1546,[-1.]
1547,[0.]
1548,[1.]
1549,[0.]
1550,[2.]
1551,[0.]
1552,[0.]
1553,[-1.]
1554,[1.]
1555,[0.]
1556,[0.]
1557,[0.]
1558,[0.]
1559,[0.]
1560,[-1.]
1561,[-1.]
1562,[0.]
1563,[0.]
1564,[-1.]
1565,[1.]
1566,[-1.]
1567,[1.]
1568,[0.]
1569,[1.]
1570,[2.]
1571,[0.]
1572,[0.]
1573,[0.]
1574,[0.]
1575,[-1.]
1576,[0.]
1577,[0.]
1578,[0.]
1579,[1.]
1580,[-1.]
1581,[-1.]
1582,[0.]
1583,[-1.]
1584,[0.]
1585,[1.]
1586,[0.]
1587,[0.]
1588,[-1.]
1589,[0.]
1590,[-1.]
1591,[0.]
1592,[0.]
1593,[1.]
1594,[0.]
1595,[0.]
1596,[0.]
1597,[0.]
1598,[-1.]
1599,[0.]
1600,[1.]
1601,[-1.]
1602,[1.]
1603,[1.]
1604,[1.]
1605,[-1.]
1606,[-1.]
1607,[0.]
1608,[-1.]
1609,[1.]
1610,[-1.]
1611,[0.]
1612,[1.]
1613,[1.]
1614,[0.]
1615,[0.]
1616,[1.]
1617,[0.]
1618,[0.]
1619,[-1.]
1620,[-1.]
1621,[-1.]
1622,[-1.]
1623,[-1.]
1624,[-1.]
1625,[0.]
1626,[0.]
1627,[1.]
1628,[-1.]
1629,[0.]
1630,[0.]
1631,[2.]
1632,[-1.]
1633,[0.]
1634,[-1.]
1635,[-1.]
1636,[0.]
1637,[1.]
1638,[0.]
1639,[1.]
1640,[0.]
1641,[-1.]
1642,[-1.]
1643,[-1.]
1644,[0.]
1645,[-1.]
1646,[1.]
1647,[1.]
1648,[0.]
1649,[-1.]
1650,[-1.]
1651,[-1.]
1652,[2.]
1653,[0.]
1654,[0.]
1655,[0.]
1656,[1.]
1657,[4.]
1658,[0.]
1659,[1.]
1660,[0.]
1661,[0.]
1662,[-1.]
1663,[0.]
1664,[0.]
1665,[0.]
1666,[1.]
1667,[0.]
1668,[0.]
1669,[0.]
1670,[1.]
1671,[2.]
1672,[0.]
1673,[2.]
1674,[-1.]
1675,[-1.]
1676,[-1.]
1677,[1.]
1678,[-1.]
1679,[0.]
1680,[-1.]
1681,[2.]
1682,[-1.]
1683,[0.]
1684,[0.]
1685,[1.]
1686,[-1.]
1687,[0.]
1688,[0.]
1689,[-1.]
1690,[2.]
1691,[1.]
1692,[-1.]
1693,[0.]
1694,[-1.]
1695,[0.]
1696,[1.]
1697,[1.]
1698,[-1.]
1699,[2.]
1700,[1.]
1701,[-1.]
1702,[-1.]
1703,[0.]
1704,[0.]
1705,[1.]
1706,[0.]
1707,[1.]
1708,[1.]
1709,[-1.]
1710,[0.]
1711,[2.]
1712,[0.]
1713,[2.]
1714,[0.]
1715,[0.]
1716,[0.]
1717,[1.]
1718,[2.]
1719,[0.]
1720,[1.]
1721,[1.]
1722,[0.]
1723,[1.]
1724,[0.]
1725,[-1.]
1726,[0.]
1727,[0.]
1728,[1.]
1729,[0.]
1730,[0.]
1731,[0.]
1732,[-1.]
1733,[2.]
1734,[1.]
1735,[0.]
1736,[-1.]
1737,[1.]
1738,[-1.]
1739,[2.]
1740,[-1.]
1741,[0.]
1742,[1.]
1743,[-1.]
1744,[0.]
1745,[-1.]
1746,[1.]
1747,[-1.]
1748,[-1.]
1749,[-1.]
1750,[1.]
1751,[2.]
1752,[1.]
1753,[0.]
1754,[-1.]
1755,[-1.]
1756,[1.]
1757,[-1.]
1758,[0.]
1759,[0.]
1760,[0.]
1761,[1.]
1762,[2.]
1763,[-1.]
1764,[0.]
1765,[0.]
1766,[-1.]
1767,[-1.]
1768,[0.]
1769,[1.]
1770,[-1.]
1771,[0.]
1772,[0.]
1773,[0.]
1774,[1.]
1775,[1.]
1776,[1.]
1777,[0.]
1778,[0.]
1779,[-1.]
1780,[-1.]
1781,[0.]
1782,[-1.]
1783,[1.]
1784,[0.]
1785,[-1.]
1786,[0.]
1787,[0.]
1788,[0.]
1789,[1.]
1790,[0.]
1791,[1.]
1792,[0.]
1793,[2.]
1794,[-1.]
1795,[0.]
1796,[0.]
1797,[0.]
1798,[1.]
1799,[0.]
1800,[1.]
1801,[-1.]
1802,[0.]
1803,[3.]
1804,[0.]
1805,[0.]
1806,[0.]
1807,[-1.]
1808,[0.]
1809,[0.]
1810,[1.]
1811,[-1.]
1812,[-1.]
1813,[2.]
1814,[0.]
1815,[-1.]
1816,[0.]
1817,[-1.]
1818,[-1.]
1819,[0.]
1820,[0.]
1821,[0.]
1822,[2.]
1823,[-1.]
1824,[0.]
1825,[2.]
1826,[0.]
1827,[0.]
1828,[0.]
1829,[0.]
1830,[0.]
1831,[-1.]
1832,[-1.]
1833,[0.]
1834,[0.]
1835,[1.]
1836,[2.]
1837,[0.]
1838,[-1.]
1839,[-1.]
1840,[-1.]
1841,[0.]
1842,[-1.]
1843,[0.]
1844,[0.]
1845,[2.]
1846,[-1.]
1847,[0.]
1848,[0.]
1849,[0.]
1850,[-1.]
1851,[0.]
1852,[-1.]
1853,[-1.]
1854,[1.]
1855,[0.]
1856,[0.]
1857,[3.]
1858,[1.]
1859,[1.]
1860,[0.]
1861,[1.]
1862,[1.]
1863,[0.]
1864,[1.]
1865,[0.]
1866,[0.]
1867,[1.]
1868,[-1.]
1869,[1.]
1870,[1.]
1871,[-1.]
1872,[0.]
1873,[1.]
1874,[-1.]
1875,[0.]
1876,[0.]
1877,[-1.]
1878,[1.]
1879,[1.]
1880,[0.]
1881,[0.]
1882,[-1.]
1883,[1.]
1884,[0.]
1885,[1.]
1886,[0.]
1887,[0.]
1888,[0.]
1889,[1.]
1890,[0.]
1891,[1.]
1892,[0.]
1893,[0.]
1894,[-1.]
1895,[1.]
1896,[-1.]
1897,[0.]
1898,[0.]
1899,[1.]
1900,[1.]
1901,[0.]
1902,[0.]
1903,[1.]
1904,[0.]
1905,[0.]
1906,[-1.]
1907,[0.]
1908,[0.]
1909,[0.]
1910,[1.]
1911,[0.]
1912,[1.]
1913,[1.]
1914,[0.]
1915,[1.]
1916,[-1.]
1917,[-1.]
1918,[-1.]
1919,[0.]
1920,[0.]
1921,[0.]
1922,[1.]
1923,[0.]
1924,[-1.]
1925,[-1.]
1926,[0.]
1927,[-1.]
1928,[1.]
1929,[1.]
1930,[1.]
1931,[0.]
1932,[0.]
1933,[0.]
1934,[-1.]
1935,[0.]
1936,[-1.]
1937,[0.]
1938,[0.]
1939,[2.]
1940,[0.]
1941,[0.]
1942,[1.]
1943,[-1.]
1944,[2.]
1945,[-1.]
1946,[1.]
1947,[1.]
1948,[1.]
1949,[0.]
1950,[-1.]
1951,[-1.]
1952,[0.]
1953,[1.]
1954,[0.]
1955,[2.]
1956,[0.]
1957,[0.]
1958,[0.]
1959,[1.]
1960,[1.]
1961,[1.]
1962,[1.]
1963,[0.]
1964,[0.]
1965,[-1.]
1966,[0.]
1967,[0.]
1968,[-1.]
1969,[1.]
1970,[2.]
1971,[1.]
1972,[-1.]
1973,[1.]
1974,[0.]
1975,[1.]
1976,[1.]
1977,[1.]
1978,[-1.]
1979,[0.]
1980,[-1.]
1981,[0.]
1982,[-1.]
1983,[3.]
1984,[2.]
1985,[-1.]
1986,[0.]
1987,[0.]
1988,[2.]
1989,[-1.]
1990,[0.]
1991,[-1.]
1992,[0.]
1993,[0.]
1994,[-1.]
1995,[0.]
1996,[-1.]
1997,[-1.]
1998,[0.]
1999,[0.]
2000,[-1.]
2001,[1.]
2002,[1.]
2003,[0.]
2004,[0.]
2005,[0.]
2006,[-1.]
2007,[1.]
2008,[-1.]
2009,[0.]
2010,[1.]
2011,[0.]
2012,[0.]
2013,[2.]
2014,[-1.]
2015,[0.]
2016,[0.]
2017,[1.]
2018,[0.]
2019,[2.]
2020,[1.]
2021,[2.]
2022,[3.]
2023,[2.]
2024,[0.]
2025,[-1.]
2026,[1.]
2027,[-1.]
2028,[0.]
2029,[1.]
2030,[0.]
2031,[0.]
2032,[0.]
2033,[0.]
2034,[0.]
2035,[1.]
2036,[-1.]
2037,[1.]
2038,[-1.]
2039,[1.]
2040,[-1.]
2041,[-1.]
2042,[0.]
2043,[1.]
2044,[1.]
2045,[1.]
2046,[0.]
2047,[0.]
2048,[1.]
2049,[-1.]
2050,[0.]
2051,[0.]
2052,[1.]
2053,[1.]
2054,[2.]
2055,[0.]
2056,[-1.]
2057,[-1.]
2058,[0.]
2059,[-1.]
2060,[0.]
2061,[0.]
2062,[0.]
2063,[0.]
2064,[1.]
2065,[2.]
2066,[1.]
2067,[0.]
2068,[0.]
2069,[1.]
2070,[-1.]
2071,[0.]
2072,[-1.]
2073,[4.]
2074,[1.]
2075,[2.]
2076,[1.]
2077,[0.]
2078,[1.]
2079,[3.]
2080,[1.]
2081,[0.]
2082,[-1.]
2083,[0.]
2084,[-1.]
2085,[2.]
2086,[0.]
2087,[2.]
2088,[0.]
2089,[-1.]
2090,[0.]
2091,[0.]
2092,[2.]
2093,[2.]
2094,[0.]
2095,[0.]
2096,[1.]
2097,[0.]
2098,[-1.]
2099,[-1.]
2100,[4.]
2101,[0.]
2102,[0.]
2103,[1.]
2104,[2.]
2105,[0.]
2106,[0.]
2107,[-1.]
2108,[0.]
2109,[0.]
2110,[0.]
2111,[1.]
2112,[-1.]
2113,[0.]
2114,[0.]
2115,[-1.]
2116,[1.]
2117,[0.]
2118,[2.]
2119,[-1.]
2120,[0.]
2121,[-1.]
2122,[-1.]
2123,[1.]
2124,[1.]
2125,[0.]
2126,[1.]
2127,[-1.]
2128,[-1.]
2129,[-1.]
2130,[-1.]
2131,[3.]
2132,[0.]
2133,[0.]
2134,[1.]
2135,[-1.]
2136,[1.]
2137,[0.]
2138,[2.]
2139,[0.]
2140,[-1.]
2141,[2.]
2142,[1.]
2143,[-1.]
2144,[1.]
2145,[0.]
2146,[-1.]
2147,[1.]
2148,[0.]
2149,[-1.]
2150,[0.]
2151,[0.]
2152,[-1.]
2153,[0.]
2154,[-1.]
2155,[0.]
2156,[-1.]
2157,[0.]
2158,[0.]
2159,[0.]
2160,[2.]
2161,[0.]
2162,[1.]
2163,[1.]
2164,[-1.]
2165,[-1.]
2166,[1.]
2167,[-1.]
2168,[1.]
2169,[1.]
2170,[0.]
2171,[0.]
2172,[-1.]
2173,[1.]
2174,[0.]
2175,[0.]
2176,[-1.]
2177,[4.]
2178,[0.]
2179,[-1.]
2180,[1.]
2181,[0.]
2182,[1.]
2183,[1.]
2184,[2.]
2185,[0.]
2186,[0.]
2187,[1.]
2188,[-1.]
2189,[-1.]
2190,[0.]
2191,[0.]
2192,[0.]
2193,[1.]
2194,[-1.]
2195,[1.]
2196,[-1.]
2197,[1.]
2198,[-1.]
2199,[-1.]
2200,[0.]
2201,[1.]
2202,[-1.]
2203,[1.]
2204,[0.]
2205,[1.]
2206,[1.]
2207,[1.]
2208,[-1.]
2209,[0.]
2210,[0.]
2211,[1.]
2212,[-1.]
2213,[1.]
2214,[0.]
2215,[0.]
2216,[0.]
2217,[-1.]
2218,[-1.]
2219,[0.]
2220,[0.]
2221,[1.]
2222,[1.]
2223,[0.]
2224,[0.]
2225,[1.]
2226,[0.]
2227,[1.]
2228,[0.]
2229,[0.]
2230,[1.]
2231,[0.]
2232,[0.]
2233,[-1.]
2234,[0.]
2235,[2.]
2236,[0.]
2237,[0.]
2238,[1.]
2239,[0.]
2240,[0.]
2241,[3.]
2242,[-1.]
2243,[0.]
2244,[0.]
2245,[0.]
2246,[2.]
2247,[-1.]
2248,[-1.]
2249,[2.]
2250,[4.]
2251,[1.]
2252,[0.]
2253,[0.]
2254,[0.]
2255,[0.]
2256,[0.]
2257,[1.]
2258,[0.]
2259,[2.]
2260,[-1.]
2261,[1.]
2262,[0.]
2263,[0.]
2264,[1.]
2265,[2.]
2266,[3.]
2267,[0.]
2268,[0.]
2269,[0.]
2270,[0.]
2271,[0.]
2272,[0.]
2273,[0.]
2274,[0.]
2275,[-1.]
2276,[0.]
2277,[1.]
2278,[0.]
2279,[-1.]
2280,[0.]
2281,[0.]
2282,[0.]
2283,[-1.]
2284,[0.]
2285,[0.]
2286,[1.]
2287,[-1.]
2288,[0.]
2289,[0.]
2290,[2.]
2291,[0.]
2292,[0.]
2293,[0.]
2294,[-1.]
2295,[-1.]
2296,[0.]
2297,[-1.]
2298,[0.]
2299,[-1.]
2300,[0.]
2301,[0.]
2302,[1.]
2303,[1.]
2304,[-1.]
2305,[5.]
2306,[-1.]
2307,[1.]
2308,[0.]
2309,[0.]
2310,[-1.]
2311,[0.]
2312,[1.]
2313,[0.]
2314,[0.]
2315,[1.]
2316,[0.]
2317,[1.]
2318,[0.]
2319,[-1.]
2320,[-1.]
2321,[-1.]
2322,[0.]
2323,[1.]
2324,[0.]
2325,[-1.]
2326,[0.]
2327,[0.]
2328,[-1.]
2329,[1.]
2330,[0.]
2331,[-1.]
2332,[1.]
2333,[-1.]
2334,[-1.]
2335,[1.]
2336,[1.]
2337,[-1.]
2338,[-1.]
2339,[1.]
2340,[1.]
2341,[0.]
2342,[0.]
2343,[1.]
2344,[0.]
2345,[0.]
2346,[0.]
2347,[-1.]
2348,[1.]
2349,[1.]
2350,[0.]
2351,[0.]
2352,[-1.]
2353,[0.]
2354,[0.]
2355,[0.]
2356,[1.]
2357,[0.]
2358,[1.]
2359,[0.]
2360,[1.]
2361,[0.]
2362,[0.]
2363,[2.]
2364,[1.]
2365,[0.]
2366,[-1.]
2367,[2.]
2368,[0.]
2369,[1.]
2370,[0.]
2371,[2.]
2372,[1.]
2373,[1.]
2374,[-1.]
2375,[1.]
2376,[0.]
2377,[1.]
2378,[1.]
2379,[0.]
2380,[1.]
2381,[0.]
2382,[0.]
2383,[-1.]
2384,[0.]
2385,[0.]
2386,[0.]
2387,[1.]
2388,[0.]
2389,[0.]
2390,[0.]
2391,[0.]
2392,[-1.]
2393,[1.]
2394,[1.]
2395,[0.]
2396,[1.]
2397,[1.]
2398,[0.]
2399,[-1.]
2400,[0.]
2401,[1.]
2402,[0.]
2403,[-1.]
2404,[2.]
2405,[1.]
2406,[1.]
2407,[0.]
2408,[0.]
2409,[0.]
2410,[-1.]
2411,[2.]
2412,[-1.]
2413,[0.]
2414,[-1.]
2415,[-1.]
2416,[1.]
2417,[-1.]
2418,[0.]
2419,[-1.]
2420,[-1.]
2421,[0.]
2422,[-1.]
2423,[0.]
2424,[1.]
2425,[0.]
2426,[0.]
2427,[0.]
2428,[0.]
2429,[-1.]
2430,[-1.]
2431,[0.]
2432,[-1.]
2433,[-1.]
2434,[0.]
2435,[-1.]
2436,[0.]
2437,[0.]
2438,[0.]
2439,[2.]
2440,[2.]
2441,[0.]
2442,[0.]
2443,[1.]
2444,[1.]
2445,[0.]
2446,[1.]
2447,[1.]
2448,[2.]
2449,[-1.]
2450,[-1.]
2451,[1.]
2452,[0.]
2453,[1.]
2454,[-1.]
2455,[-1.]
2456,[0.]
2457,[0.]
2458,[1.]
2459,[-1.]
2460,[0.]
2461,[-1.]
2462,[0.]
2463,[0.]
2464,[2.]
2465,[1.]
2466,[0.]
2467,[0.]
2468,[1.]
2469,[0.]
2470,[1.]
2471,[0.]
2472,[1.]
2473,[1.]
2474,[0.]
2475,[-1.]
2476,[0.]
2477,[1.]
2478,[1.]
2479,[-1.]
2480,[-1.]
2481,[-1.]
2482,[-1.]
2483,[-1.]
2484,[0.]
2485,[-1.]
2486,[0.]
2487,[0.]
2488,[0.]
2489,[0.]
2490,[0.]
2491,[1.]
2492,[0.]
2493,[0.]
2494,[1.]
2495,[-1.]
2496,[1.]
2497,[1.]
2498,[0.]
2499,[1.]
2500,[-1.]
2501,[1.]
2502,[0.]
2503,[0.]
2504,[-1.]
2505,[-1.]
2506,[1.]
2507,[2.]
2508,[-1.]
2509,[1.]
2510,[0.]
2511,[0.]
2512,[0.]
2513,[3.]
2514,[0.]
2515,[0.]
2516,[0.]
2517,[1.]
2518,[-1.]
2519,[-1.]
2520,[0.]
2521,[0.]
2522,[0.]
2523,[0.]
2524,[0.]
2525,[0.]
2526,[0.]
2527,[0.]
2528,[2.]
2529,[0.]
2530,[0.]
2531,[2.]
2532,[0.]
2533,[-1.]
2534,[0.]
2535,[0.]
2536,[-1.]
2537,[0.]
2538,[0.]
2539,[0.]
2540,[0.]
2541,[0.]
2542,[-1.]
2543,[0.]
2544,[0.]
2545,[0.]
2546,[-1.]
2547,[0.]
2548,[0.]
2549,[0.]
2550,[0.]
2551,[-1.]
2552,[2.]
2553,[-1.]
2554,[0.]
2555,[-1.]
2556,[1.]
2557,[0.]
2558,[4.]
2559,[0.]
2560,[6.]
2561,[-1.]
2562,[-1.]
2563,[1.]
2564,[-1.]
2565,[0.]
2566,[0.]
2567,[2.]
2568,[2.]
2569,[0.]
2570,[2.]
2571,[1.]
2572,[0.]
2573,[0.]
2574,[0.]
2575,[0.]
2576,[0.]
2577,[0.]
2578,[1.]
2579,[0.]
2580,[1.]
2581,[0.]
2582,[0.]
2583,[0.]
2584,[0.]
2585,[0.]
2586,[1.]
2587,[1.]
2588,[0.]
2589,[1.]
2590,[2.]
2591,[-1.]
2592,[0.]
2593,[1.]
2594,[0.]
2595,[-1.]
2596,[0.]
2597,[1.]
2598,[0.]
2599,[0.]
2600,[-1.]
2601,[-1.]
2602,[0.]
2603,[1.]
2604,[0.]
2605,[-1.]
2606,[1.]
2607,[-1.]
2608,[1.]
2609,[0.]
2610,[-1.]
2611,[1.]
2612,[1.]
2613,[-1.]
2614,[1.]
2615,[0.]
2616,[-1.]
2617,[0.]
2618,[2.]
2619,[1.]
2620,[2.]
2621,[1.]
2622,[-1.]
2623,[1.]
2624,[0.]
2625,[-1.]
2626,[-1.]
2627,[0.]
2628,[0.]
2629,[-1.]
2630,[2.]
2631,[0.]
2632,[2.]
2633,[1.]
2634,[-1.]
2635,[-1.]
2636,[0.]
2637,[0.]
2638,[-1.]
2639,[-1.]
2640,[2.]
2641,[1.]
2642,[0.]
2643,[1.]
2644,[1.]
2645,[-1.]
2646,[0.]
2647,[1.]
2648,[0.]
2649,[1.]
2650,[-1.]
2651,[0.]
2652,[0.]
2653,[0.]
2654,[0.]
2655,[0.]
2656,[0.]
2657,[0.]
2658,[1.]
2659,[-1.]
2660,[1.]
2661,[-1.]
2662,[0.]
2663,[0.]
2664,[2.]
2665,[0.]
2666,[0.]
2667,[1.]
2668,[1.]
2669,[0.]
2670,[-1.]
2671,[0.]
2672,[1.]
2673,[-1.]
2674,[0.]
2675,[1.]
2676,[1.]
2677,[0.]
2678,[0.]
2679,[-1.]
2680,[0.]
2681,[1.]
2682,[-1.]
2683,[0.]
2684,[1.]
2685,[-1.]
2686,[0.]
2687,[0.]
2688,[-1.]
2689,[0.]
2690,[1.]
2691,[0.]
2692,[1.]
2693,[1.]
2694,[0.]
2695,[-1.]
2696,[0.]
2697,[0.]
2698,[0.]
2699,[-1.]
2700,[0.]
2701,[1.]
2702,[-1.]
2703,[0.]
2704,[1.]
2705,[0.]
2706,[0.]
2707,[1.]
2708,[1.]
2709,[1.]
2710,[1.]
2711,[1.]
2712,[1.]
2713,[-1.]
2714,[-1.]
2715,[0.]
2716,[-1.]
2717,[2.]
2718,[-1.]
2719,[0.]
2720,[0.]
2721,[0.]
2722,[0.]
2723,[0.]
2724,[0.]
2725,[0.]
2726,[1.]
2727,[-1.]
2728,[1.]
2729,[1.]
2730,[0.]
2731,[1.]
2732,[1.]
2733,[0.]
2734,[2.]
2735,[0.]
2736,[0.]
2737,[0.]
2738,[1.]
2739,[0.]
2740,[-1.]
2741,[0.]
2742,[0.]
2743,[1.]
2744,[0.]
2745,[2.]
2746,[2.]
2747,[0.]
2748,[1.]
2749,[-1.]
2750,[-1.]
2751,[0.]
2752,[0.]
2753,[1.]
2754,[1.]
2755,[0.]
2756,[1.]
2757,[-1.]
2758,[1.]
2759,[1.]
2760,[1.]
2761,[2.]
2762,[-1.]
2763,[-1.]
2764,[-1.]
2765,[0.]
2766,[1.]
2767,[-1.]
2768,[-1.]
2769,[0.]
2770,[-1.]
2771,[0.]
2772,[1.]
2773,[0.]
2774,[-1.]
2775,[2.]
2776,[0.]
2777,[1.]
2778,[1.]
2779,[0.]
2780,[0.]
2781,[0.]
2782,[1.]
2783,[-1.]
2784,[-1.]
2785,[0.]
2786,[2.]
2787,[0.]
2788,[-1.]
2789,[0.]
2790,[-1.]
2791,[0.]
2792,[-1.]
2793,[1.]
2794,[2.]
2795,[-1.]
2796,[2.]
2797,[0.]
2798,[-1.]
2799,[-1.]
2800,[0.]
2801,[0.]
2802,[0.]
2803,[0.]
2804,[2.]
2805,[0.]
2806,[0.]
2807,[-1.]
2808,[0.]
2809,[-1.]
2810,[-1.]
2811,[0.]
2812,[1.]
2813,[1.]
2814,[0.]
2815,[0.]
2816,[0.]
2817,[0.]
2818,[0.]
2819,[3.]
2820,[1.]
2821,[1.]
2822,[-1.]
2823,[1.]
2824,[0.]
2825,[-1.]
2826,[0.]
2827,[0.]
2828,[2.]
2829,[1.]
2830,[-1.]
2831,[0.]
2832,[0.]
2833,[2.]
2834,[1.]
2835,[0.]
2836,[0.]
2837,[1.]
2838,[0.]
2839,[0.]
2840,[1.]
2841,[-1.]
2842,[-1.]
2843,[1.]
2844,[-1.]
2845,[0.]
2846,[0.]
2847,[0.]
2848,[0.]
2849,[1.]
2850,[2.]
2851,[-1.]
2852,[0.]
2853,[0.]
2854,[1.]
2855,[0.]
2856,[0.]
2857,[1.]
2858,[1.]
2859,[0.]
2860,[0.]
2861,[0.]
2862,[1.]
2863,[2.]
2864,[1.]
2865,[-1.]
2866,[0.]
2867,[1.]
2868,[-1.]
2869,[0.]
2870,[1.]
2871,[1.]
2872,[0.]
2873,[1.]
2874,[-1.]
2875,[-1.]
2876,[0.]
2877,[-1.]
2878,[0.]
2879,[1.]
2880,[0.]
2881,[1.]
2882,[1.]
2883,[1.]
2884,[0.]
2885,[1.]
2886,[-1.]
2887,[0.]
2888,[1.]
2889,[0.]
2890,[-1.]
2891,[0.]
2892,[1.]
2893,[0.]
2894,[2.]
2895,[-1.]
2896,[0.]
2897,[0.]
2898,[0.]
2899,[0.]
2900,[0.]
2901,[0.]
2902,[0.]
2903,[-1.]
2904,[-1.]
2905,[1.]
2906,[0.]
2907,[0.]
2908,[0.]
2909,[0.]
2910,[0.]
2911,[2.]
2912,[1.]
2913,[1.]
2914,[0.]
2915,[1.]
2916,[2.]
2917,[1.]
2918,[2.]
2919,[0.]
2920,[0.]
2921,[0.]
2922,[0.]
2923,[0.]
2924,[1.]
2925,[0.]
2926,[-1.]
2927,[0.]
2928,[-1.]
2929,[0.]
2930,[-1.]
2931,[1.]
2932,[2.]
2933,[0.]
2934,[1.]
2935,[-1.]
2936,[2.]
2937,[2.]
2938,[0.]
2939,[1.]
2940,[1.]
2941,[0.]
2942,[0.]
2943,[0.]
2944,[1.]
2945,[4.]
2946,[0.]
2947,[0.]
2948,[0.]
2949,[-1.]
2950,[0.]
2951,[1.]
2952,[0.]
2953,[0.]
2954,[0.]
2955,[0.]
2956,[0.]
2957,[1.]
2958,[0.]
2959,[-1.]
2960,[0.]
2961,[2.]
2962,[-1.]
2963,[0.]
2964,[-1.]
2965,[0.]
2966,[-1.]
2967,[-1.]
2968,[0.]
2969,[0.]
2970,[0.]
2971,[0.]
2972,[0.]
2973,[0.]
2974,[2.]
2975,[-1.]
2976,[2.]
2977,[0.]
2978,[0.]
2979,[0.]
2980,[0.]
2981,[0.]
2982,[-1.]
2983,[1.]
2984,[1.]
2985,[0.]
2986,[1.]
2987,[0.]
2988,[0.]
2989,[-1.]
2990,[0.]
2991,[0.]
2992,[0.]
2993,[2.]
2994,[0.]
2995,[1.]
2996,[2.]
2997,[2.]
2998,[1.]
2999,[0.]
3000,[-1.]
3001,[-1.]
3002,[6.]
3003,[-1.]
3004,[1.]
3005,[1.]
3006,[2.]
3007,[-1.]
3008,[-1.]
3009,[0.]
3010,[2.]
3011,[0.]
3012,[4.]
3013,[1.]
3014,[0.]
3015,[1.]
3016,[2.]
3017,[0.]
3018,[3.]
3019,[0.]
3020,[0.]
3021,[-1.]
3022,[2.]
3023,[0.]
3024,[1.]
3025,[0.]
3026,[1.]
3027,[-1.]
3028,[0.]
3029,[1.]
3030,[0.]
3031,[-1.]
3032,[0.]
3033,[-1.]
3034,[0.]
3035,[-1.]
3036,[2.]
3037,[-1.]
3038,[0.]
3039,[0.]
3040,[0.]
3041,[0.]
3042,[2.]
3043,[1.]
3044,[0.]
3045,[0.]
3046,[0.]
3047,[0.]
3048,[-1.]
3049,[-1.]
3050,[1.]
3051,[0.]
3052,[1.]
3053,[-1.]
3054,[-1.]
3055,[0.]
3056,[3.]
3057,[-1.]
3058,[1.]
3059,[0.]
3060,[0.]
3061,[-1.]
3062,[0.]
3063,[1.]
3064,[0.]
3065,[-1.]
3066,[0.]
3067,[0.]
3068,[-1.]
3069,[-1.]
3070,[-1.]
3071,[0.]
3072,[2.]
3073,[1.]
3074,[0.]
3075,[0.]
3076,[3.]
3077,[2.]
3078,[-1.]
3079,[-1.]
3080,[0.]
3081,[2.]
3082,[0.]
3083,[1.]
3084,[2.]
3085,[1.]
3086,[0.]
3087,[-1.]
3088,[-1.]
3089,[1.]
3090,[-1.]
3091,[0.]
3092,[0.]
3093,[-1.]
3094,[0.]
3095,[0.]
3096,[2.]
3097,[1.]
3098,[-1.]
3099,[0.]
3100,[-1.]
3101,[-1.]
3102,[0.]
3103,[0.]
3104,[-1.]
3105,[0.]
3106,[-1.]
3107,[0.]
3108,[1.]
3109,[0.]
3110,[1.]
3111,[-1.]
3112,[0.]
3113,[1.]
3114,[0.]
3115,[-1.]
3116,[1.]
3117,[0.]
3118,[1.]
3119,[2.]
3120,[1.]
3121,[1.]
3122,[-1.]
3123,[1.]
3124,[1.]
3125,[-1.]
3126,[-1.]
3127,[0.]
3128,[-1.]
3129,[1.]
3130,[0.]
3131,[-1.]
3132,[0.]
3133,[0.]
3134,[0.]
3135,[-1.]
3136,[0.]
3137,[0.]
3138,[0.]
3139,[-1.]
3140,[1.]
3141,[-1.]
3142,[0.]
3143,[1.]
3144,[0.]
3145,[0.]
3146,[0.]
3147,[1.]
3148,[-1.]
3149,[0.]
3150,[0.]
3151,[1.]
3152,[1.]
3153,[2.]
3154,[0.]
3155,[0.]
3156,[-1.]
3157,[0.]
3158,[-1.]
3159,[2.]
3160,[-1.]
3161,[3.]
3162,[0.]
3163,[0.]
3164,[0.]
3165,[-1.]
3166,[-1.]
3167,[0.]
3168,[0.]
3169,[0.]
3170,[0.]
3171,[0.]
3172,[1.]
3173,[-1.]
3174,[-1.]
3175,[0.]
3176,[0.]
3177,[2.]
3178,[0.]
3179,[-1.]
3180,[-1.]
3181,[0.]
3182,[0.]
3183,[-1.]
3184,[0.]
3185,[1.]
3186,[1.]
3187,[3.]
3188,[-1.]
3189,[4.]
3190,[1.]
3191,[1.]
3192,[1.]
3193,[0.]
3194,[0.]
3195,[4.]
3196,[1.]
3197,[0.]
3198,[-1.]
3199,[0.]
3200,[1.]
3201,[-1.]
3202,[0.]
3203,[0.]
3204,[2.]
3205,[0.]
3206,[1.]
3207,[0.]
3208,[0.]
3209,[-1.]
3210,[-1.]
3211,[0.]
3212,[-1.]
3213,[-1.]
3214,[1.]
3215,[0.]
3216,[1.]
3217,[1.]
3218,[0.]
3219,[1.]
3220,[0.]
3221,[-1.]
3222,[1.]
3223,[0.]
3224,[-1.]
3225,[0.]
3226,[1.]
3227,[0.]
3228,[0.]
3229,[1.]
3230,[-1.]
3231,[-1.]
3232,[0.]
3233,[0.]
3234,[-1.]
3235,[0.]
3236,[-1.]
3237,[3.]
3238,[3.]
3239,[0.]
3240,[1.]
3241,[-1.]
3242,[-1.]
3243,[0.]
3244,[2.]
3245,[2.]
3246,[-1.]
3247,[0.]
3248,[1.]
3249,[1.]
3250,[0.]
3251,[-1.]
3252,[-1.]
3253,[1.]
3254,[0.]
3255,[0.]
3256,[2.]
3257,[0.]
3258,[0.]
3259,[2.]
3260,[1.]
3261,[0.]
3262,[0.]
3263,[1.]
3264,[1.]
3265,[1.]
3266,[-1.]
3267,[0.]
3268,[-1.]
3269,[-1.]
3270,[0.]
3271,[0.]
3272,[0.]
3273,[1.]
3274,[0.]
3275,[0.]
3276,[0.]
3277,[1.]
3278,[0.]
3279,[0.]
3280,[0.]
3281,[-1.]
3282,[-1.]
3283,[-1.]
3284,[1.]
3285,[-1.]
3286,[-1.]
3287,[0.]
3288,[0.]
3289,[-1.]
3290,[0.]
3291,[1.]
3292,[-1.]
3293,[0.]
3294,[-1.]
3295,[0.]
3296,[-1.]
3297,[-1.]
3298,[0.]
3299,[-1.]
3300,[0.]
3301,[-1.]
3302,[2.]
3303,[1.]
3304,[-1.]
3305,[-1.]
3306,[1.]
3307,[0.]
3308,[0.]
3309,[-1.]
3310,[-1.]
3311,[1.]
3312,[1.]
3313,[0.]
3314,[1.]
3315,[0.]
3316,[0.]
3317,[0.]
3318,[1.]
3319,[0.]
3320,[4.]
3321,[0.]
3322,[-1.]
3323,[0.]
3324,[2.]
3325,[0.]
3326,[1.]
3327,[-1.]
3328,[1.]
3329,[0.]
3330,[0.]
3331,[1.]
3332,[-1.]
3333,[0.]
3334,[-1.]
3335,[0.]
3336,[-1.]
3337,[0.]
3338,[0.]
3339,[1.]
3340,[2.]
3341,[-1.]
3342,[-1.]
3343,[0.]
3344,[-1.]
3345,[0.]
3346,[0.]
3347,[-1.]
3348,[1.]
3349,[0.]
3350,[-1.]
3351,[1.]
3352,[2.]
3353,[-1.]
3354,[0.]
3355,[0.]
3356,[1.]
3357,[1.]
3358,[0.]
3359,[0.]
3360,[0.]
3361,[1.]
3362,[0.]
3363,[-1.]
3364,[0.]
3365,[1.]
3366,[1.]
3367,[-1.]
3368,[-1.]
3369,[-1.]
3370,[0.]
3371,[0.]
3372,[-1.]
3373,[1.]
3374,[1.]
3375,[-1.]
3376,[1.]
3377,[0.]
3378,[0.]
3379,[1.]
3380,[-1.]
3381,[-1.]
3382,[0.]
3383,[2.]
3384,[0.]
3385,[-1.]
3386,[1.]
3387,[0.]
3388,[2.]
3389,[0.]
3390,[1.]
3391,[1.]
3392,[1.]
3393,[0.]
3394,[-1.]
3395,[0.]
3396,[1.]
3397,[-1.]
3398,[0.]
3399,[0.]
3400,[1.]
3401,[1.]
3402,[-1.]
3403,[0.]
3404,[1.]
3405,[1.]
3406,[0.]
3407,[1.]
3408,[0.]
3409,[0.]
3410,[-1.]
3411,[0.]
3412,[3.]
3413,[-1.]
3414,[2.]
3415,[-1.]
3416,[1.]
3417,[0.]
3418,[0.]
3419,[2.]
3420,[1.]
3421,[0.]
3422,[0.]
3423,[0.]
3424,[0.]
3425,[0.]
3426,[-1.]
3427,[-1.]
3428,[-1.]
3429,[0.]
3430,[-1.]
3431,[0.]
3432,[1.]
3433,[1.]
3434,[0.]
3435,[2.]
3436,[0.]
3437,[0.]
3438,[-1.]
3439,[-1.]
3440,[2.]
3441,[0.]
3442,[-1.]
3443,[0.]
3444,[1.]
3445,[-1.]
3446,[1.]
3447,[-1.]
3448,[-1.]
3449,[1.]
3450,[0.]
3451,[1.]
3452,[0.]
3453,[1.]
3454,[0.]
3455,[0.]
3456,[4.]
3457,[-1.]
3458,[2.]
3459,[0.]
3460,[-1.]
3461,[0.]
3462,[-1.]
3463,[1.]
3464,[1.]
3465,[-1.]
3466,[-1.]
3467,[0.]
3468,[0.]
3469,[0.]
3470,[0.]
3471,[-1.]
3472,[1.]
3473,[2.]
3474,[1.]
3475,[-1.]
3476,[1.]
3477,[1.]
3478,[0.]
3479,[1.]
3480,[0.]
3481,[-1.]
3482,[-1.]
3483,[0.]
3484,[-1.]
3485,[0.]
3486,[-1.]
3487,[-1.]
3488,[0.]
3489,[1.]
3490,[0.]
3491,[0.]
3492,[0.]
3493,[0.]
3494,[0.]
3495,[-1.]
3496,[0.]
3497,[0.]
3498,[0.]
3499,[0.]
3500,[0.]
3501,[-1.]
3502,[0.]
3503,[-1.]
3504,[-1.]
3505,[0.]
3506,[0.]
3507,[0.]
3508,[0.]
3509,[-1.]
3510,[0.]
3511,[-1.]
3512,[0.]
3513,[0.]
3514,[0.]
3515,[-1.]
3516,[-1.]
3517,[1.]
3518,[0.]
3519,[0.]
3520,[0.]
3521,[1.]
3522,[1.]
3523,[0.]
3524,[1.]
3525,[0.]
3526,[0.]
3527,[0.]
3528,[1.]
3529,[0.]
3530,[0.]
3531,[1.]
3532,[0.]
3533,[1.]
3534,[1.]
3535,[0.]
3536,[1.]
3537,[-1.]
3538,[1.]
3539,[0.]
3540,[0.]
3541,[2.]
3542,[0.]
3543,[0.]
3544,[-1.]
3545,[0.]
3546,[0.]
3547,[1.]
3548,[0.]
3549,[0.]
3550,[0.]
3551,[0.]
3552,[2.]
3553,[0.]
3554,[1.]
3555,[0.]
3556,[1.]
3557,[3.]
3558,[0.]
3559,[0.]
3560,[0.]
3561,[1.]
3562,[1.]
3563,[-1.]
3564,[0.]
3565,[1.]
3566,[0.]
3567,[-1.]
3568,[-1.]
3569,[0.]
3570,[1.]
3571,[-1.]
3572,[2.]
3573,[0.]
3574,[-1.]
3575,[0.]
3576,[1.]
3577,[2.]
3578,[0.]
3579,[-1.]
3580,[0.]
3581,[0.]
3582,[0.]
3583,[1.]
3584,[0.]
3585,[0.]
3586,[0.]
3587,[-1.]
3588,[1.]
3589,[1.]
3590,[3.]
3591,[1.]
3592,[-1.]
3593,[0.]
3594,[0.]
3595,[0.]
3596,[1.]
3597,[0.]
3598,[0.]
3599,[0.]
3600,[0.]
3601,[2.]
3602,[0.]
3603,[0.]
3604,[-1.]
3605,[-1.]
3606,[1.]
3607,[-1.]
3608,[0.]
3609,[0.]
3610,[0.]
3611,[-1.]
3612,[0.]
3613,[0.]
3614,[1.]
3615,[0.]
3616,[0.]
3617,[0.]
3618,[-1.]
3619,[-1.]
3620,[0.]
3621,[0.]
3622,[1.]
3623,[0.]
3624,[-1.]
3625,[0.]
3626,[0.]
3627,[-1.]
3628,[1.]
3629,[1.]
3630,[-1.]
3631,[1.]
3632,[-1.]
3633,[0.]
3634,[1.]
3635,[1.]
3636,[0.]
3637,[-1.]
3638,[-1.]
3639,[0.]
3640,[-1.]
3641,[0.]
3642,[1.]
3643,[1.]
3644,[-1.]
3645,[0.]
3646,[1.]
3647,[1.]
3648,[2.]
3649,[1.]
3650,[1.]
3651,[0.]
3652,[0.]
3653,[0.]
3654,[1.]
3655,[0.]
3656,[0.]
3657,[0.]
3658,[1.]
3659,[-1.]
3660,[0.]
3661,[1.]
3662,[0.]
3663,[-1.]
3664,[1.]
3665,[1.]
3666,[0.]
3667,[0.]
3668,[0.]
3669,[0.]
3670,[0.]
3671,[0.]
3672,[0.]
3673,[0.]
3674,[-1.]
3675,[1.]
3676,[0.]
3677,[0.]
3678,[0.]
3679,[0.]
3680,[-1.]
3681,[0.]
3682,[2.]
3683,[2.]
3684,[2.]
3685,[-1.]
3686,[1.]
3687,[1.]
3688,[1.]
3689,[1.]
3690,[0.]
3691,[3.]
3692,[0.]
3693,[-1.]
3694,[2.]
3695,[0.]
3696,[1.]
3697,[0.]
3698,[0.]
3699,[-1.]
3700,[1.]
3701,[0.]
3702,[1.]
3703,[0.]
3704,[-1.]
3705,[-1.]
3706,[-1.]
3707,[0.]
3708,[0.]
3709,[-1.]
3710,[0.]
3711,[0.]
3712,[1.]
3713,[-1.]
3714,[0.]
3715,[0.]
3716,[1.]
3717,[0.]
3718,[0.]
3719,[0.]
3720,[1.]
3721,[0.]
3722,[-1.]
3723,[1.]
3724,[2.]
3725,[-1.]
3726,[-1.]
3727,[0.]
3728,[0.]
3729,[-1.]
3730,[-1.]
3731,[0.]
3732,[0.]
3733,[-1.]
3734,[0.]
3735,[0.]
3736,[0.]
3737,[-1.]
3738,[0.]
3739,[-1.]
3740,[1.]
3741,[0.]
3742,[1.]
3743,[0.]
3744,[0.]
3745,[-1.]
3746,[1.]
3747,[0.]
3748,[-1.]
3749,[1.]
3750,[0.]
3751,[-1.]
3752,[0.]
3753,[1.]
3754,[0.]
3755,[0.]
3756,[2.]
3757,[1.]
3758,[1.]
3759,[-1.]
3760,[0.]
3761,[1.]
3762,[0.]
3763,[3.]
3764,[0.]
3765,[-1.]
3766,[1.]
3767,[1.]
3768,[1.]
3769,[0.]
3770,[0.]
3771,[3.]
3772,[0.]
3773,[-1.]
3774,[-1.]
3775,[0.]
3776,[0.]
3777,[-1.]
3778,[0.]
3779,[0.]
3780,[2.]
3781,[-1.]
3782,[1.]
3783,[4.]
3784,[-1.]
3785,[0.]
3786,[-1.]
3787,[-1.]
3788,[1.]
3789,[0.]
3790,[0.]
3791,[0.]
3792,[-1.]
3793,[-1.]
3794,[-1.]
3795,[1.]
3796,[2.]
3797,[1.]
3798,[0.]
3799,[0.]
3800,[1.]
3801,[0.]
3802,[0.]
3803,[0.]
3804,[0.]
3805,[0.]
3806,[-1.]
3807,[0.]
3808,[-1.]
3809,[2.]
3810,[1.]
3811,[0.]
3812,[0.]
3813,[-1.]
3814,[1.]
3815,[-1.]
3816,[0.]
3817,[0.]
3818,[1.]
3819,[0.]
3820,[0.]
3821,[0.]
3822,[1.]
3823,[0.]
3824,[-1.]
3825,[0.]
3826,[-1.]
3827,[1.]
3828,[1.]
3829,[-1.]
3830,[0.]
3831,[1.]
3832,[0.]
3833,[0.]
3834,[0.]
3835,[1.]
3836,[1.]
3837,[0.]
3838,[2.]
3839,[-1.]
3840,[1.]
3841,[1.]
3842,[-1.]
3843,[0.]
3844,[1.]
3845,[-1.]
3846,[1.]
3847,[0.]
3848,[0.]
3849,[-1.]
3850,[0.]
3851,[1.]
3852,[1.]
3853,[1.]
3854,[0.]
3855,[1.]
3856,[-1.]
3857,[-1.]
3858,[-1.]
3859,[0.]
3860,[0.]
3861,[0.]
3862,[1.]
3863,[1.]
3864,[-1.]
3865,[0.]
3866,[0.]
3867,[1.]
3868,[-1.]
3869,[1.]
3870,[2.]
3871,[-1.]
3872,[1.]
3873,[0.]
3874,[0.]
3875,[-1.]
3876,[-1.]
3877,[1.]
3878,[0.]
3879,[1.]
3880,[0.]
3881,[-1.]
3882,[1.]
3883,[-1.]
3884,[-1.]
3885,[0.]
3886,[0.]
3887,[0.]
3888,[1.]
3889,[-1.]
3890,[-1.]
3891,[0.]
3892,[1.]
3893,[2.]
3894,[1.]
3895,[1.]
3896,[1.]
3897,[1.]
3898,[1.]
3899,[0.]
3900,[1.]
3901,[0.]
3902,[0.]
3903,[-1.]
3904,[1.]
3905,[-1.]
3906,[-1.]
3907,[-1.]
3908,[-1.]
3909,[-1.]
3910,[0.]
3911,[-1.]
3912,[1.]
3913,[0.]
3914,[1.]
3915,[2.]
3916,[0.]
3917,[1.]
3918,[0.]
3919,[0.]
3920,[0.]
3921,[-1.]
3922,[0.]
3923,[0.]
3924,[-1.]
3925,[2.]
3926,[1.]
3927,[-1.]
3928,[0.]
3929,[0.]
3930,[1.]
3931,[1.]
3932,[1.]
3933,[2.]
3934,[1.]
3935,[-1.]
3936,[0.]
3937,[-1.]
3938,[2.]
3939,[-1.]
3940,[1.]
3941,[0.]
3942,[0.]
3943,[1.]
3944,[1.]
3945,[0.]
3946,[2.]
3947,[1.]
3948,[2.]
3949,[0.]
3950,[0.]
3951,[3.]
3952,[2.]
3953,[-1.]
3954,[-1.]
3955,[0.]
3956,[-1.]
3957,[0.]
3958,[1.]
3959,[-1.]
3960,[1.]
3961,[1.]
3962,[1.]
3963,[1.]
3964,[0.]
3965,[0.]
3966,[0.]
3967,[2.]
3968,[0.]
3969,[0.]
3970,[1.]
3971,[1.]
3972,[0.]
3973,[1.]
3974,[-1.]
3975,[-1.]
3976,[2.]
3977,[-1.]
3978,[-1.]
3979,[-1.]
3980,[-1.]
3981,[0.]
3982,[-1.]
3983,[0.]
3984,[0.]
3985,[0.]
3986,[-1.]
3987,[-1.]
3988,[0.]
3989,[0.]
3990,[0.]
3991,[0.]
3992,[2.]
3993,[2.]
3994,[3.]
3995,[1.]
3996,[-1.]
3997,[-1.]
3998,[4.]
3999,[0.]
4000,[0.]
4001,[0.]
4002,[1.]
4003,[0.]
4004,[-1.]
4005,[0.]
4006,[0.]
4007,[1.]
4008,[-1.]
4009,[1.]
4010,[-1.]
4011,[0.]
4012,[1.]
4013,[-1.]
4014,[0.]
4015,[-1.]
4016,[0.]
4017,[0.]
4018,[-1.]
4019,[-1.]
4020,[0.]
4021,[0.]
4022,[-1.]
4023,[1.]
4024,[1.]
4025,[2.]
4026,[0.]
4027,[-1.]
4028,[-1.]
4029,[0.]
4030,[-1.]
4031,[0.]
4032,[-1.]
4033,[0.]
4034,[1.]
4035,[-1.]
4036,[0.]
4037,[-1.]
4038,[0.]
4039,[0.]
4040,[1.]
4041,[-1.]
4042,[-1.]
4043,[0.]
4044,[1.]
4045,[-1.]
4046,[0.]
4047,[-1.]
4048,[-1.]
4049,[0.]
4050,[-1.]
4051,[1.]
4052,[-1.]
4053,[0.]
4054,[1.]
4055,[0.]
4056,[0.]
4057,[0.]
4058,[2.]
4059,[3.]
4060,[0.]
4061,[0.]
4062,[1.]
4063,[0.]
4064,[-1.]
4065,[0.]
4066,[0.]
4067,[0.]
4068,[0.]
4069,[-1.]
4070,[1.]
4071,[0.]
4072,[1.]
4073,[-1.]
4074,[0.]
4075,[1.]
4076,[0.]
4077,[0.]
4078,[0.]
4079,[-1.]
4080,[2.]
4081,[0.]
4082,[0.]
4083,[0.]
4084,[-1.]
4085,[0.]
4086,[0.]
4087,[0.]
4088,[2.]
4089,[-1.]
4090,[0.]
4091,[0.]
4092,[0.]
4093,[1.]
4094,[0.]
4095,[0.]
4096,[1.]
4097,[-1.]
4098,[0.]
4099,[0.]
4100,[1.]
4101,[0.]
4102,[0.]
4103,[1.]
4104,[0.]
4105,[1.]
4106,[1.]
4107,[-1.]
4108,[2.]
4109,[0.]
4110,[-1.]
4111,[1.]
4112,[-1.]
4113,[0.]
4114,[3.]
4115,[-1.]
4116,[0.]
4117,[2.]
4118,[1.]
4119,[-1.]
4120,[-1.]
4121,[0.]
4122,[-1.]
4123,[1.]
4124,[1.]
4125,[0.]
4126,[0.]
4127,[1.]
4128,[0.]
4129,[1.]
4130,[-1.]
4131,[0.]
4132,[-1.]
4133,[0.]
4134,[-1.]
4135,[0.]
4136,[0.]
4137,[2.]
4138,[-1.]
4139,[0.]
4140,[0.]
4141,[0.]
4142,[0.]
4143,[1.]
4144,[-1.]
4145,[1.]
4146,[1.]
4147,[0.]
4148,[1.]
4149,[0.]
4150,[0.]
4151,[0.]
4152,[0.]
4153,[0.]
4154,[0.]
4155,[2.]
4156,[0.]
4157,[1.]
4158,[0.]
4159,[0.]
4160,[-1.]
4161,[0.]
4162,[-1.]
4163,[0.]
4164,[0.]
4165,[1.]
4166,[0.]
4167,[2.]
4168,[-1.]
4169,[-1.]
4170,[-1.]
4171,[0.]
4172,[1.]
4173,[0.]
4174,[-1.]
4175,[1.]
4176,[0.]
4177,[2.]
4178,[-1.]
4179,[1.]
4180,[-1.]
4181,[0.]
4182,[-1.]
4183,[-1.]
4184,[-1.]
4185,[1.]
4186,[-1.]
4187,[0.]
4188,[0.]
4189,[0.]
4190,[-1.]
4191,[-1.]
4192,[-1.]
4193,[0.]
4194,[1.]
4195,[-1.]
4196,[3.]
4197,[1.]
4198,[-1.]
4199,[1.]
4200,[1.]
4201,[0.]
4202,[0.]
4203,[0.]
4204,[0.]
4205,[0.]
4206,[0.]
4207,[1.]
4208,[-1.]
4209,[1.]
4210,[1.]
4211,[1.]
4212,[3.]
4213,[0.]
4214,[-1.]
4215,[0.]
4216,[1.]
4217,[1.]
4218,[0.]
4219,[1.]
4220,[0.]
4221,[1.]
4222,[-1.]
4223,[0.]
4224,[1.]
4225,[0.]
4226,[-1.]
4227,[0.]
4228,[1.]
4229,[1.]
4230,[0.]
4231,[-1.]
4232,[0.]
4233,[-1.]
4234,[-1.]
4235,[0.]
4236,[2.]
4237,[0.]
4238,[0.]
4239,[1.]
4240,[-1.]
4241,[0.]
4242,[-1.]
4243,[2.]
4244,[0.]
4245,[0.]
4246,[-1.]
4247,[-1.]
4248,[0.]
4249,[1.]
4250,[1.]
4251,[0.]
4252,[0.]
4253,[0.]
4254,[-1.]
4255,[1.]
4256,[1.]
4257,[-1.]
4258,[-1.]
4259,[2.]
4260,[1.]
4261,[-1.]
4262,[1.]
4263,[1.]
4264,[0.]
4265,[1.]
4266,[-1.]
4267,[0.]
4268,[-1.]
4269,[-1.]
4270,[0.]
4271,[3.]
4272,[-1.]
4273,[-1.]
4274,[1.]
4275,[-1.]
4276,[0.]
4277,[1.]
4278,[-1.]
4279,[1.]
4280,[0.]
4281,[1.]
4282,[0.]
4283,[0.]
4284,[1.]
4285,[0.]
4286,[1.]
4287,[1.]
4288,[-1.]
4289,[2.]
4290,[1.]
4291,[0.]
4292,[1.]
4293,[-1.]
4294,[-1.]
4295,[0.]
4296,[0.]
4297,[1.]
4298,[1.]
4299,[0.]
4300,[-1.]
4301,[2.]
4302,[0.]
4303,[-1.]
4304,[-1.]
4305,[0.]
4306,[-1.]
4307,[-1.]
4308,[-1.]
4309,[-1.]
4310,[2.]
4311,[-1.]
4312,[2.]
4313,[1.]
4314,[2.]
4315,[0.]
4316,[-1.]
4317,[0.]
4318,[0.]
4319,[-1.]
4320,[0.]
4321,[0.]
4322,[0.]
4323,[0.]
4324,[-1.]
4325,[-1.]
4326,[-1.]
4327,[-1.]
4328,[0.]
4329,[0.]
4330,[1.]
4331,[0.]
4332,[1.]
4333,[-1.]
4334,[-1.]
4335,[-1.]
4336,[1.]
4337,[0.]
4338,[1.]
4339,[0.]
4340,[1.]
4341,[0.]
4342,[-1.]
4343,[-1.]
4344,[0.]
4345,[-1.]
4346,[1.]
4347,[1.]
4348,[1.]
4349,[0.]
4350,[0.]
4351,[1.]
4352,[-1.]
4353,[1.]
4354,[-1.]
4355,[0.]
4356,[0.]
4357,[0.]
4358,[2.]
4359,[1.]
4360,[-1.]
4361,[0.]
4362,[1.]
4363,[1.]
4364,[-1.]
4365,[1.]
4366,[1.]
4367,[-1.]
4368,[0.]
4369,[0.]
4370,[-1.]
4371,[1.]
4372,[-1.]
4373,[2.]
4374,[0.]
4375,[0.]
4376,[-1.]
4377,[1.]
4378,[1.]
4379,[0.]
4380,[-1.]
4381,[0.]
4382,[-1.]
4383,[-1.]
4384,[-1.]
4385,[0.]
4386,[0.]
4387,[0.]
4388,[-1.]
4389,[0.]
4390,[0.]
4391,[-1.]
4392,[0.]
4393,[2.]
4394,[-1.]
4395,[-1.]
4396,[0.]
4397,[-1.]
4398,[1.]
4399,[1.]
4400,[1.]
4401,[1.]
4402,[0.]
4403,[0.]
4404,[-1.]
4405,[0.]
4406,[1.]
4407,[0.]
4408,[-1.]
4409,[1.]
4410,[-1.]
4411,[1.]
4412,[0.]
4413,[-1.]
4414,[0.]
4415,[-1.]
4416,[1.]
4417,[3.]
4418,[1.]
4419,[0.]
4420,[-1.]
4421,[1.]
4422,[0.]
4423,[-1.]
4424,[-1.]
4425,[1.]
4426,[-1.]
4427,[0.]
4428,[-1.]
4429,[1.]
4430,[1.]
4431,[0.]
4432,[1.]
4433,[-1.]
4434,[1.]
4435,[0.]
4436,[2.]
4437,[0.]
4438,[0.]
4439,[0.]
4440,[-1.]
4441,[-1.]
4442,[2.]
4443,[1.]
4444,[0.]
4445,[-1.]
4446,[-1.]
4447,[0.]
4448,[0.]
4449,[1.]
4450,[0.]
4451,[-1.]
4452,[-1.]
4453,[-1.]
4454,[-1.]
4455,[0.]
4456,[1.]
4457,[0.]
4458,[1.]
4459,[1.]
4460,[0.]
4461,[1.]
4462,[0.]
4463,[0.]
4464,[0.]
4465,[0.]
4466,[-1.]
4467,[-1.]
4468,[0.]
4469,[-1.]
4470,[0.]
4471,[1.]
4472,[0.]
4473,[0.]
4474,[1.]
4475,[0.]
4476,[1.]
4477,[2.]
4478,[1.]
4479,[0.]
4480,[0.]
4481,[0.]
4482,[0.]
4483,[0.]
4484,[0.]
4485,[0.]
4486,[1.]
4487,[0.]
4488,[0.]
4489,[1.]
4490,[0.]
4491,[0.]
4492,[-1.]
4493,[-1.]
4494,[0.]
4495,[0.]
4496,[3.]
4497,[0.]
4498,[-1.]
4499,[0.]
4500,[-1.]
4501,[0.]
4502,[1.]
4503,[0.]
4504,[1.]
4505,[1.]
4506,[1.]
4507,[-1.]
4508,[1.]
4509,[0.]
4510,[0.]
4511,[0.]
4512,[-1.]
4513,[0.]
4514,[0.]
4515,[0.]
4516,[1.]
4517,[-1.]
4518,[-1.]
4519,[1.]
4520,[0.]
4521,[1.]
4522,[1.]
4523,[1.]
4524,[0.]
4525,[1.]
4526,[0.]
4527,[1.]
4528,[-1.]
4529,[0.]
4530,[-1.]
4531,[0.]
4532,[0.]
4533,[1.]
4534,[-1.]
4535,[0.]
4536,[1.]
4537,[0.]
4538,[0.]
4539,[-1.]
4540,[-1.]
4541,[-1.]
4542,[0.]
4543,[0.]
4544,[0.]
4545,[0.]
4546,[-1.]
4547,[1.]
4548,[1.]
4549,[1.]
4550,[-1.]
4551,[1.]
4552,[1.]
4553,[-1.]
4554,[1.]
4555,[1.]
4556,[-1.]
4557,[1.]
4558,[0.]
4559,[-1.]
4560,[0.]
4561,[-1.]
4562,[0.]
4563,[0.]
4564,[2.]
4565,[-1.]
4566,[3.]
4567,[-1.]
4568,[1.]
4569,[1.]
4570,[0.]
4571,[0.]
4572,[0.]
4573,[1.]
4574,[-1.]
4575,[1.]
4576,[1.]
4577,[0.]
4578,[1.]
4579,[1.]
4580,[1.]
4581,[1.]
4582,[1.]
4583,[0.]
4584,[0.]
4585,[-1.]
4586,[-1.]
4587,[0.]
4588,[-1.]
4589,[0.]
4590,[1.]
4591,[0.]
4592,[1.]
4593,[-1.]
4594,[0.]
4595,[1.]
4596,[1.]
4597,[1.]
4598,[0.]
4599,[0.]
4600,[1.]
4601,[0.]
4602,[0.]
4603,[0.]
4604,[-1.]
4605,[1.]
4606,[-1.]
4607,[1.]
4608,[-1.]
4609,[2.]
4610,[-1.]
4611,[-1.]
4612,[1.]
4613,[0.]
4614,[2.]
4615,[1.]
4616,[-1.]
4617,[-1.]
4618,[0.]
4619,[-1.]
4620,[0.]
4621,[-1.]
4622,[1.]
4623,[1.]
4624,[2.]
4625,[0.]
4626,[-1.]
4627,[-1.]
4628,[-1.]
4629,[0.]
4630,[-1.]
4631,[-1.]
4632,[0.]
4633,[-1.]
4634,[0.]
4635,[1.]
4636,[1.]
4637,[-1.]
4638,[-1.]
4639,[0.]
4640,[1.]
4641,[2.]
4642,[0.]
4643,[0.]
4644,[0.]
4645,[-1.]
4646,[2.]
4647,[1.]
4648,[1.]
4649,[0.]
4650,[0.]
4651,[1.]
4652,[0.]
4653,[-1.]
4654,[0.]
4655,[0.]
4656,[-1.]
4657,[0.]
4658,[0.]
4659,[0.]
4660,[2.]
4661,[1.]
4662,[-1.]
4663,[2.]
4664,[0.]
4665,[0.]
4666,[0.]
4667,[1.]
4668,[-1.]
4669,[-1.]
4670,[-1.]
4671,[2.]
4672,[-1.]
4673,[-1.]
4674,[2.]
4675,[-1.]
4676,[1.]
4677,[-1.]
4678,[1.]
4679,[-1.]
4680,[1.]
4681,[-1.]
4682,[-1.]
4683,[1.]
4684,[1.]
4685,[-1.]
4686,[0.]
4687,[0.]
4688,[0.]
4689,[0.]
4690,[1.]
4691,[-1.]
4692,[-1.]
4693,[1.]
4694,[0.]
4695,[0.]
4696,[1.]
4697,[0.]
4698,[0.]
4699,[-1.]
4700,[1.]
4701,[1.]
4702,[0.]
4703,[2.]
4704,[0.]
4705,[0.]
4706,[-1.]
4707,[1.]
4708,[0.]
4709,[2.]
4710,[1.]
4711,[-1.]
4712,[-1.]
4713,[-1.]
4714,[4.]
4715,[0.]
4716,[-1.]
4717,[-1.]
4718,[1.]
4719,[2.]
4720,[1.]
4721,[1.]
4722,[0.]
4723,[-1.]
4724,[1.]
4725,[-1.]
4726,[0.]
4727,[1.]
4728,[1.]
4729,[0.]
4730,[0.]
4731,[0.]
4732,[1.]
4733,[3.]
4734,[0.]
4735,[0.]
4736,[-1.]
4737,[-1.]
4738,[3.]
4739,[1.]
4740,[0.]
4741,[-1.]
4742,[1.]
4743,[-1.]
4744,[0.]
4745,[0.]
4746,[-1.]
4747,[0.]
4748,[-1.]
4749,[0.]
4750,[1.]
4751,[-1.]
4752,[-1.]
4753,[0.]
4754,[0.]
4755,[0.]
4756,[-1.]
4757,[-1.]
4758,[0.]
4759,[1.]
4760,[-1.]
4761,[0.]
4762,[1.]
4763,[0.]
4764,[0.]
4765,[-1.]
4766,[-1.]
4767,[1.]
4768,[0.]
4769,[2.]
4770,[1.]
4771,[0.]
4772,[2.]
4773,[2.]
4774,[1.]
4775,[0.]
4776,[2.]
4777,[0.]
4778,[1.]
4779,[-1.]
4780,[0.]
4781,[0.]
4782,[1.]
4783,[0.]
4784,[1.]
4785,[-1.]
4786,[-1.]
4787,[1.]
4788,[-1.]
4789,[2.]
4790,[1.]
4791,[0.]
4792,[0.]
4793,[0.]
4794,[0.]
4795,[1.]
4796,[0.]
4797,[0.]
4798,[1.]
4799,[2.]
4800,[0.]
4801,[-1.]
4802,[-1.]
4803,[-1.]
4804,[2.]
4805,[-1.]
4806,[0.]
4807,[1.]
4808,[2.]
4809,[0.]
4810,[0.]
4811,[3.]
4812,[-1.]
4813,[0.]
4814,[-1.]
4815,[0.]
4816,[1.]
4817,[-1.]
4818,[1.]
4819,[0.]
4820,[1.]
4821,[1.]
4822,[1.]
4823,[-1.]
4824,[-1.]
4825,[0.]
4826,[-1.]
4827,[1.]
4828,[0.]
4829,[0.]
4830,[-1.]
4831,[1.]
4832,[1.]
4833,[0.]
4834,[0.]
4835,[-1.]
4836,[0.]
4837,[-1.]
4838,[1.]
4839,[1.]
4840,[1.]
4841,[1.]
4842,[0.]
4843,[1.]
4844,[1.]
4845,[1.]
4846,[-1.]
4847,[0.]
4848,[0.]
4849,[-1.]
4850,[-1.]
4851,[1.]
4852,[0.]
4853,[-1.]
4854,[-1.]
4855,[1.]
4856,[0.]
4857,[-1.]
4858,[1.]
4859,[0.]
4860,[1.]
4861,[1.]
4862,[0.]
4863,[1.]
4864,[2.]
4865,[0.]
4866,[0.]
4867,[0.]
4868,[0.]
4869,[2.]
4870,[-1.]
4871,[1.]
4872,[1.]
4873,[-1.]
4874,[0.]
4875,[2.]
4876,[-1.]
4877,[0.]
4878,[1.]
4879,[-1.]
4880,[0.]
4881,[-1.]
4882,[1.]
4883,[1.]
4884,[1.]
4885,[-1.]
4886,[0.]
4887,[0.]
4888,[1.]
4889,[-1.]
4890,[0.]
4891,[1.]
4892,[0.]
4893,[1.]
4894,[0.]
4895,[1.]
4896,[0.]
4897,[0.]
4898,[0.]
4899,[-1.]
4900,[0.]
4901,[-1.]
4902,[-1.]
4903,[0.]
4904,[-1.]
4905,[-1.]
4906,[1.]
4907,[0.]
4908,[1.]
4909,[1.]
4910,[0.]
4911,[0.]
4912,[3.]
4913,[0.]
4914,[0.]
4915,[-1.]
4916,[1.]
4917,[0.]
4918,[0.]
4919,[1.]
4920,[1.]
4921,[0.]
4922,[-1.]
4923,[1.]
4924,[0.]
4925,[1.]
4926,[0.]
4927,[1.]
4928,[0.]
4929,[0.]
4930,[1.]
4931,[-1.]
4932,[0.]
4933,[0.]
4934,[0.]
4935,[-1.]
4936,[0.]
4937,[1.]
4938,[-1.]
4939,[0.]
4940,[0.]
4941,[1.]
4942,[0.]
4943,[0.]
4944,[2.]
4945,[0.]
4946,[1.]
4947,[0.]
4948,[-1.]
4949,[0.]
4950,[0.]
4951,[1.]
4952,[0.]
4953,[1.]
4954,[0.]
4955,[-1.]
4956,[1.]
4957,[3.]
4958,[-1.]
4959,[0.]
4960,[0.]
4961,[-1.]
4962,[1.]
4963,[1.]
4964,[-1.]
4965,[-1.]
4966,[0.]
4967,[1.]
4968,[-1.]
4969,[-1.]
4970,[0.]
4971,[-1.]
4972,[0.]
4973,[0.]
4974,[-1.]
4975,[0.]
4976,[2.]
4977,[1.]
4978,[1.]
4979,[-1.]
4980,[-1.]
4981,[0.]
4982,[-1.]
4983,[1.]
4984,[-1.]
4985,[-1.]
4986,[1.]
4987,[0.]
4988,[0.]
4989,[0.]
4990,[2.]
4991,[2.]
4992,[1.]
4993,[-1.]
4994,[-1.]
4995,[0.]
4996,[0.]
4997,[0.]
4998,[-1.]
4999,[-1.]
5000,[1.]
