Episodio,Puntaje
1,[17.]
2,[7.]
3,[11.]
4,[14.]
5,[11.]
6,[18.]
7,[15.]
8,[19.]
9,[13.]
10,[18.]
11,[14.]
12,[12.]
13,[7.]
14,[14.]
15,[11.]
16,[14.]
17,[16.]
18,[12.]
19,[18.]
20,[11.]
21,[19.]
22,[14.]
23,[12.]
24,[11.]
25,[11.]
26,[18.]
27,[10.]
28,[11.]
29,[17.]
30,[18.]
31,[17.]
32,[14.]
33,[14.]
34,[13.]
35,[19.]
36,[11.]
37,[12.]
38,[17.]
39,[10.]
40,[12.]
41,[11.]
42,[12.]
43,[9.]
44,[8.]
45,[15.]
46,[14.]
47,[17.]
48,[16.]
49,[12.]
50,[8.]
51,[16.]
52,[11.]
53,[9.]
54,[17.]
55,[16.]
56,[15.]
57,[12.]
58,[16.]
59,[18.]
60,[10.]
61,[6.]
62,[18.]
63,[12.]
64,[11.]
65,[9.]
66,[7.]
67,[15.]
68,[10.]
69,[11.]
70,[10.]
71,[15.]
72,[8.]
73,[13.]
74,[15.]
75,[13.]
76,[13.]
77,[16.]
78,[12.]
79,[6.]
80,[8.]
81,[13.]
82,[12.]
83,[14.]
84,[13.]
85,[13.]
86,[11.]
87,[13.]
88,[17.]
89,[18.]
90,[9.]
91,[9.]
92,[13.]
93,[14.]
94,[16.]
95,[16.]
96,[17.]
97,[20.]
98,[8.]
99,[15.]
100,[16.]
101,[15.]
102,[13.]
103,[18.]
104,[10.]
105,[12.]
106,[18.]
107,[11.]
108,[14.]
109,[7.]
110,[14.]
111,[19.]
112,[19.]
113,[13.]
114,[10.]
115,[14.]
116,[19.]
117,[17.]
118,[16.]
119,[9.]
120,[7.]
121,[11.]
122,[10.]
123,[15.]
124,[13.]
125,[19.]
126,[11.]
127,[15.]
128,[8.]
129,[15.]
130,[14.]
131,[10.]
132,[17.]
133,[16.]
134,[14.]
135,[18.]
136,[15.]
137,[16.]
138,[18.]
139,[14.]
140,[13.]
141,[16.]
142,[12.]
143,[14.]
144,[9.]
145,[9.]
146,[18.]
147,[19.]
148,[9.]
149,[13.]
150,[17.]
151,[18.]
152,[12.]
153,[10.]
154,[21.]
155,[12.]
156,[12.]
157,[14.]
158,[9.]
159,[14.]
160,[9.]
161,[16.]
162,[16.]
163,[7.]
164,[14.]
165,[13.]
166,[19.]
167,[8.]
168,[12.]
169,[14.]
170,[12.]
171,[16.]
172,[19.]
173,[14.]
174,[12.]
175,[11.]
176,[14.]
177,[7.]
178,[11.]
179,[13.]
180,[14.]
181,[11.]
182,[16.]
183,[13.]
184,[16.]
185,[7.]
186,[6.]
187,[12.]
188,[8.]
189,[14.]
190,[16.]
191,[6.]
192,[14.]
193,[14.]
194,[10.]
195,[6.]
196,[15.]
197,[20.]
198,[11.]
199,[9.]
200,[13.]
201,[18.]
202,[14.]
203,[21.]
204,[17.]
205,[12.]
206,[12.]
207,[13.]
208,[12.]
209,[9.]
210,[22.]
211,[14.]
212,[18.]
213,[17.]
214,[18.]
215,[19.]
216,[15.]
217,[16.]
218,[14.]
219,[17.]
220,[17.]
221,[17.]
222,[10.]
223,[15.]
224,[14.]
225,[13.]
226,[12.]
227,[20.]
228,[15.]
229,[13.]
230,[6.]
231,[15.]
232,[8.]
233,[18.]
234,[16.]
235,[12.]
236,[19.]
237,[20.]
238,[10.]
239,[12.]
240,[13.]
241,[19.]
242,[11.]
243,[8.]
244,[16.]
245,[17.]
246,[14.]
247,[18.]
248,[14.]
249,[11.]
250,[13.]
251,[17.]
252,[15.]
253,[19.]
254,[15.]
255,[5.]
256,[14.]
257,[11.]
258,[15.]
259,[16.]
260,[18.]
261,[10.]
262,[16.]
263,[15.]
264,[12.]
265,[10.]
266,[8.]
267,[17.]
268,[10.]
269,[13.]
270,[18.]
271,[10.]
272,[17.]
273,[6.]
274,[21.]
275,[14.]
276,[16.]
277,[21.]
278,[19.]
279,[17.]
280,[14.]
281,[13.]
282,[9.]
283,[16.]
284,[17.]
285,[10.]
286,[20.]
287,[12.]
288,[16.]
289,[11.]
290,[8.]
291,[8.]
292,[11.]
293,[5.]
294,[14.]
295,[17.]
296,[17.]
297,[10.]
298,[8.]
299,[13.]
300,[13.]
301,[8.]
302,[13.]
303,[14.]
304,[13.]
305,[15.]
306,[18.]
307,[12.]
308,[17.]
309,[13.]
310,[18.]
311,[12.]
312,[10.]
313,[16.]
314,[14.]
315,[15.]
316,[15.]
317,[11.]
318,[19.]
319,[18.]
320,[10.]
321,[11.]
322,[18.]
323,[18.]
324,[19.]
325,[13.]
326,[16.]
327,[18.]
328,[11.]
329,[17.]
330,[20.]
331,[12.]
332,[14.]
333,[5.]
334,[11.]
335,[9.]
336,[16.]
337,[24.]
338,[15.]
339,[17.]
340,[15.]
341,[12.]
342,[9.]
343,[10.]
344,[15.]
345,[9.]
346,[13.]
347,[13.]
348,[13.]
349,[15.]
350,[18.]
351,[9.]
352,[10.]
353,[14.]
354,[9.]
355,[20.]
356,[10.]
357,[18.]
358,[15.]
359,[15.]
360,[10.]
361,[12.]
362,[13.]
363,[13.]
364,[17.]
365,[12.]
366,[13.]
367,[13.]
368,[10.]
369,[15.]
370,[13.]
371,[13.]
372,[10.]
373,[16.]
374,[12.]
375,[10.]
376,[13.]
377,[7.]
378,[14.]
379,[14.]
380,[16.]
381,[16.]
382,[17.]
383,[7.]
384,[16.]
385,[16.]
386,[12.]
387,[8.]
388,[14.]
389,[7.]
390,[16.]
391,[18.]
392,[18.]
393,[20.]
394,[16.]
395,[15.]
396,[12.]
397,[20.]
398,[5.]
399,[14.]
400,[15.]
401,[8.]
402,[10.]
403,[17.]
404,[10.]
405,[16.]
406,[7.]
407,[11.]
408,[6.]
409,[17.]
410,[19.]
411,[19.]
412,[12.]
413,[11.]
414,[17.]
415,[15.]
416,[14.]
417,[19.]
418,[18.]
419,[18.]
420,[14.]
421,[15.]
422,[16.]
423,[16.]
424,[18.]
425,[14.]
426,[16.]
427,[13.]
428,[11.]
429,[14.]
430,[22.]
431,[15.]
432,[16.]
433,[11.]
434,[12.]
435,[18.]
436,[11.]
437,[19.]
438,[15.]
439,[13.]
440,[11.]
441,[18.]
442,[17.]
443,[13.]
444,[14.]
445,[18.]
446,[16.]
447,[9.]
448,[14.]
449,[17.]
450,[9.]
451,[16.]
452,[6.]
453,[10.]
454,[19.]
455,[13.]
456,[8.]
457,[18.]
458,[7.]
459,[6.]
460,[18.]
461,[10.]
462,[15.]
463,[12.]
464,[15.]
465,[17.]
466,[15.]
467,[9.]
468,[9.]
469,[9.]
470,[10.]
471,[12.]
472,[10.]
473,[12.]
474,[8.]
475,[15.]
476,[17.]
477,[14.]
478,[20.]
479,[11.]
480,[18.]
481,[19.]
482,[14.]
483,[17.]
484,[14.]
485,[11.]
486,[17.]
487,[9.]
488,[12.]
489,[18.]
490,[12.]
491,[7.]
492,[14.]
493,[19.]
494,[18.]
495,[18.]
496,[16.]
497,[12.]
498,[10.]
499,[6.]
500,[12.]
501,[17.]
502,[9.]
503,[13.]
504,[17.]
505,[19.]
506,[18.]
507,[18.]
508,[21.]
509,[10.]
510,[13.]
511,[11.]
512,[11.]
513,[10.]
514,[12.]
515,[12.]
516,[4.]
517,[11.]
518,[14.]
519,[12.]
520,[8.]
521,[18.]
522,[11.]
523,[18.]
524,[15.]
525,[10.]
526,[8.]
527,[17.]
528,[14.]
529,[16.]
530,[10.]
531,[7.]
532,[10.]
533,[11.]
534,[8.]
535,[17.]
536,[14.]
537,[20.]
538,[18.]
539,[11.]
540,[13.]
541,[7.]
542,[12.]
543,[14.]
544,[18.]
545,[11.]
546,[17.]
547,[12.]
548,[15.]
549,[11.]
550,[17.]
551,[18.]
552,[14.]
553,[12.]
554,[17.]
555,[15.]
556,[17.]
557,[17.]
558,[17.]
559,[10.]
560,[17.]
561,[10.]
562,[12.]
563,[18.]
564,[7.]
565,[14.]
566,[15.]
567,[20.]
568,[8.]
569,[14.]
570,[17.]
571,[13.]
572,[17.]
573,[14.]
574,[13.]
575,[17.]
576,[13.]
577,[18.]
578,[15.]
579,[9.]
580,[12.]
581,[12.]
582,[11.]
583,[9.]
584,[15.]
585,[17.]
586,[19.]
587,[11.]
588,[17.]
589,[15.]
590,[11.]
591,[15.]
592,[16.]
593,[16.]
594,[18.]
595,[13.]
596,[13.]
597,[11.]
598,[18.]
599,[15.]
600,[10.]
601,[12.]
602,[4.]
603,[14.]
604,[10.]
605,[16.]
606,[17.]
607,[15.]
608,[16.]
609,[11.]
610,[15.]
611,[9.]
612,[15.]
613,[13.]
614,[16.]
615,[11.]
616,[12.]
617,[17.]
618,[9.]
619,[7.]
620,[12.]
621,[14.]
622,[12.]
623,[13.]
624,[9.]
625,[10.]
626,[9.]
627,[17.]
628,[16.]
629,[11.]
630,[17.]
631,[17.]
632,[12.]
633,[14.]
634,[15.]
635,[6.]
636,[16.]
637,[18.]
638,[17.]
639,[13.]
640,[13.]
641,[12.]
642,[16.]
643,[14.]
644,[18.]
645,[17.]
646,[13.]
647,[9.]
648,[12.]
649,[15.]
650,[16.]
651,[8.]
652,[18.]
653,[10.]
654,[9.]
655,[18.]
656,[7.]
657,[13.]
658,[8.]
659,[20.]
660,[9.]
661,[18.]
662,[13.]
663,[11.]
664,[11.]
665,[16.]
666,[11.]
667,[19.]
668,[18.]
669,[13.]
670,[14.]
671,[19.]
672,[18.]
673,[14.]
674,[20.]
675,[10.]
676,[18.]
677,[12.]
678,[10.]
679,[13.]
680,[11.]
681,[19.]
682,[20.]
683,[11.]
684,[10.]
685,[14.]
686,[6.]
687,[9.]
688,[13.]
689,[16.]
690,[14.]
691,[19.]
692,[12.]
693,[13.]
694,[11.]
695,[15.]
696,[13.]
697,[14.]
698,[17.]
699,[12.]
700,[15.]
701,[9.]
702,[17.]
703,[15.]
704,[14.]
705,[19.]
706,[9.]
707,[8.]
708,[14.]
709,[22.]
710,[13.]
711,[16.]
712,[15.]
713,[15.]
714,[17.]
715,[13.]
716,[15.]
717,[12.]
718,[18.]
719,[9.]
720,[10.]
721,[9.]
722,[14.]
723,[13.]
724,[8.]
725,[17.]
726,[10.]
727,[19.]
728,[12.]
729,[14.]
730,[7.]
731,[20.]
732,[19.]
733,[12.]
734,[11.]
735,[18.]
736,[17.]
737,[9.]
738,[12.]
739,[13.]
740,[14.]
741,[14.]
742,[8.]
743,[10.]
744,[15.]
745,[6.]
746,[15.]
747,[7.]
748,[17.]
749,[11.]
750,[12.]
751,[10.]
752,[18.]
753,[18.]
754,[15.]
755,[18.]
756,[11.]
757,[19.]
758,[19.]
759,[16.]
760,[13.]
761,[11.]
762,[13.]
763,[10.]
764,[14.]
765,[11.]
766,[11.]
767,[23.]
768,[10.]
769,[14.]
770,[13.]
771,[15.]
772,[17.]
773,[10.]
774,[16.]
775,[9.]
776,[8.]
777,[13.]
778,[12.]
779,[12.]
780,[16.]
781,[15.]
782,[20.]
783,[11.]
784,[10.]
785,[16.]
786,[14.]
787,[10.]
788,[20.]
789,[8.]
790,[13.]
791,[6.]
792,[15.]
793,[14.]
794,[19.]
795,[10.]
796,[10.]
797,[8.]
798,[19.]
799,[14.]
800,[18.]
801,[7.]
802,[9.]
803,[6.]
804,[19.]
805,[15.]
806,[18.]
807,[8.]
808,[8.]
809,[10.]
810,[9.]
811,[15.]
812,[11.]
813,[6.]
814,[14.]
815,[13.]
816,[16.]
817,[9.]
818,[8.]
819,[20.]
820,[11.]
821,[9.]
822,[19.]
823,[9.]
824,[12.]
825,[13.]
826,[11.]
827,[9.]
828,[13.]
829,[13.]
830,[13.]
831,[15.]
832,[16.]
833,[11.]
834,[10.]
835,[12.]
836,[13.]
837,[14.]
838,[18.]
839,[12.]
840,[18.]
841,[16.]
842,[10.]
843,[13.]
844,[18.]
845,[15.]
846,[18.]
847,[17.]
848,[12.]
849,[17.]
850,[17.]
851,[14.]
852,[15.]
853,[11.]
854,[14.]
855,[7.]
856,[15.]
857,[10.]
858,[22.]
859,[12.]
860,[16.]
861,[14.]
862,[8.]
863,[6.]
864,[10.]
865,[9.]
866,[15.]
867,[12.]
868,[10.]
869,[14.]
870,[11.]
871,[11.]
872,[11.]
873,[9.]
874,[12.]
875,[15.]
876,[9.]
877,[15.]
878,[17.]
879,[14.]
880,[13.]
881,[7.]
882,[9.]
883,[14.]
884,[11.]
885,[17.]
886,[16.]
887,[19.]
888,[17.]
889,[13.]
890,[8.]
891,[19.]
892,[18.]
893,[15.]
894,[17.]
895,[17.]
896,[13.]
897,[7.]
898,[17.]
899,[19.]
900,[8.]
901,[14.]
902,[18.]
903,[8.]
904,[12.]
905,[11.]
906,[18.]
907,[9.]
908,[12.]
909,[6.]
910,[12.]
911,[10.]
912,[13.]
913,[7.]
914,[12.]
915,[11.]
916,[17.]
917,[13.]
918,[11.]
919,[12.]
920,[8.]
921,[11.]
922,[19.]
923,[13.]
924,[12.]
925,[18.]
926,[9.]
927,[11.]
928,[13.]
929,[19.]
930,[18.]
931,[12.]
932,[15.]
933,[18.]
934,[15.]
935,[12.]
936,[17.]
937,[11.]
938,[12.]
939,[14.]
940,[18.]
941,[18.]
942,[5.]
943,[13.]
944,[13.]
945,[10.]
946,[17.]
947,[14.]
948,[12.]
949,[13.]
950,[15.]
951,[10.]
952,[14.]
953,[13.]
954,[18.]
955,[16.]
956,[15.]
957,[17.]
958,[14.]
959,[11.]
960,[11.]
961,[18.]
962,[14.]
963,[15.]
964,[9.]
965,[8.]
966,[21.]
967,[18.]
968,[9.]
969,[11.]
970,[14.]
971,[13.]
972,[11.]
973,[15.]
974,[17.]
975,[16.]
976,[16.]
977,[8.]
978,[11.]
979,[13.]
980,[11.]
981,[14.]
982,[9.]
983,[16.]
984,[19.]
985,[7.]
986,[10.]
987,[11.]
988,[16.]
989,[12.]
990,[16.]
991,[17.]
992,[17.]
993,[7.]
994,[17.]
995,[8.]
996,[17.]
997,[15.]
998,[14.]
999,[11.]
1000,[11.]
1001,[11.]
1002,[16.]
1003,[10.]
1004,[19.]
1005,[14.]
1006,[18.]
1007,[12.]
1008,[7.]
1009,[16.]
1010,[9.]
1011,[11.]
1012,[16.]
1013,[15.]
1014,[17.]
1015,[18.]
1016,[13.]
1017,[16.]
1018,[16.]
1019,[17.]
1020,[16.]
1021,[12.]
1022,[18.]
1023,[10.]
1024,[6.]
1025,[10.]
1026,[16.]
1027,[14.]
1028,[16.]
1029,[12.]
1030,[6.]
1031,[14.]
1032,[7.]
1033,[15.]
1034,[16.]
1035,[14.]
1036,[17.]
1037,[13.]
1038,[11.]
1039,[15.]
1040,[17.]
1041,[15.]
1042,[6.]
1043,[15.]
1044,[13.]
1045,[16.]
1046,[9.]
1047,[16.]
1048,[15.]
1049,[15.]
1050,[14.]
1051,[13.]
1052,[8.]
1053,[18.]
1054,[13.]
1055,[11.]
1056,[7.]
1057,[15.]
1058,[9.]
1059,[16.]
1060,[16.]
1061,[11.]
1062,[6.]
1063,[17.]
1064,[12.]
1065,[15.]
1066,[9.]
1067,[18.]
1068,[15.]
1069,[7.]
1070,[12.]
1071,[11.]
1072,[14.]
1073,[14.]
1074,[18.]
1075,[8.]
1076,[11.]
1077,[17.]
1078,[18.]
1079,[13.]
1080,[14.]
1081,[10.]
1082,[11.]
1083,[17.]
1084,[11.]
1085,[9.]
1086,[18.]
1087,[17.]
1088,[9.]
1089,[17.]
1090,[11.]
1091,[15.]
1092,[14.]
1093,[11.]
1094,[12.]
1095,[12.]
1096,[17.]
1097,[13.]
1098,[14.]
1099,[7.]
1100,[11.]
1101,[16.]
1102,[11.]
1103,[16.]
1104,[19.]
1105,[11.]
1106,[15.]
1107,[8.]
1108,[16.]
1109,[10.]
1110,[6.]
1111,[14.]
1112,[15.]
1113,[14.]
1114,[17.]
1115,[17.]
1116,[9.]
1117,[10.]
1118,[11.]
1119,[15.]
1120,[20.]
1121,[9.]
1122,[15.]
1123,[16.]
1124,[17.]
1125,[16.]
1126,[18.]
1127,[8.]
1128,[17.]
1129,[17.]
1130,[17.]
1131,[12.]
1132,[16.]
1133,[12.]
1134,[18.]
1135,[15.]
1136,[13.]
1137,[14.]
1138,[11.]
1139,[16.]
1140,[7.]
1141,[20.]
1142,[17.]
1143,[15.]
1144,[10.]
1145,[6.]
1146,[13.]
1147,[14.]
1148,[8.]
1149,[16.]
1150,[12.]
1151,[8.]
1152,[15.]
1153,[14.]
1154,[10.]
1155,[10.]
1156,[13.]
1157,[11.]
1158,[17.]
1159,[16.]
1160,[12.]
1161,[12.]
1162,[9.]
1163,[18.]
1164,[13.]
1165,[11.]
1166,[14.]
1167,[10.]
1168,[17.]
1169,[11.]
1170,[12.]
1171,[10.]
1172,[15.]
1173,[14.]
1174,[12.]
1175,[8.]
1176,[17.]
1177,[16.]
1178,[16.]
1179,[8.]
1180,[11.]
1181,[13.]
1182,[12.]
1183,[18.]
1184,[11.]
1185,[17.]
1186,[7.]
1187,[18.]
1188,[11.]
1189,[12.]
1190,[17.]
1191,[10.]
1192,[8.]
1193,[17.]
1194,[13.]
1195,[17.]
1196,[22.]
1197,[12.]
1198,[18.]
1199,[17.]
1200,[15.]
1201,[13.]
1202,[14.]
1203,[11.]
1204,[13.]
1205,[13.]
1206,[10.]
1207,[18.]
1208,[16.]
1209,[9.]
1210,[11.]
1211,[16.]
1212,[21.]
1213,[20.]
1214,[16.]
1215,[13.]
1216,[9.]
1217,[18.]
1218,[16.]
1219,[19.]
1220,[14.]
1221,[12.]
1222,[14.]
1223,[11.]
1224,[7.]
1225,[13.]
1226,[20.]
1227,[16.]
1228,[18.]
1229,[20.]
1230,[16.]
1231,[10.]
1232,[14.]
1233,[12.]
1234,[18.]
1235,[10.]
1236,[14.]
1237,[15.]
1238,[18.]
1239,[9.]
1240,[16.]
1241,[12.]
1242,[16.]
1243,[15.]
1244,[18.]
1245,[11.]
1246,[12.]
1247,[18.]
1248,[12.]
1249,[20.]
1250,[16.]
1251,[16.]
1252,[15.]
1253,[14.]
1254,[17.]
1255,[15.]
1256,[18.]
1257,[9.]
1258,[15.]
1259,[11.]
1260,[14.]
1261,[17.]
1262,[17.]
1263,[15.]
1264,[20.]
1265,[15.]
1266,[19.]
1267,[14.]
1268,[17.]
1269,[15.]
1270,[14.]
1271,[11.]
1272,[19.]
1273,[15.]
1274,[10.]
1275,[10.]
1276,[20.]
1277,[16.]
1278,[16.]
1279,[18.]
1280,[14.]
1281,[18.]
1282,[13.]
1283,[16.]
1284,[8.]
1285,[13.]
1286,[8.]
1287,[18.]
1288,[15.]
1289,[18.]
1290,[12.]
1291,[18.]
1292,[9.]
1293,[14.]
1294,[16.]
1295,[14.]
1296,[14.]
1297,[15.]
1298,[10.]
1299,[14.]
1300,[18.]
1301,[14.]
1302,[16.]
1303,[10.]
1304,[11.]
1305,[11.]
1306,[14.]
1307,[12.]
1308,[15.]
1309,[10.]
1310,[10.]
1311,[10.]
1312,[15.]
1313,[8.]
1314,[14.]
1315,[10.]
1316,[12.]
1317,[14.]
1318,[13.]
1319,[11.]
1320,[9.]
1321,[17.]
1322,[19.]
1323,[13.]
1324,[10.]
1325,[9.]
1326,[16.]
1327,[11.]
1328,[12.]
1329,[12.]
1330,[12.]
1331,[18.]
1332,[15.]
1333,[15.]
1334,[16.]
1335,[18.]
1336,[13.]
1337,[11.]
1338,[15.]
1339,[13.]
1340,[9.]
1341,[21.]
1342,[8.]
1343,[15.]
1344,[17.]
1345,[18.]
1346,[13.]
1347,[8.]
1348,[14.]
1349,[11.]
1350,[18.]
1351,[15.]
1352,[17.]
1353,[12.]
1354,[6.]
1355,[9.]
1356,[11.]
1357,[8.]
1358,[14.]
1359,[11.]
1360,[17.]
1361,[10.]
1362,[14.]
1363,[9.]
1364,[10.]
1365,[12.]
1366,[18.]
1367,[10.]
1368,[13.]
1369,[15.]
1370,[11.]
1371,[12.]
1372,[17.]
1373,[20.]
1374,[16.]
1375,[9.]
1376,[12.]
1377,[20.]
1378,[11.]
1379,[7.]
1380,[12.]
1381,[14.]
1382,[13.]
1383,[14.]
1384,[9.]
1385,[13.]
1386,[13.]
1387,[17.]
1388,[12.]
1389,[17.]
1390,[17.]
1391,[7.]
1392,[15.]
1393,[19.]
1394,[8.]
1395,[17.]
1396,[11.]
1397,[16.]
1398,[16.]
1399,[11.]
1400,[13.]
1401,[10.]
1402,[10.]
1403,[12.]
1404,[13.]
1405,[9.]
1406,[14.]
1407,[14.]
1408,[15.]
1409,[13.]
1410,[20.]
1411,[14.]
1412,[11.]
1413,[16.]
1414,[13.]
1415,[18.]
1416,[13.]
1417,[11.]
1418,[11.]
1419,[15.]
1420,[21.]
1421,[12.]
1422,[14.]
1423,[13.]
1424,[6.]
1425,[16.]
1426,[9.]
1427,[19.]
1428,[14.]
1429,[11.]
1430,[15.]
1431,[18.]
1432,[19.]
1433,[13.]
1434,[9.]
1435,[12.]
1436,[9.]
1437,[18.]
1438,[15.]
1439,[9.]
1440,[17.]
1441,[10.]
1442,[16.]
1443,[18.]
1444,[13.]
1445,[17.]
1446,[11.]
1447,[12.]
1448,[15.]
1449,[15.]
1450,[18.]
1451,[13.]
1452,[12.]
1453,[12.]
1454,[10.]
1455,[12.]
1456,[18.]
1457,[16.]
1458,[17.]
1459,[17.]
1460,[16.]
1461,[14.]
1462,[15.]
1463,[10.]
1464,[19.]
1465,[18.]
1466,[17.]
1467,[19.]
1468,[10.]
1469,[8.]
1470,[7.]
1471,[15.]
1472,[17.]
1473,[15.]
1474,[12.]
1475,[9.]
1476,[13.]
1477,[16.]
1478,[16.]
1479,[12.]
1480,[17.]
1481,[11.]
1482,[8.]
1483,[14.]
1484,[10.]
1485,[17.]
1486,[15.]
1487,[10.]
1488,[8.]
1489,[15.]
1490,[13.]
1491,[14.]
1492,[11.]
1493,[13.]
1494,[13.]
1495,[18.]
1496,[14.]
1497,[18.]
1498,[15.]
1499,[14.]
1500,[14.]
1501,[14.]
1502,[17.]
1503,[11.]
1504,[15.]
1505,[7.]
1506,[7.]
1507,[9.]
1508,[14.]
1509,[13.]
1510,[7.]
1511,[10.]
1512,[14.]
1513,[9.]
1514,[14.]
1515,[9.]
1516,[14.]
1517,[17.]
1518,[14.]
1519,[12.]
1520,[12.]
1521,[17.]
1522,[14.]
1523,[8.]
1524,[15.]
1525,[18.]
1526,[19.]
1527,[13.]
1528,[9.]
1529,[7.]
1530,[19.]
1531,[12.]
1532,[16.]
1533,[10.]
1534,[7.]
1535,[17.]
1536,[12.]
1537,[12.]
1538,[9.]
1539,[13.]
1540,[16.]
1541,[12.]
1542,[19.]
1543,[21.]
1544,[17.]
1545,[9.]
1546,[17.]
1547,[10.]
1548,[18.]
1549,[17.]
1550,[11.]
1551,[12.]
1552,[15.]
1553,[14.]
1554,[17.]
1555,[14.]
1556,[8.]
1557,[11.]
1558,[16.]
1559,[11.]
1560,[9.]
1561,[11.]
1562,[22.]
1563,[12.]
1564,[14.]
1565,[15.]
1566,[15.]
1567,[16.]
1568,[16.]
1569,[10.]
1570,[10.]
1571,[11.]
1572,[15.]
1573,[8.]
1574,[12.]
1575,[16.]
1576,[12.]
1577,[15.]
1578,[15.]
1579,[10.]
1580,[8.]
1581,[12.]
1582,[11.]
1583,[16.]
1584,[17.]
1585,[20.]
1586,[19.]
1587,[4.]
1588,[11.]
1589,[8.]
1590,[16.]
1591,[14.]
1592,[10.]
1593,[14.]
1594,[11.]
1595,[11.]
1596,[10.]
1597,[20.]
1598,[20.]
1599,[12.]
1600,[13.]
1601,[6.]
1602,[17.]
1603,[15.]
1604,[13.]
1605,[21.]
1606,[13.]
1607,[17.]
1608,[13.]
1609,[12.]
1610,[10.]
1611,[18.]
1612,[18.]
1613,[13.]
1614,[10.]
1615,[12.]
1616,[11.]
1617,[18.]
1618,[13.]
1619,[15.]
1620,[12.]
1621,[7.]
1622,[10.]
1623,[18.]
1624,[13.]
1625,[12.]
1626,[16.]
1627,[7.]
1628,[19.]
1629,[22.]
1630,[15.]
1631,[17.]
1632,[5.]
1633,[14.]
1634,[16.]
1635,[16.]
1636,[19.]
1637,[18.]
1638,[11.]
1639,[14.]
1640,[9.]
1641,[14.]
1642,[17.]
1643,[13.]
1644,[9.]
1645,[15.]
1646,[12.]
1647,[12.]
1648,[19.]
1649,[11.]
1650,[15.]
1651,[12.]
1652,[7.]
1653,[18.]
1654,[17.]
1655,[13.]
1656,[8.]
1657,[15.]
1658,[8.]
1659,[8.]
1660,[16.]
1661,[17.]
1662,[14.]
1663,[17.]
1664,[19.]
1665,[8.]
1666,[15.]
1667,[12.]
1668,[9.]
1669,[11.]
1670,[15.]
1671,[10.]
1672,[15.]
1673,[15.]
1674,[17.]
1675,[10.]
1676,[19.]
1677,[9.]
1678,[13.]
1679,[16.]
1680,[17.]
1681,[16.]
1682,[10.]
1683,[14.]
1684,[18.]
1685,[17.]
1686,[13.]
1687,[18.]
1688,[14.]
1689,[18.]
1690,[15.]
1691,[19.]
1692,[16.]
1693,[12.]
1694,[13.]
1695,[10.]
1696,[18.]
1697,[18.]
1698,[15.]
1699,[10.]
1700,[14.]
1701,[18.]
1702,[17.]
1703,[10.]
1704,[11.]
1705,[15.]
1706,[18.]
1707,[14.]
1708,[7.]
1709,[6.]
1710,[14.]
1711,[10.]
1712,[8.]
1713,[9.]
1714,[13.]
1715,[18.]
1716,[15.]
1717,[13.]
1718,[8.]
1719,[7.]
1720,[12.]
1721,[11.]
1722,[15.]
1723,[12.]
1724,[17.]
1725,[5.]
1726,[14.]
1727,[13.]
1728,[16.]
1729,[17.]
1730,[16.]
1731,[16.]
1732,[8.]
1733,[8.]
1734,[18.]
1735,[18.]
1736,[13.]
1737,[12.]
1738,[15.]
1739,[12.]
1740,[8.]
1741,[17.]
1742,[20.]
1743,[8.]
1744,[15.]
1745,[14.]
1746,[15.]
1747,[8.]
1748,[10.]
1749,[19.]
1750,[12.]
1751,[15.]
1752,[19.]
1753,[19.]
1754,[16.]
1755,[17.]
1756,[16.]
1757,[10.]
1758,[19.]
1759,[18.]
1760,[14.]
1761,[13.]
1762,[11.]
1763,[13.]
1764,[15.]
1765,[16.]
1766,[16.]
1767,[8.]
1768,[11.]
1769,[7.]
1770,[13.]
1771,[13.]
1772,[15.]
1773,[12.]
1774,[7.]
1775,[19.]
1776,[16.]
1777,[14.]
1778,[15.]
1779,[11.]
1780,[10.]
1781,[16.]
1782,[7.]
1783,[18.]
1784,[20.]
1785,[13.]
1786,[18.]
1787,[13.]
1788,[14.]
1789,[18.]
1790,[14.]
1791,[13.]
1792,[17.]
1793,[17.]
1794,[12.]
1795,[13.]
1796,[16.]
1797,[9.]
1798,[21.]
1799,[10.]
1800,[11.]
1801,[10.]
1802,[15.]
1803,[14.]
1804,[14.]
1805,[7.]
1806,[19.]
1807,[13.]
1808,[14.]
1809,[12.]
1810,[13.]
1811,[16.]
1812,[17.]
1813,[20.]
1814,[9.]
1815,[5.]
1816,[10.]
1817,[14.]
1818,[15.]
1819,[16.]
1820,[12.]
1821,[9.]
1822,[17.]
1823,[11.]
1824,[16.]
1825,[17.]
1826,[16.]
1827,[14.]
1828,[9.]
1829,[15.]
1830,[15.]
1831,[14.]
1832,[8.]
1833,[15.]
1834,[10.]
1835,[14.]
1836,[11.]
1837,[15.]
1838,[15.]
1839,[10.]
1840,[20.]
1841,[14.]
1842,[17.]
1843,[11.]
1844,[10.]
1845,[9.]
1846,[14.]
1847,[12.]
1848,[11.]
1849,[21.]
1850,[15.]
1851,[17.]
1852,[14.]
1853,[7.]
1854,[14.]
1855,[14.]
1856,[16.]
1857,[16.]
1858,[18.]
1859,[15.]
1860,[14.]
1861,[14.]
1862,[18.]
1863,[7.]
1864,[12.]
1865,[8.]
1866,[8.]
1867,[19.]
1868,[13.]
1869,[12.]
1870,[8.]
1871,[15.]
1872,[12.]
1873,[13.]
1874,[10.]
1875,[17.]
1876,[13.]
1877,[9.]
1878,[13.]
1879,[15.]
1880,[11.]
1881,[12.]
1882,[14.]
1883,[6.]
1884,[10.]
1885,[16.]
1886,[6.]
1887,[17.]
1888,[18.]
1889,[13.]
1890,[13.]
1891,[14.]
1892,[14.]
1893,[18.]
1894,[18.]
1895,[9.]
1896,[15.]
1897,[14.]
1898,[12.]
1899,[18.]
1900,[7.]
1901,[15.]
1902,[13.]
1903,[12.]
1904,[13.]
1905,[7.]
1906,[13.]
1907,[13.]
1908,[13.]
1909,[18.]
1910,[5.]
1911,[16.]
1912,[12.]
1913,[17.]
1914,[15.]
1915,[10.]
1916,[10.]
1917,[13.]
1918,[15.]
1919,[15.]
1920,[18.]
1921,[15.]
1922,[13.]
1923,[9.]
1924,[11.]
1925,[15.]
1926,[18.]
1927,[14.]
1928,[11.]
1929,[8.]
1930,[18.]
1931,[14.]
1932,[12.]
1933,[8.]
1934,[14.]
1935,[18.]
1936,[7.]
1937,[13.]
1938,[16.]
1939,[11.]
1940,[21.]
1941,[12.]
1942,[11.]
1943,[11.]
1944,[14.]
1945,[13.]
1946,[17.]
1947,[10.]
1948,[16.]
1949,[18.]
1950,[17.]
1951,[14.]
1952,[16.]
1953,[17.]
1954,[13.]
1955,[17.]
1956,[15.]
1957,[14.]
1958,[18.]
1959,[11.]
1960,[14.]
1961,[14.]
1962,[12.]
1963,[18.]
1964,[9.]
1965,[8.]
1966,[16.]
1967,[8.]
1968,[13.]
1969,[13.]
1970,[16.]
1971,[16.]
1972,[9.]
1973,[18.]
1974,[11.]
1975,[11.]
1976,[6.]
1977,[16.]
1978,[11.]
1979,[11.]
1980,[11.]
1981,[13.]
1982,[13.]
1983,[17.]
1984,[15.]
1985,[19.]
1986,[14.]
1987,[13.]
1988,[16.]
1989,[14.]
1990,[10.]
1991,[19.]
1992,[9.]
1993,[12.]
1994,[18.]
1995,[10.]
1996,[18.]
1997,[5.]
1998,[13.]
1999,[16.]
2000,[13.]
2001,[10.]
2002,[5.]
2003,[15.]
2004,[16.]
2005,[17.]
2006,[16.]
2007,[10.]
2008,[17.]
2009,[9.]
2010,[9.]
2011,[10.]
2012,[11.]
2013,[8.]
2014,[13.]
2015,[17.]
2016,[13.]
2017,[15.]
2018,[17.]
2019,[10.]
2020,[17.]
2021,[11.]
2022,[14.]
2023,[9.]
2024,[19.]
2025,[15.]
2026,[15.]
2027,[12.]
2028,[18.]
2029,[14.]
2030,[13.]
2031,[14.]
2032,[10.]
2033,[13.]
2034,[11.]
2035,[6.]
2036,[14.]
2037,[15.]
2038,[15.]
2039,[7.]
2040,[17.]
2041,[15.]
2042,[13.]
2043,[15.]
2044,[9.]
2045,[16.]
2046,[13.]
2047,[18.]
2048,[13.]
2049,[12.]
2050,[19.]
2051,[13.]
2052,[12.]
2053,[10.]
2054,[11.]
2055,[13.]
2056,[13.]
2057,[15.]
2058,[17.]
2059,[18.]
2060,[10.]
2061,[17.]
2062,[15.]
2063,[10.]
2064,[19.]
2065,[11.]
2066,[14.]
2067,[18.]
2068,[17.]
2069,[18.]
2070,[14.]
2071,[9.]
2072,[11.]
2073,[8.]
2074,[11.]
2075,[11.]
2076,[18.]
2077,[17.]
2078,[16.]
2079,[9.]
2080,[12.]
2081,[13.]
2082,[19.]
2083,[11.]
2084,[17.]
2085,[17.]
2086,[19.]
2087,[15.]
2088,[11.]
2089,[18.]
2090,[15.]
2091,[16.]
2092,[16.]
2093,[20.]
2094,[14.]
2095,[7.]
2096,[14.]
2097,[18.]
2098,[15.]
2099,[16.]
2100,[9.]
2101,[13.]
2102,[15.]
2103,[16.]
2104,[15.]
2105,[8.]
2106,[17.]
2107,[15.]
2108,[11.]
2109,[12.]
2110,[10.]
2111,[16.]
2112,[11.]
2113,[10.]
2114,[14.]
2115,[7.]
2116,[13.]
2117,[7.]
2118,[6.]
2119,[8.]
2120,[12.]
2121,[15.]
2122,[17.]
2123,[18.]
2124,[17.]
2125,[18.]
2126,[19.]
2127,[10.]
2128,[15.]
2129,[15.]
2130,[19.]
2131,[18.]
2132,[16.]
2133,[12.]
2134,[11.]
2135,[11.]
2136,[14.]
2137,[14.]
2138,[20.]
2139,[13.]
2140,[13.]
2141,[14.]
2142,[17.]
2143,[7.]
2144,[14.]
2145,[16.]
2146,[10.]
2147,[12.]
2148,[15.]
2149,[17.]
2150,[13.]
2151,[12.]
2152,[8.]
2153,[9.]
2154,[12.]
2155,[15.]
2156,[15.]
2157,[8.]
2158,[11.]
2159,[15.]
2160,[12.]
2161,[15.]
2162,[10.]
2163,[15.]
2164,[12.]
2165,[20.]
2166,[19.]
2167,[16.]
2168,[16.]
2169,[6.]
2170,[19.]
2171,[15.]
2172,[19.]
2173,[12.]
2174,[7.]
2175,[14.]
2176,[8.]
2177,[11.]
2178,[16.]
2179,[14.]
2180,[6.]
2181,[14.]
2182,[18.]
2183,[17.]
2184,[13.]
2185,[11.]
2186,[11.]
2187,[14.]
2188,[12.]
2189,[9.]
2190,[15.]
2191,[20.]
2192,[10.]
2193,[11.]
2194,[16.]
2195,[11.]
2196,[14.]
2197,[10.]
2198,[15.]
2199,[20.]
2200,[18.]
2201,[12.]
2202,[8.]
2203,[20.]
2204,[9.]
2205,[11.]
2206,[12.]
2207,[16.]
2208,[9.]
2209,[11.]
2210,[10.]
2211,[12.]
2212,[10.]
2213,[11.]
2214,[16.]
2215,[14.]
2216,[10.]
2217,[19.]
2218,[13.]
2219,[11.]
2220,[15.]
2221,[9.]
2222,[15.]
2223,[16.]
2224,[10.]
2225,[12.]
2226,[9.]
2227,[18.]
2228,[18.]
2229,[15.]
2230,[21.]
2231,[11.]
2232,[15.]
2233,[11.]
2234,[16.]
2235,[15.]
2236,[16.]
2237,[10.]
2238,[6.]
2239,[13.]
2240,[11.]
2241,[19.]
2242,[11.]
2243,[17.]
2244,[17.]
2245,[11.]
2246,[11.]
2247,[6.]
2248,[15.]
2249,[11.]
2250,[14.]
2251,[17.]
2252,[13.]
2253,[15.]
2254,[17.]
2255,[13.]
2256,[10.]
2257,[16.]
2258,[10.]
2259,[16.]
2260,[17.]
2261,[15.]
2262,[19.]
2263,[12.]
2264,[18.]
2265,[11.]
2266,[19.]
2267,[10.]
2268,[19.]
2269,[14.]
2270,[19.]
2271,[14.]
2272,[13.]
2273,[11.]
2274,[11.]
2275,[12.]
2276,[20.]
2277,[19.]
2278,[15.]
2279,[11.]
2280,[17.]
2281,[11.]
2282,[9.]
2283,[15.]
2284,[10.]
2285,[18.]
2286,[16.]
2287,[13.]
2288,[11.]
2289,[8.]
2290,[8.]
2291,[10.]
2292,[15.]
2293,[15.]
2294,[9.]
2295,[5.]
2296,[12.]
2297,[12.]
2298,[7.]
2299,[19.]
2300,[12.]
2301,[14.]
2302,[18.]
2303,[18.]
2304,[13.]
2305,[8.]
2306,[12.]
2307,[18.]
2308,[16.]
2309,[17.]
2310,[12.]
2311,[9.]
2312,[19.]
2313,[17.]
2314,[19.]
2315,[8.]
2316,[17.]
2317,[14.]
2318,[17.]
2319,[12.]
2320,[16.]
2321,[12.]
2322,[15.]
2323,[14.]
2324,[17.]
2325,[11.]
2326,[11.]
2327,[15.]
2328,[10.]
2329,[6.]
2330,[16.]
2331,[12.]
2332,[18.]
2333,[13.]
2334,[10.]
2335,[4.]
2336,[10.]
2337,[14.]
2338,[11.]
2339,[13.]
2340,[21.]
2341,[15.]
2342,[13.]
2343,[20.]
2344,[19.]
2345,[15.]
2346,[14.]
2347,[14.]
2348,[8.]
2349,[12.]
2350,[9.]
2351,[22.]
2352,[10.]
2353,[12.]
2354,[17.]
2355,[13.]
2356,[17.]
2357,[10.]
2358,[15.]
2359,[12.]
2360,[15.]
2361,[10.]
2362,[14.]
2363,[11.]
2364,[16.]
2365,[17.]
2366,[9.]
2367,[11.]
2368,[15.]
2369,[7.]
2370,[9.]
2371,[15.]
2372,[17.]
2373,[8.]
2374,[10.]
2375,[13.]
2376,[18.]
2377,[19.]
2378,[9.]
2379,[7.]
2380,[7.]
2381,[12.]
2382,[11.]
2383,[7.]
2384,[7.]
2385,[11.]
2386,[14.]
2387,[12.]
2388,[14.]
2389,[18.]
2390,[8.]
2391,[20.]
2392,[8.]
2393,[16.]
2394,[17.]
2395,[16.]
2396,[18.]
2397,[15.]
2398,[18.]
2399,[11.]
2400,[13.]
2401,[15.]
2402,[13.]
2403,[15.]
2404,[17.]
2405,[14.]
2406,[11.]
2407,[15.]
2408,[12.]
2409,[14.]
2410,[16.]
2411,[11.]
2412,[16.]
2413,[10.]
2414,[15.]
2415,[12.]
2416,[17.]
2417,[13.]
2418,[14.]
2419,[16.]
2420,[17.]
2421,[14.]
2422,[12.]
2423,[17.]
2424,[19.]
2425,[10.]
2426,[13.]
2427,[13.]
2428,[15.]
2429,[11.]
2430,[17.]
2431,[16.]
2432,[10.]
2433,[15.]
2434,[22.]
2435,[7.]
2436,[20.]
2437,[17.]
2438,[8.]
2439,[14.]
2440,[18.]
2441,[14.]
2442,[15.]
2443,[13.]
2444,[16.]
2445,[9.]
2446,[12.]
2447,[13.]
2448,[19.]
2449,[14.]
2450,[16.]
2451,[13.]
2452,[17.]
2453,[16.]
2454,[11.]
2455,[12.]
2456,[6.]
2457,[6.]
2458,[15.]
2459,[15.]
2460,[14.]
2461,[9.]
2462,[16.]
2463,[12.]
2464,[15.]
2465,[18.]
2466,[11.]
2467,[19.]
2468,[6.]
2469,[13.]
2470,[16.]
2471,[14.]
2472,[15.]
2473,[16.]
2474,[12.]
2475,[14.]
2476,[10.]
2477,[9.]
2478,[17.]
2479,[17.]
2480,[8.]
2481,[17.]
2482,[10.]
2483,[9.]
2484,[13.]
2485,[11.]
2486,[14.]
2487,[14.]
2488,[15.]
2489,[18.]
2490,[15.]
2491,[4.]
2492,[15.]
2493,[12.]
2494,[10.]
2495,[15.]
2496,[15.]
2497,[9.]
2498,[10.]
2499,[13.]
2500,[10.]
2501,[17.]
2502,[13.]
2503,[16.]
2504,[5.]
2505,[15.]
2506,[12.]
2507,[15.]
2508,[15.]
2509,[13.]
2510,[18.]
2511,[11.]
2512,[12.]
2513,[9.]
2514,[11.]
2515,[10.]
2516,[11.]
2517,[6.]
2518,[12.]
2519,[15.]
2520,[11.]
2521,[18.]
2522,[17.]
2523,[15.]
2524,[13.]
2525,[16.]
2526,[15.]
2527,[16.]
2528,[6.]
2529,[18.]
2530,[12.]
2531,[11.]
2532,[12.]
2533,[17.]
2534,[19.]
2535,[14.]
2536,[9.]
2537,[11.]
2538,[15.]
2539,[10.]
2540,[17.]
2541,[13.]
2542,[19.]
2543,[18.]
2544,[10.]
2545,[12.]
2546,[15.]
2547,[19.]
2548,[14.]
2549,[16.]
2550,[17.]
2551,[11.]
2552,[7.]
2553,[16.]
2554,[17.]
2555,[9.]
2556,[9.]
2557,[11.]
2558,[10.]
2559,[16.]
2560,[12.]
2561,[13.]
2562,[20.]
2563,[11.]
2564,[20.]
2565,[14.]
2566,[19.]
2567,[13.]
2568,[17.]
2569,[15.]
2570,[12.]
2571,[18.]
2572,[13.]
2573,[17.]
2574,[11.]
2575,[21.]
2576,[10.]
2577,[9.]
2578,[12.]
2579,[7.]
2580,[16.]
2581,[11.]
2582,[14.]
2583,[7.]
2584,[7.]
2585,[16.]
2586,[13.]
2587,[12.]
2588,[13.]
2589,[15.]
2590,[16.]
2591,[10.]
2592,[10.]
2593,[13.]
2594,[18.]
2595,[14.]
2596,[8.]
2597,[12.]
2598,[19.]
2599,[14.]
2600,[15.]
2601,[14.]
2602,[18.]
2603,[8.]
2604,[14.]
2605,[12.]
2606,[10.]
2607,[6.]
2608,[15.]
2609,[13.]
2610,[17.]
2611,[15.]
2612,[10.]
2613,[10.]
2614,[8.]
2615,[16.]
2616,[17.]
2617,[16.]
2618,[14.]
2619,[13.]
2620,[18.]
2621,[16.]
2622,[14.]
2623,[12.]
2624,[20.]
2625,[18.]
2626,[20.]
2627,[13.]
2628,[18.]
2629,[14.]
2630,[10.]
2631,[18.]
2632,[21.]
2633,[13.]
2634,[10.]
2635,[13.]
2636,[12.]
2637,[17.]
2638,[10.]
2639,[14.]
2640,[17.]
2641,[13.]
2642,[10.]
2643,[8.]
2644,[15.]
2645,[6.]
2646,[15.]
2647,[17.]
2648,[14.]
2649,[11.]
2650,[9.]
2651,[16.]
2652,[10.]
2653,[13.]
2654,[16.]
2655,[16.]
2656,[18.]
2657,[11.]
2658,[14.]
2659,[7.]
2660,[17.]
2661,[16.]
2662,[10.]
2663,[18.]
2664,[15.]
2665,[10.]
2666,[8.]
2667,[14.]
2668,[15.]
2669,[19.]
2670,[14.]
2671,[15.]
2672,[16.]
2673,[15.]
2674,[12.]
2675,[13.]
2676,[9.]
2677,[17.]
2678,[20.]
2679,[18.]
2680,[12.]
2681,[13.]
2682,[12.]
2683,[16.]
2684,[13.]
2685,[6.]
2686,[13.]
2687,[6.]
2688,[9.]
2689,[19.]
2690,[15.]
2691,[17.]
2692,[21.]
2693,[12.]
2694,[13.]
2695,[16.]
2696,[8.]
2697,[10.]
2698,[19.]
2699,[9.]
2700,[14.]
2701,[12.]
2702,[12.]
2703,[20.]
2704,[14.]
2705,[13.]
2706,[12.]
2707,[11.]
2708,[9.]
2709,[17.]
2710,[18.]
2711,[14.]
2712,[17.]
2713,[17.]
2714,[14.]
2715,[12.]
2716,[12.]
2717,[7.]
2718,[18.]
2719,[17.]
2720,[9.]
2721,[10.]
2722,[10.]
2723,[10.]
2724,[11.]
2725,[14.]
2726,[16.]
2727,[13.]
2728,[17.]
2729,[17.]
2730,[11.]
2731,[13.]
2732,[16.]
2733,[11.]
2734,[15.]
2735,[13.]
2736,[11.]
2737,[15.]
2738,[11.]
2739,[17.]
2740,[13.]
2741,[15.]
2742,[20.]
2743,[8.]
2744,[8.]
2745,[12.]
2746,[11.]
2747,[8.]
2748,[14.]
2749,[7.]
2750,[13.]
2751,[13.]
2752,[10.]
2753,[19.]
2754,[15.]
2755,[17.]
2756,[11.]
2757,[12.]
2758,[16.]
2759,[15.]
2760,[14.]
2761,[19.]
2762,[20.]
2763,[14.]
2764,[18.]
2765,[13.]
2766,[12.]
2767,[8.]
2768,[17.]
2769,[14.]
2770,[14.]
2771,[11.]
2772,[13.]
2773,[11.]
2774,[17.]
2775,[17.]
2776,[13.]
2777,[10.]
2778,[19.]
2779,[11.]
2780,[13.]
2781,[6.]
2782,[8.]
2783,[12.]
2784,[15.]
2785,[15.]
2786,[19.]
2787,[16.]
2788,[9.]
2789,[13.]
2790,[17.]
2791,[17.]
2792,[13.]
2793,[12.]
2794,[14.]
2795,[16.]
2796,[14.]
2797,[18.]
2798,[11.]
2799,[13.]
2800,[10.]
2801,[18.]
2802,[16.]
2803,[12.]
2804,[10.]
2805,[17.]
2806,[9.]
2807,[17.]
2808,[18.]
2809,[18.]
2810,[22.]
2811,[20.]
2812,[21.]
2813,[14.]
2814,[12.]
2815,[12.]
2816,[16.]
2817,[14.]
2818,[13.]
2819,[17.]
2820,[13.]
2821,[15.]
2822,[11.]
2823,[9.]
2824,[18.]
2825,[14.]
2826,[12.]
2827,[16.]
2828,[17.]
2829,[18.]
2830,[11.]
2831,[10.]
2832,[8.]
2833,[19.]
2834,[16.]
2835,[10.]
2836,[16.]
2837,[7.]
2838,[14.]
2839,[12.]
2840,[11.]
2841,[13.]
2842,[19.]
2843,[15.]
2844,[9.]
2845,[9.]
2846,[13.]
2847,[17.]
2848,[12.]
2849,[12.]
2850,[21.]
2851,[15.]
2852,[11.]
2853,[16.]
2854,[16.]
2855,[18.]
2856,[16.]
2857,[14.]
2858,[11.]
2859,[15.]
2860,[8.]
2861,[12.]
2862,[19.]
2863,[17.]
2864,[15.]
2865,[15.]
2866,[12.]
2867,[9.]
2868,[12.]
2869,[12.]
2870,[13.]
2871,[12.]
2872,[16.]
2873,[17.]
2874,[16.]
2875,[13.]
2876,[10.]
2877,[14.]
2878,[13.]
2879,[20.]
2880,[15.]
2881,[9.]
2882,[11.]
2883,[15.]
2884,[12.]
2885,[21.]
2886,[16.]
2887,[17.]
2888,[19.]
2889,[8.]
2890,[10.]
2891,[17.]
2892,[20.]
2893,[11.]
2894,[17.]
2895,[17.]
2896,[8.]
2897,[16.]
2898,[12.]
2899,[15.]
2900,[10.]
2901,[12.]
2902,[8.]
2903,[6.]
2904,[15.]
2905,[16.]
2906,[14.]
2907,[15.]
2908,[13.]
2909,[10.]
2910,[13.]
2911,[16.]
2912,[17.]
2913,[15.]
2914,[16.]
2915,[10.]
2916,[17.]
2917,[19.]
2918,[8.]
2919,[10.]
2920,[12.]
2921,[13.]
2922,[18.]
2923,[20.]
2924,[8.]
2925,[17.]
2926,[13.]
2927,[14.]
2928,[10.]
2929,[18.]
2930,[17.]
2931,[21.]
2932,[11.]
2933,[16.]
2934,[15.]
2935,[17.]
2936,[18.]
2937,[17.]
2938,[13.]
2939,[14.]
2940,[14.]
2941,[19.]
2942,[18.]
2943,[19.]
2944,[18.]
2945,[11.]
2946,[8.]
2947,[15.]
2948,[8.]
2949,[17.]
2950,[5.]
2951,[20.]
2952,[14.]
2953,[15.]
2954,[18.]
2955,[8.]
2956,[16.]
2957,[13.]
2958,[11.]
2959,[19.]
2960,[11.]
2961,[16.]
2962,[15.]
2963,[16.]
2964,[8.]
2965,[11.]
2966,[12.]
2967,[12.]
2968,[19.]
2969,[18.]
2970,[12.]
2971,[10.]
2972,[15.]
2973,[14.]
2974,[15.]
2975,[11.]
2976,[11.]
2977,[13.]
2978,[16.]
2979,[18.]
2980,[18.]
2981,[6.]
2982,[19.]
2983,[9.]
2984,[8.]
2985,[19.]
2986,[12.]
2987,[14.]
2988,[16.]
2989,[5.]
2990,[12.]
2991,[16.]
2992,[9.]
2993,[14.]
2994,[14.]
2995,[12.]
2996,[21.]
2997,[11.]
2998,[16.]
2999,[15.]
3000,[12.]
3001,[15.]
3002,[12.]
3003,[12.]
3004,[19.]
3005,[14.]
3006,[15.]
3007,[12.]
3008,[13.]
3009,[12.]
3010,[19.]
3011,[20.]
3012,[11.]
3013,[18.]
3014,[6.]
3015,[10.]
3016,[15.]
3017,[5.]
3018,[12.]
3019,[15.]
3020,[11.]
3021,[10.]
3022,[12.]
3023,[11.]
3024,[9.]
3025,[11.]
3026,[12.]
3027,[16.]
3028,[12.]
3029,[12.]
3030,[14.]
3031,[20.]
3032,[6.]
3033,[7.]
3034,[7.]
3035,[18.]
3036,[11.]
3037,[10.]
3038,[15.]
3039,[17.]
3040,[20.]
3041,[10.]
3042,[9.]
3043,[14.]
3044,[17.]
3045,[14.]
3046,[16.]
3047,[13.]
3048,[10.]
3049,[14.]
3050,[17.]
3051,[11.]
3052,[17.]
3053,[17.]
3054,[16.]
3055,[19.]
3056,[18.]
3057,[16.]
3058,[10.]
3059,[14.]
3060,[22.]
3061,[13.]
3062,[14.]
3063,[14.]
3064,[17.]
3065,[14.]
3066,[14.]
3067,[10.]
3068,[14.]
3069,[16.]
3070,[13.]
3071,[13.]
3072,[10.]
3073,[14.]
3074,[10.]
3075,[12.]
3076,[9.]
3077,[12.]
3078,[10.]
3079,[14.]
3080,[18.]
3081,[9.]
3082,[12.]
3083,[15.]
3084,[5.]
3085,[16.]
3086,[11.]
3087,[16.]
3088,[6.]
3089,[13.]
3090,[15.]
3091,[18.]
3092,[8.]
3093,[9.]
3094,[18.]
3095,[20.]
3096,[15.]
3097,[19.]
3098,[15.]
3099,[15.]
3100,[7.]
3101,[19.]
3102,[15.]
3103,[16.]
3104,[13.]
3105,[8.]
3106,[11.]
3107,[11.]
3108,[18.]
3109,[14.]
3110,[8.]
3111,[9.]
3112,[15.]
3113,[19.]
3114,[19.]
3115,[10.]
3116,[11.]
3117,[7.]
3118,[18.]
3119,[9.]
3120,[6.]
3121,[14.]
3122,[8.]
3123,[8.]
3124,[13.]
3125,[16.]
3126,[21.]
3127,[19.]
3128,[10.]
3129,[16.]
3130,[22.]
3131,[17.]
3132,[17.]
3133,[13.]
3134,[18.]
3135,[11.]
3136,[8.]
3137,[17.]
3138,[17.]
3139,[9.]
3140,[15.]
3141,[12.]
3142,[14.]
3143,[12.]
3144,[11.]
3145,[19.]
3146,[11.]
3147,[12.]
3148,[15.]
3149,[17.]
3150,[14.]
3151,[14.]
3152,[10.]
3153,[16.]
3154,[12.]
3155,[14.]
3156,[11.]
3157,[11.]
3158,[16.]
3159,[20.]
3160,[17.]
3161,[16.]
3162,[17.]
3163,[12.]
3164,[8.]
3165,[14.]
3166,[16.]
3167,[18.]
3168,[6.]
3169,[13.]
3170,[14.]
3171,[18.]
3172,[12.]
3173,[12.]
3174,[18.]
3175,[12.]
3176,[11.]
3177,[13.]
3178,[16.]
3179,[16.]
3180,[10.]
3181,[13.]
3182,[18.]
3183,[16.]
3184,[12.]
3185,[16.]
3186,[11.]
3187,[20.]
3188,[14.]
3189,[12.]
3190,[10.]
3191,[15.]
3192,[7.]
3193,[7.]
3194,[12.]
3195,[14.]
3196,[12.]
3197,[14.]
3198,[7.]
3199,[16.]
3200,[8.]
3201,[16.]
3202,[17.]
3203,[12.]
3204,[13.]
3205,[19.]
3206,[13.]
3207,[17.]
3208,[11.]
3209,[10.]
3210,[21.]
3211,[15.]
3212,[15.]
3213,[21.]
3214,[17.]
3215,[10.]
3216,[10.]
3217,[16.]
3218,[18.]
3219,[16.]
3220,[15.]
3221,[18.]
3222,[10.]
3223,[14.]
3224,[17.]
3225,[13.]
3226,[15.]
3227,[15.]
3228,[9.]
3229,[19.]
3230,[16.]
3231,[12.]
3232,[14.]
3233,[8.]
3234,[17.]
3235,[19.]
3236,[14.]
3237,[9.]
3238,[13.]
3239,[15.]
3240,[9.]
3241,[10.]
3242,[20.]
3243,[18.]
3244,[8.]
3245,[14.]
3246,[8.]
3247,[11.]
3248,[17.]
3249,[10.]
3250,[8.]
3251,[13.]
3252,[17.]
3253,[12.]
3254,[12.]
3255,[15.]
3256,[10.]
3257,[10.]
3258,[15.]
3259,[12.]
3260,[8.]
3261,[17.]
3262,[16.]
3263,[7.]
3264,[14.]
3265,[15.]
3266,[14.]
3267,[12.]
3268,[10.]
3269,[18.]
3270,[17.]
3271,[13.]
3272,[15.]
3273,[18.]
3274,[17.]
3275,[10.]
3276,[18.]
3277,[12.]
3278,[7.]
3279,[13.]
3280,[8.]
3281,[13.]
3282,[14.]
3283,[15.]
3284,[15.]
3285,[11.]
3286,[17.]
3287,[6.]
3288,[17.]
3289,[15.]
3290,[19.]
3291,[14.]
3292,[12.]
3293,[17.]
3294,[13.]
3295,[16.]
3296,[19.]
3297,[15.]
3298,[9.]
3299,[5.]
3300,[18.]
3301,[16.]
3302,[14.]
3303,[8.]
3304,[17.]
3305,[12.]
3306,[17.]
3307,[13.]
3308,[7.]
3309,[18.]
3310,[13.]
3311,[22.]
3312,[19.]
3313,[15.]
3314,[18.]
3315,[16.]
3316,[8.]
3317,[17.]
3318,[13.]
3319,[17.]
3320,[16.]
3321,[16.]
3322,[15.]
3323,[14.]
3324,[15.]
3325,[10.]
3326,[10.]
3327,[16.]
3328,[20.]
3329,[12.]
3330,[11.]
3331,[13.]
3332,[13.]
3333,[17.]
3334,[15.]
3335,[10.]
3336,[12.]
3337,[13.]
3338,[16.]
3339,[13.]
3340,[12.]
3341,[12.]
3342,[15.]
3343,[16.]
3344,[12.]
3345,[14.]
3346,[8.]
3347,[10.]
3348,[16.]
3349,[13.]
3350,[15.]
3351,[4.]
3352,[16.]
3353,[14.]
3354,[19.]
3355,[17.]
3356,[9.]
3357,[20.]
3358,[11.]
3359,[11.]
3360,[18.]
3361,[14.]
3362,[11.]
3363,[14.]
3364,[18.]
3365,[15.]
3366,[18.]
3367,[13.]
3368,[11.]
3369,[18.]
3370,[18.]
3371,[13.]
3372,[17.]
3373,[22.]
3374,[14.]
3375,[15.]
3376,[14.]
3377,[21.]
3378,[12.]
3379,[13.]
3380,[11.]
3381,[15.]
3382,[21.]
3383,[19.]
3384,[14.]
3385,[9.]
3386,[17.]
3387,[12.]
3388,[16.]
3389,[20.]
3390,[12.]
3391,[13.]
3392,[16.]
3393,[13.]
3394,[14.]
3395,[19.]
3396,[18.]
3397,[9.]
3398,[18.]
3399,[15.]
3400,[14.]
3401,[20.]
3402,[12.]
3403,[17.]
3404,[18.]
3405,[19.]
3406,[11.]
3407,[12.]
3408,[20.]
3409,[10.]
3410,[14.]
3411,[11.]
3412,[16.]
3413,[8.]
3414,[11.]
3415,[11.]
3416,[5.]
3417,[12.]
3418,[12.]
3419,[15.]
3420,[15.]
3421,[10.]
3422,[17.]
3423,[15.]
3424,[19.]
3425,[8.]
3426,[17.]
3427,[12.]
3428,[8.]
3429,[14.]
3430,[10.]
3431,[10.]
3432,[12.]
3433,[14.]
3434,[13.]
3435,[18.]
3436,[13.]
3437,[12.]
3438,[14.]
3439,[17.]
3440,[9.]
3441,[7.]
3442,[14.]
3443,[12.]
3444,[12.]
3445,[9.]
3446,[14.]
3447,[11.]
3448,[15.]
3449,[12.]
3450,[18.]
3451,[10.]
3452,[9.]
3453,[13.]
3454,[18.]
3455,[12.]
3456,[15.]
3457,[16.]
3458,[9.]
3459,[7.]
3460,[14.]
3461,[9.]
3462,[12.]
3463,[12.]
3464,[17.]
3465,[15.]
3466,[16.]
3467,[16.]
3468,[10.]
3469,[13.]
3470,[13.]
3471,[18.]
3472,[18.]
3473,[20.]
3474,[13.]
3475,[11.]
3476,[13.]
3477,[18.]
3478,[12.]
3479,[11.]
3480,[13.]
3481,[13.]
3482,[14.]
3483,[13.]
3484,[7.]
3485,[10.]
3486,[10.]
3487,[12.]
3488,[17.]
3489,[19.]
3490,[18.]
3491,[17.]
3492,[16.]
3493,[14.]
3494,[10.]
3495,[12.]
3496,[15.]
3497,[13.]
3498,[12.]
3499,[13.]
3500,[18.]
3501,[14.]
3502,[16.]
3503,[14.]
3504,[9.]
3505,[9.]
3506,[14.]
3507,[17.]
3508,[8.]
3509,[13.]
3510,[15.]
3511,[17.]
3512,[11.]
3513,[19.]
3514,[11.]
3515,[17.]
3516,[10.]
3517,[15.]
3518,[12.]
3519,[7.]
3520,[16.]
3521,[15.]
3522,[15.]
3523,[15.]
3524,[20.]
3525,[12.]
3526,[18.]
3527,[16.]
3528,[10.]
3529,[8.]
3530,[11.]
3531,[16.]
3532,[14.]
3533,[12.]
3534,[10.]
3535,[9.]
3536,[19.]
3537,[15.]
3538,[19.]
3539,[14.]
3540,[9.]
3541,[17.]
3542,[7.]
3543,[13.]
3544,[8.]
3545,[15.]
3546,[13.]
3547,[16.]
3548,[13.]
3549,[19.]
3550,[8.]
3551,[16.]
3552,[13.]
3553,[16.]
3554,[19.]
3555,[17.]
3556,[8.]
3557,[15.]
3558,[15.]
3559,[16.]
3560,[13.]
3561,[17.]
3562,[10.]
3563,[8.]
3564,[11.]
3565,[13.]
3566,[16.]
3567,[14.]
3568,[14.]
3569,[18.]
3570,[13.]
3571,[16.]
3572,[9.]
3573,[16.]
3574,[14.]
3575,[13.]
3576,[17.]
3577,[11.]
3578,[14.]
3579,[7.]
3580,[19.]
3581,[16.]
3582,[10.]
3583,[14.]
3584,[17.]
3585,[12.]
3586,[13.]
3587,[10.]
3588,[11.]
3589,[11.]
3590,[8.]
3591,[16.]
3592,[17.]
3593,[17.]
3594,[16.]
3595,[17.]
3596,[12.]
3597,[18.]
3598,[13.]
3599,[15.]
3600,[9.]
3601,[9.]
3602,[15.]
3603,[12.]
3604,[16.]
3605,[13.]
3606,[7.]
3607,[13.]
3608,[13.]
3609,[12.]
3610,[11.]
3611,[17.]
3612,[16.]
3613,[10.]
3614,[12.]
3615,[14.]
3616,[20.]
3617,[8.]
3618,[16.]
3619,[17.]
3620,[5.]
3621,[14.]
3622,[12.]
3623,[11.]
3624,[13.]
3625,[13.]
3626,[17.]
3627,[12.]
3628,[18.]
3629,[10.]
3630,[11.]
3631,[14.]
3632,[13.]
3633,[17.]
3634,[16.]
3635,[17.]
3636,[14.]
3637,[9.]
3638,[15.]
3639,[9.]
3640,[20.]
3641,[15.]
3642,[7.]
3643,[6.]
3644,[18.]
3645,[18.]
3646,[12.]
3647,[16.]
3648,[12.]
3649,[16.]
3650,[16.]
3651,[14.]
3652,[10.]
3653,[13.]
3654,[18.]
3655,[16.]
3656,[15.]
3657,[11.]
3658,[9.]
3659,[8.]
3660,[13.]
3661,[8.]
3662,[12.]
3663,[14.]
3664,[18.]
3665,[7.]
3666,[10.]
3667,[16.]
3668,[10.]
3669,[20.]
3670,[11.]
3671,[14.]
3672,[10.]
3673,[21.]
3674,[10.]
3675,[11.]
3676,[16.]
3677,[21.]
3678,[20.]
3679,[18.]
3680,[12.]
3681,[20.]
3682,[14.]
3683,[16.]
3684,[14.]
3685,[17.]
3686,[18.]
3687,[19.]
3688,[12.]
3689,[10.]
3690,[18.]
3691,[14.]
3692,[16.]
3693,[8.]
3694,[12.]
3695,[11.]
3696,[13.]
3697,[14.]
3698,[10.]
3699,[15.]
3700,[14.]
3701,[13.]
3702,[18.]
3703,[13.]
3704,[9.]
3705,[9.]
3706,[17.]
3707,[19.]
3708,[12.]
3709,[9.]
3710,[11.]
3711,[18.]
3712,[10.]
3713,[17.]
3714,[9.]
3715,[17.]
3716,[13.]
3717,[12.]
3718,[14.]
3719,[9.]
3720,[10.]
3721,[8.]
3722,[19.]
3723,[14.]
3724,[14.]
3725,[17.]
3726,[18.]
3727,[14.]
3728,[8.]
3729,[16.]
3730,[17.]
3731,[10.]
3732,[10.]
3733,[16.]
3734,[20.]
3735,[11.]
3736,[11.]
3737,[17.]
3738,[15.]
3739,[14.]
3740,[8.]
3741,[17.]
3742,[14.]
3743,[13.]
3744,[16.]
3745,[18.]
3746,[17.]
3747,[12.]
3748,[20.]
3749,[11.]
3750,[14.]
3751,[15.]
3752,[9.]
3753,[15.]
3754,[16.]
3755,[15.]
3756,[14.]
3757,[17.]
3758,[13.]
3759,[17.]
3760,[14.]
3761,[9.]
3762,[22.]
3763,[7.]
3764,[18.]
3765,[15.]
3766,[13.]
3767,[16.]
3768,[14.]
3769,[13.]
3770,[17.]
3771,[17.]
3772,[6.]
3773,[17.]
3774,[5.]
3775,[10.]
3776,[14.]
3777,[9.]
3778,[12.]
3779,[11.]
3780,[16.]
3781,[7.]
3782,[9.]
3783,[7.]
3784,[17.]
3785,[14.]
3786,[11.]
3787,[17.]
3788,[17.]
3789,[7.]
3790,[7.]
3791,[13.]
3792,[17.]
3793,[9.]
3794,[17.]
3795,[13.]
3796,[7.]
3797,[14.]
3798,[8.]
3799,[16.]
3800,[15.]
3801,[18.]
3802,[13.]
3803,[12.]
3804,[12.]
3805,[13.]
3806,[12.]
3807,[12.]
3808,[10.]
3809,[13.]
3810,[7.]
3811,[17.]
3812,[4.]
3813,[18.]
3814,[9.]
3815,[14.]
3816,[16.]
3817,[16.]
3818,[13.]
3819,[12.]
3820,[7.]
3821,[16.]
3822,[11.]
3823,[9.]
3824,[10.]
3825,[8.]
3826,[12.]
3827,[7.]
3828,[18.]
3829,[19.]
3830,[18.]
3831,[8.]
3832,[12.]
3833,[17.]
3834,[17.]
3835,[18.]
3836,[18.]
3837,[15.]
3838,[21.]
3839,[21.]
3840,[14.]
3841,[14.]
3842,[22.]
3843,[17.]
3844,[14.]
3845,[11.]
3846,[18.]
3847,[12.]
3848,[15.]
3849,[10.]
3850,[18.]
3851,[19.]
3852,[20.]
3853,[14.]
3854,[15.]
3855,[20.]
3856,[14.]
3857,[19.]
3858,[6.]
3859,[15.]
3860,[8.]
3861,[11.]
3862,[12.]
3863,[10.]
3864,[17.]
3865,[12.]
3866,[19.]
3867,[15.]
3868,[7.]
3869,[12.]
3870,[16.]
3871,[14.]
3872,[21.]
3873,[9.]
3874,[10.]
3875,[14.]
3876,[11.]
3877,[12.]
3878,[9.]
3879,[17.]
3880,[13.]
3881,[11.]
3882,[13.]
3883,[9.]
3884,[12.]
3885,[17.]
3886,[13.]
3887,[17.]
3888,[17.]
3889,[10.]
3890,[17.]
3891,[14.]
3892,[20.]
3893,[13.]
3894,[12.]
3895,[17.]
3896,[15.]
3897,[12.]
3898,[14.]
3899,[17.]
3900,[17.]
3901,[13.]
3902,[14.]
3903,[20.]
3904,[14.]
3905,[12.]
3906,[13.]
3907,[17.]
3908,[14.]
3909,[5.]
3910,[8.]
3911,[11.]
3912,[12.]
3913,[13.]
3914,[13.]
3915,[12.]
3916,[11.]
3917,[17.]
3918,[11.]
3919,[14.]
3920,[12.]
3921,[11.]
3922,[16.]
3923,[19.]
3924,[20.]
3925,[14.]
3926,[13.]
3927,[16.]
3928,[18.]
3929,[9.]
3930,[9.]
3931,[17.]
3932,[11.]
3933,[15.]
3934,[14.]
3935,[21.]
3936,[16.]
3937,[17.]
3938,[16.]
3939,[21.]
3940,[19.]
3941,[15.]
3942,[12.]
3943,[18.]
3944,[19.]
3945,[17.]
3946,[11.]
3947,[13.]
3948,[13.]
3949,[11.]
3950,[11.]
3951,[13.]
3952,[10.]
3953,[16.]
3954,[7.]
3955,[11.]
3956,[20.]
3957,[9.]
3958,[22.]
3959,[11.]
3960,[15.]
3961,[15.]
3962,[9.]
3963,[17.]
3964,[12.]
3965,[10.]
3966,[11.]
3967,[16.]
3968,[20.]
3969,[16.]
3970,[12.]
3971,[6.]
3972,[18.]
3973,[12.]
3974,[19.]
3975,[19.]
3976,[10.]
3977,[6.]
3978,[15.]
3979,[13.]
3980,[18.]
3981,[17.]
3982,[14.]
3983,[13.]
3984,[13.]
3985,[15.]
3986,[6.]
3987,[18.]
3988,[9.]
3989,[9.]
3990,[11.]
3991,[10.]
3992,[9.]
3993,[10.]
3994,[14.]
3995,[8.]
3996,[15.]
3997,[7.]
3998,[6.]
3999,[16.]
4000,[11.]
4001,[11.]
4002,[15.]
4003,[14.]
4004,[19.]
4005,[6.]
4006,[13.]
4007,[17.]
4008,[10.]
4009,[15.]
4010,[15.]
4011,[16.]
4012,[16.]
4013,[12.]
4014,[18.]
4015,[12.]
4016,[18.]
4017,[16.]
4018,[12.]
4019,[14.]
4020,[10.]
4021,[7.]
4022,[13.]
4023,[19.]
4024,[21.]
4025,[15.]
4026,[17.]
4027,[21.]
4028,[19.]
4029,[19.]
4030,[11.]
4031,[18.]
4032,[15.]
4033,[18.]
4034,[20.]
4035,[12.]
4036,[11.]
4037,[9.]
4038,[15.]
4039,[15.]
4040,[16.]
4041,[9.]
4042,[12.]
4043,[13.]
4044,[17.]
4045,[14.]
4046,[19.]
4047,[15.]
4048,[10.]
4049,[12.]
4050,[16.]
4051,[17.]
4052,[8.]
4053,[18.]
4054,[16.]
4055,[16.]
4056,[15.]
4057,[20.]
4058,[18.]
4059,[11.]
4060,[7.]
4061,[7.]
4062,[17.]
4063,[17.]
4064,[15.]
4065,[15.]
4066,[10.]
4067,[5.]
4068,[11.]
4069,[12.]
4070,[16.]
4071,[16.]
4072,[18.]
4073,[14.]
4074,[10.]
4075,[15.]
4076,[7.]
4077,[13.]
4078,[9.]
4079,[15.]
4080,[19.]
4081,[12.]
4082,[19.]
4083,[13.]
4084,[8.]
4085,[12.]
4086,[12.]
4087,[12.]
4088,[19.]
4089,[16.]
4090,[12.]
4091,[12.]
4092,[20.]
4093,[15.]
4094,[12.]
4095,[18.]
4096,[19.]
4097,[20.]
4098,[18.]
4099,[16.]
4100,[19.]
4101,[15.]
4102,[10.]
4103,[14.]
4104,[17.]
4105,[10.]
4106,[15.]
4107,[17.]
4108,[14.]
4109,[14.]
4110,[12.]
4111,[12.]
4112,[10.]
4113,[17.]
4114,[12.]
4115,[13.]
4116,[12.]
4117,[12.]
4118,[19.]
4119,[10.]
4120,[12.]
4121,[15.]
4122,[14.]
4123,[16.]
4124,[14.]
4125,[18.]
4126,[14.]
4127,[15.]
4128,[15.]
4129,[16.]
4130,[13.]
4131,[10.]
4132,[10.]
4133,[13.]
4134,[15.]
4135,[12.]
4136,[14.]
4137,[16.]
4138,[9.]
4139,[7.]
4140,[17.]
4141,[10.]
4142,[13.]
4143,[19.]
4144,[7.]
4145,[14.]
4146,[7.]
4147,[14.]
4148,[12.]
4149,[9.]
4150,[16.]
4151,[16.]
4152,[17.]
4153,[18.]
4154,[8.]
4155,[10.]
4156,[13.]
4157,[11.]
4158,[15.]
4159,[15.]
4160,[10.]
4161,[13.]
4162,[11.]
4163,[16.]
4164,[8.]
4165,[16.]
4166,[13.]
4167,[7.]
4168,[12.]
4169,[17.]
4170,[19.]
4171,[16.]
4172,[18.]
4173,[16.]
4174,[10.]
4175,[16.]
4176,[11.]
4177,[14.]
4178,[11.]
4179,[14.]
4180,[13.]
4181,[14.]
4182,[16.]
4183,[12.]
4184,[14.]
4185,[18.]
4186,[16.]
4187,[11.]
4188,[11.]
4189,[16.]
4190,[10.]
4191,[6.]
4192,[14.]
4193,[15.]
4194,[7.]
4195,[11.]
4196,[13.]
4197,[15.]
4198,[8.]
4199,[11.]
4200,[12.]
4201,[16.]
4202,[13.]
4203,[14.]
4204,[8.]
4205,[19.]
4206,[17.]
4207,[18.]
4208,[21.]
4209,[13.]
4210,[8.]
4211,[17.]
4212,[6.]
4213,[22.]
4214,[14.]
4215,[13.]
4216,[12.]
4217,[13.]
4218,[15.]
4219,[12.]
4220,[11.]
4221,[16.]
4222,[9.]
4223,[13.]
4224,[9.]
4225,[18.]
4226,[18.]
4227,[22.]
4228,[14.]
4229,[11.]
4230,[17.]
4231,[20.]
4232,[16.]
4233,[10.]
4234,[9.]
4235,[7.]
4236,[11.]
4237,[15.]
4238,[11.]
4239,[14.]
4240,[17.]
4241,[16.]
4242,[19.]
4243,[8.]
4244,[18.]
4245,[8.]
4246,[15.]
4247,[8.]
4248,[12.]
4249,[16.]
4250,[18.]
4251,[20.]
4252,[16.]
4253,[17.]
4254,[13.]
4255,[15.]
4256,[12.]
4257,[7.]
4258,[7.]
4259,[14.]
4260,[15.]
4261,[14.]
4262,[18.]
4263,[9.]
4264,[19.]
4265,[16.]
4266,[15.]
4267,[17.]
4268,[11.]
4269,[11.]
4270,[17.]
4271,[12.]
4272,[16.]
4273,[16.]
4274,[8.]
4275,[8.]
4276,[14.]
4277,[6.]
4278,[14.]
4279,[17.]
4280,[8.]
4281,[12.]
4282,[16.]
4283,[16.]
4284,[15.]
4285,[20.]
4286,[16.]
4287,[18.]
4288,[17.]
4289,[12.]
4290,[17.]
4291,[11.]
4292,[17.]
4293,[16.]
4294,[16.]
4295,[17.]
4296,[11.]
4297,[17.]
4298,[10.]
4299,[13.]
4300,[8.]
4301,[15.]
4302,[10.]
4303,[15.]
4304,[12.]
4305,[14.]
4306,[14.]
4307,[14.]
4308,[14.]
4309,[16.]
4310,[9.]
4311,[15.]
4312,[13.]
4313,[15.]
4314,[19.]
4315,[12.]
4316,[17.]
4317,[14.]
4318,[8.]
4319,[16.]
4320,[14.]
4321,[16.]
4322,[16.]
4323,[9.]
4324,[17.]
4325,[7.]
4326,[18.]
4327,[8.]
4328,[11.]
4329,[7.]
4330,[15.]
4331,[15.]
4332,[10.]
4333,[17.]
4334,[17.]
4335,[14.]
4336,[11.]
4337,[18.]
4338,[8.]
4339,[11.]
4340,[13.]
4341,[14.]
4342,[13.]
4343,[20.]
4344,[7.]
4345,[7.]
4346,[13.]
4347,[15.]
4348,[10.]
4349,[14.]
4350,[17.]
4351,[14.]
4352,[14.]
4353,[14.]
4354,[10.]
4355,[9.]
4356,[14.]
4357,[13.]
4358,[7.]
4359,[8.]
4360,[15.]
4361,[13.]
4362,[20.]
4363,[14.]
4364,[6.]
4365,[14.]
4366,[10.]
4367,[16.]
4368,[18.]
4369,[16.]
4370,[12.]
4371,[14.]
4372,[12.]
4373,[12.]
4374,[17.]
4375,[10.]
4376,[18.]
4377,[8.]
4378,[16.]
4379,[17.]
4380,[10.]
4381,[9.]
4382,[16.]
4383,[10.]
4384,[15.]
4385,[14.]
4386,[6.]
4387,[11.]
4388,[20.]
4389,[6.]
4390,[16.]
4391,[18.]
4392,[17.]
4393,[14.]
4394,[14.]
4395,[11.]
4396,[13.]
4397,[10.]
4398,[10.]
4399,[10.]
4400,[8.]
4401,[13.]
4402,[14.]
4403,[9.]
4404,[12.]
4405,[10.]
4406,[19.]
4407,[10.]
4408,[14.]
4409,[15.]
4410,[13.]
4411,[16.]
4412,[15.]
4413,[16.]
4414,[10.]
4415,[17.]
4416,[10.]
4417,[16.]
4418,[19.]
4419,[17.]
4420,[8.]
4421,[12.]
4422,[9.]
4423,[17.]
4424,[19.]
4425,[16.]
4426,[17.]
4427,[11.]
4428,[7.]
4429,[13.]
4430,[14.]
4431,[15.]
4432,[10.]
4433,[13.]
4434,[17.]
4435,[17.]
4436,[7.]
4437,[11.]
4438,[11.]
4439,[9.]
4440,[13.]
4441,[17.]
4442,[11.]
4443,[15.]
4444,[14.]
4445,[13.]
4446,[14.]
4447,[9.]
4448,[19.]
4449,[19.]
4450,[11.]
4451,[17.]
4452,[13.]
4453,[9.]
4454,[19.]
4455,[18.]
4456,[18.]
4457,[17.]
4458,[17.]
4459,[10.]
4460,[11.]
4461,[17.]
4462,[13.]
4463,[9.]
4464,[15.]
4465,[17.]
4466,[12.]
4467,[13.]
4468,[19.]
4469,[14.]
4470,[17.]
4471,[19.]
4472,[10.]
4473,[7.]
4474,[10.]
4475,[19.]
4476,[13.]
4477,[11.]
4478,[12.]
4479,[11.]
4480,[14.]
4481,[17.]
4482,[10.]
4483,[13.]
4484,[12.]
4485,[13.]
4486,[19.]
4487,[15.]
4488,[16.]
4489,[12.]
4490,[12.]
4491,[9.]
4492,[14.]
4493,[12.]
4494,[15.]
4495,[18.]
4496,[16.]
4497,[18.]
4498,[16.]
4499,[18.]
4500,[12.]
4501,[11.]
4502,[14.]
4503,[11.]
4504,[8.]
4505,[11.]
4506,[15.]
4507,[9.]
4508,[11.]
4509,[19.]
4510,[8.]
4511,[21.]
4512,[11.]
4513,[16.]
4514,[8.]
4515,[19.]
4516,[14.]
4517,[15.]
4518,[12.]
4519,[12.]
4520,[10.]
4521,[4.]
4522,[14.]
4523,[7.]
4524,[19.]
4525,[14.]
4526,[12.]
4527,[15.]
4528,[13.]
4529,[18.]
4530,[20.]
4531,[19.]
4532,[16.]
4533,[14.]
4534,[17.]
4535,[16.]
4536,[18.]
4537,[16.]
4538,[14.]
4539,[7.]
4540,[17.]
4541,[10.]
4542,[17.]
4543,[9.]
4544,[18.]
4545,[12.]
4546,[16.]
4547,[7.]
4548,[18.]
4549,[11.]
4550,[12.]
4551,[15.]
4552,[15.]
4553,[12.]
4554,[19.]
4555,[9.]
4556,[18.]
4557,[13.]
4558,[17.]
4559,[14.]
4560,[13.]
4561,[13.]
4562,[15.]
4563,[20.]
4564,[20.]
4565,[11.]
4566,[13.]
4567,[9.]
4568,[20.]
4569,[17.]
4570,[18.]
4571,[11.]
4572,[11.]
4573,[16.]
4574,[15.]
4575,[16.]
4576,[10.]
4577,[18.]
4578,[14.]
4579,[19.]
4580,[14.]
4581,[7.]
4582,[10.]
4583,[9.]
4584,[11.]
4585,[14.]
4586,[16.]
4587,[17.]
4588,[18.]
4589,[17.]
4590,[9.]
4591,[14.]
4592,[11.]
4593,[17.]
4594,[9.]
4595,[13.]
4596,[15.]
4597,[17.]
4598,[10.]
4599,[14.]
4600,[14.]
4601,[15.]
4602,[8.]
4603,[19.]
4604,[17.]
4605,[14.]
4606,[12.]
4607,[7.]
4608,[16.]
4609,[9.]
4610,[11.]
4611,[15.]
4612,[10.]
4613,[11.]
4614,[7.]
4615,[12.]
4616,[13.]
4617,[17.]
4618,[9.]
4619,[18.]
4620,[15.]
4621,[19.]
4622,[13.]
4623,[15.]
4624,[8.]
4625,[13.]
4626,[16.]
4627,[13.]
4628,[16.]
4629,[16.]
4630,[18.]
4631,[11.]
4632,[16.]
4633,[19.]
4634,[14.]
4635,[8.]
4636,[9.]
4637,[11.]
4638,[13.]
4639,[13.]
4640,[17.]
4641,[13.]
4642,[17.]
4643,[15.]
4644,[20.]
4645,[14.]
4646,[19.]
4647,[10.]
4648,[13.]
4649,[9.]
4650,[12.]
4651,[9.]
4652,[14.]
4653,[20.]
4654,[17.]
4655,[11.]
4656,[20.]
4657,[15.]
4658,[16.]
4659,[11.]
4660,[16.]
4661,[10.]
4662,[16.]
4663,[13.]
4664,[7.]
4665,[15.]
4666,[13.]
4667,[8.]
4668,[12.]
4669,[11.]
4670,[18.]
4671,[12.]
4672,[13.]
4673,[8.]
4674,[19.]
4675,[15.]
4676,[12.]
4677,[11.]
4678,[10.]
4679,[12.]
4680,[6.]
4681,[9.]
4682,[15.]
4683,[16.]
4684,[6.]
4685,[11.]
4686,[18.]
4687,[11.]
4688,[18.]
4689,[8.]
4690,[13.]
4691,[15.]
4692,[10.]
4693,[16.]
4694,[16.]
4695,[19.]
4696,[8.]
4697,[15.]
4698,[15.]
4699,[4.]
4700,[11.]
4701,[13.]
4702,[19.]
4703,[20.]
4704,[10.]
4705,[15.]
4706,[8.]
4707,[8.]
4708,[13.]
4709,[10.]
4710,[13.]
4711,[15.]
4712,[11.]
4713,[12.]
4714,[10.]
4715,[14.]
4716,[6.]
4717,[15.]
4718,[9.]
4719,[13.]
4720,[10.]
4721,[13.]
4722,[15.]
4723,[8.]
4724,[9.]
4725,[18.]
4726,[12.]
4727,[17.]
4728,[15.]
4729,[18.]
4730,[20.]
4731,[15.]
4732,[13.]
4733,[7.]
4734,[13.]
4735,[19.]
4736,[7.]
4737,[19.]
4738,[18.]
4739,[13.]
4740,[9.]
4741,[16.]
4742,[12.]
4743,[13.]
4744,[8.]
4745,[17.]
4746,[17.]
4747,[14.]
4748,[17.]
4749,[11.]
4750,[17.]
4751,[18.]
4752,[14.]
4753,[16.]
4754,[18.]
4755,[10.]
4756,[9.]
4757,[16.]
4758,[9.]
4759,[10.]
4760,[16.]
4761,[14.]
4762,[18.]
4763,[17.]
4764,[11.]
4765,[14.]
4766,[18.]
4767,[9.]
4768,[12.]
4769,[13.]
4770,[16.]
4771,[13.]
4772,[17.]
4773,[12.]
4774,[11.]
4775,[14.]
4776,[12.]
4777,[12.]
4778,[13.]
4779,[16.]
4780,[20.]
4781,[11.]
4782,[14.]
4783,[10.]
4784,[10.]
4785,[17.]
4786,[12.]
4787,[13.]
4788,[9.]
4789,[15.]
4790,[19.]
4791,[19.]
4792,[14.]
4793,[16.]
4794,[13.]
4795,[17.]
4796,[13.]
4797,[19.]
4798,[15.]
4799,[15.]
4800,[18.]
4801,[13.]
4802,[14.]
4803,[20.]
4804,[17.]
4805,[18.]
4806,[11.]
4807,[9.]
4808,[8.]
4809,[14.]
4810,[9.]
4811,[12.]
4812,[10.]
4813,[8.]
4814,[17.]
4815,[15.]
4816,[17.]
4817,[20.]
4818,[12.]
4819,[15.]
4820,[16.]
4821,[15.]
4822,[11.]
4823,[14.]
4824,[17.]
4825,[16.]
4826,[17.]
4827,[9.]
4828,[14.]
4829,[12.]
4830,[16.]
4831,[12.]
4832,[14.]
4833,[22.]
4834,[9.]
4835,[17.]
4836,[15.]
4837,[9.]
4838,[12.]
4839,[13.]
4840,[13.]
4841,[9.]
4842,[10.]
4843,[18.]
4844,[7.]
4845,[7.]
4846,[13.]
4847,[16.]
4848,[12.]
4849,[15.]
4850,[18.]
4851,[7.]
4852,[17.]
4853,[14.]
4854,[9.]
4855,[17.]
4856,[17.]
4857,[12.]
4858,[7.]
4859,[14.]
4860,[13.]
4861,[11.]
4862,[15.]
4863,[11.]
4864,[10.]
4865,[16.]
4866,[15.]
4867,[16.]
4868,[13.]
4869,[8.]
4870,[14.]
4871,[6.]
4872,[11.]
4873,[10.]
4874,[9.]
4875,[11.]
4876,[16.]
4877,[16.]
4878,[14.]
4879,[15.]
4880,[15.]
4881,[17.]
4882,[14.]
4883,[14.]
4884,[18.]
4885,[16.]
4886,[14.]
4887,[10.]
4888,[17.]
4889,[18.]
4890,[15.]
4891,[7.]
4892,[11.]
4893,[15.]
4894,[15.]
4895,[16.]
4896,[17.]
4897,[18.]
4898,[13.]
4899,[11.]
4900,[7.]
4901,[16.]
4902,[9.]
4903,[10.]
4904,[15.]
4905,[14.]
4906,[8.]
4907,[20.]
4908,[10.]
4909,[13.]
4910,[15.]
4911,[17.]
4912,[15.]
4913,[8.]
4914,[15.]
4915,[14.]
4916,[6.]
4917,[17.]
4918,[10.]
4919,[21.]
4920,[15.]
4921,[13.]
4922,[11.]
4923,[14.]
4924,[11.]
4925,[16.]
4926,[13.]
4927,[11.]
4928,[13.]
4929,[8.]
4930,[17.]
4931,[11.]
4932,[18.]
4933,[10.]
4934,[16.]
4935,[17.]
4936,[12.]
4937,[15.]
4938,[7.]
4939,[15.]
4940,[11.]
4941,[9.]
4942,[11.]
4943,[15.]
4944,[12.]
4945,[16.]
4946,[9.]
4947,[14.]
4948,[16.]
4949,[13.]
4950,[17.]
4951,[10.]
4952,[12.]
4953,[10.]
4954,[17.]
4955,[14.]
4956,[8.]
4957,[20.]
4958,[19.]
4959,[10.]
4960,[11.]
4961,[19.]
4962,[15.]
4963,[13.]
4964,[22.]
4965,[13.]
4966,[17.]
4967,[13.]
4968,[17.]
4969,[6.]
4970,[16.]
4971,[12.]
4972,[10.]
4973,[16.]
4974,[15.]
4975,[10.]
4976,[10.]
4977,[9.]
4978,[15.]
4979,[18.]
4980,[18.]
4981,[12.]
4982,[14.]
4983,[13.]
4984,[7.]
4985,[18.]
4986,[12.]
4987,[12.]
4988,[16.]
4989,[20.]
4990,[15.]
4991,[10.]
4992,[12.]
4993,[11.]
4994,[8.]
4995,[9.]
4996,[19.]
4997,[9.]
4998,[15.]
4999,[12.]
5000,[12.]
